15 24 0 17 0 18 0 0 7 4 23 9 25 10 8 20 13 19 0 12 0 0 14 6 0 
16 0 0 0 19 13 6 23 5 0 0 22 11 15 20 14 4 17 0 3 2 0 7 18 10 
23 0 0 0 14 0 0 12 0 22 0 0 18 0 21 0 0 15 10 16 17 20 0 0 19 
21 1 2 6 0 16 19 15 14 20 0 0 7 17 3 0 0 25 0 11 13 12 0 8 22 
7 8 18 5 0 0 0 9 10 0 16 13 14 19 12 0 0 0 0 0 4 0 25 0 0 
17 0 0 1 0 5 20 0 0 25 0 0 16 0 2 0 0 0 11 0 14 0 8 0 0 
0 19 9 0 11 17 16 0 12 7 25 0 0 18 4 0 0 14 0 5 0 6 10 24 23 
0 18 0 0 25 0 9 1 11 21 10 5 6 0 13 0 20 0 7 8 0 0 22 3 0 
0 16 0 8 0 3 10 0 0 0 0 17 0 23 9 0 0 22 6 21 1 25 0 0 0 
0 0 0 0 21 0 14 0 8 0 0 0 0 0 0 17 0 0 25 9 16 4 0 0 12 
1 2 0 10 5 4 22 13 0 0 19 25 3 16 0 0 0 20 23 0 8 0 0 0 21 
0 0 0 19 0 24 17 25 20 0 0 0 0 0 0 4 0 0 0 14 0 0 1 10 16 
3 20 21 0 24 6 5 0 0 0 0 0 8 7 15 18 0 0 12 22 0 23 0 0 0 
25 0 0 11 22 12 7 3 2 23 9 0 13 0 17 19 0 0 0 0 20 14 0 15 18 
0 0 0 13 12 21 1 0 15 11 0 0 0 0 23 8 25 9 0 10 3 0 0 0 0 
6 3 0 0 9 8 25 0 18 1 12 23 17 0 22 2 14 5 0 0 24 10 16 19 0 
12 0 0 7 4 11 3 5 17 10 0 19 0 2 16 0 0 0 9 15 0 13 0 0 0 
0 21 24 25 17 22 15 7 23 9 18 14 0 0 0 3 16 0 4 0 5 8 0 0 1 
0 5 0 14 0 0 0 19 13 2 0 0 0 8 1 25 0 0 17 0 7 9 0 12 0 
0 0 0 0 0 14 0 24 0 0 0 0 9 25 0 23 0 1 0 20 15 22 21 0 0 
9 0 0 0 0 10 0 11 1 3 14 7 5 21 0 6 24 8 15 0 12 17 13 22 20 
4 0 0 20 15 19 24 0 16 5 13 12 23 0 0 0 21 0 22 0 18 1 2 0 0 
0 14 23 3 8 9 0 17 0 0 6 0 0 0 0 0 1 7 0 18 10 19 15 0 0 
0 0 0 0 13 0 0 20 0 0 0 0 24 1 25 0 0 0 14 2 23 0 0 0 0 
0 22 12 24 0 0 0 14 21 6 8 0 0 0 0 13 17 10 5 0 25 7 4 0 0 
