7 0 11 17 0 18 0 20 2 0 0 21 25 0 3 6 0 0 0 0 0 22 0 0 24 
0 15 16 3 0 0 17 5 14 10 0 23 19 0 11 24 0 0 13 0 0 0 0 7 12 
5 23 6 18 20 0 16 19 25 0 0 12 0 10 13 17 0 15 8 21 0 14 0 0 0 
0 0 14 24 1 0 7 15 0 0 0 5 8 0 0 0 16 11 0 12 0 20 18 25 13 
0 0 0 19 10 0 11 1 13 12 20 0 0 2 14 7 25 18 0 3 0 0 5 0 0 
0 0 0 0 2 0 12 0 0 0 0 0 0 3 21 0 0 0 17 10 0 5 0 0 22 
0 0 0 22 17 0 0 18 0 0 0 8 0 5 0 0 0 0 0 6 15 19 9 0 25 
0 8 0 25 0 23 13 0 3 5 0 0 1 4 24 22 0 0 15 9 16 21 17 0 0 
0 0 20 0 0 15 0 17 0 0 23 13 0 22 0 0 5 25 0 0 3 7 6 0 2 
0 10 0 15 21 0 1 0 0 0 2 0 9 0 6 20 0 0 0 0 0 0 0 0 14 
0 0 10 2 12 11 21 4 5 16 0 0 0 0 0 1 20 9 6 7 0 24 19 0 18 
13 0 15 0 14 0 0 25 10 18 0 0 0 16 9 0 17 0 0 22 4 8 0 20 0 
1 0 17 23 0 0 3 8 9 14 0 6 0 11 4 25 0 21 0 13 2 0 22 12 15 
20 6 0 0 16 19 0 24 17 1 10 22 0 7 18 23 12 3 14 4 0 0 0 13 0 
0 0 18 11 24 7 0 23 12 13 17 19 21 14 0 0 0 8 0 16 6 1 10 9 0 
0 0 0 1 5 13 6 0 24 23 0 0 20 0 0 21 0 4 0 0 0 0 0 17 0 
10 2 0 20 15 12 14 16 22 25 0 0 0 24 0 19 0 13 11 5 8 6 0 18 0 
6 0 24 9 0 8 18 0 0 0 14 0 11 12 0 15 0 20 0 0 0 0 25 0 0 
0 17 21 0 0 1 0 0 11 20 8 3 0 18 23 0 0 6 25 0 5 10 0 15 0 
8 13 25 7 0 0 0 9 15 3 0 2 0 19 0 18 14 12 10 17 24 23 0 22 1 
0 0 2 21 7 10 0 12 0 22 0 24 4 17 15 0 0 1 16 11 25 0 3 5 8 
17 11 4 0 0 16 0 0 0 0 0 0 22 0 0 2 24 10 0 0 0 0 0 0 6 
19 0 22 0 3 0 0 0 0 15 6 18 0 20 0 4 0 5 12 0 7 0 1 0 23 
0 0 1 0 6 5 0 13 20 4 3 11 0 0 25 9 0 7 0 15 0 17 0 0 19 
15 5 23 16 8 0 0 7 18 2 1 9 12 21 0 0 0 17 20 25 0 11 0 4 10 
