16 12 0 7 1 3 0 0 9 0 0 0 13 6 8 15 
11 0 9 0 12 0 0 0 0 13 14 1 0 0 3 0 
0 0 1 4 0 15 5 13 0 12 0 0 0 11 10 0 
3 0 0 5 0 0 0 0 7 11 0 10 0 0 0 12 
0 0 0 6 0 0 1 0 0 0 0 8 0 3 2 10 
14 0 0 16 0 7 9 0 13 0 0 0 0 5 1 6 
10 0 0 9 3 0 8 0 11 0 1 0 12 0 0 14 
7 1 0 13 0 0 0 6 2 15 12 0 0 0 9 0 
13 16 0 12 5 0 0 2 0 10 4 0 8 14 0 1 
0 3 0 8 10 14 0 15 0 1 0 13 0 16 5 2 
0 15 11 0 0 0 16 7 14 6 0 5 0 0 4 0 
1 0 4 14 0 0 12 8 0 2 16 0 0 15 0 9 
6 0 0 0 0 0 0 0 1 0 2 11 5 9 0 8 
0 0 0 1 0 0 0 5 0 7 13 3 6 2 14 11 
15 9 16 2 0 0 0 0 0 8 0 12 0 7 0 0 
0 7 0 0 6 0 2 3 0 0 9 0 0 0 0 0 
