24 4 0 0 5 25 17 3 23 0 9 12 14 6 2 19 0 8 0 10 0 22 21 0 1 
0 0 0 0 0 0 1 4 19 0 0 0 11 0 0 6 25 0 2 0 9 8 0 0 10 
0 0 8 20 14 11 0 0 0 5 0 0 0 0 19 9 0 15 23 22 0 0 4 3 13 
9 0 11 22 0 8 10 0 0 15 0 0 3 0 0 1 0 0 0 0 18 0 0 0 0 
0 1 6 2 19 0 12 18 0 9 8 5 0 0 0 0 11 13 0 0 20 24 0 0 25 
0 17 0 6 4 0 0 15 5 12 16 0 0 13 11 25 0 0 0 9 24 20 0 10 22 
19 11 23 13 0 0 0 0 0 0 0 0 4 0 3 18 7 10 0 12 0 14 0 6 2 
21 2 20 25 0 0 22 0 0 0 6 0 12 0 5 0 13 23 8 16 19 11 0 4 0 
22 0 1 0 16 0 4 19 0 10 15 0 7 0 24 11 17 20 0 0 0 0 0 23 0 
0 12 0 5 0 0 6 0 13 20 0 25 0 0 21 0 22 0 19 4 16 0 9 18 0 
7 13 15 1 10 0 0 2 14 11 0 0 18 0 16 4 0 0 9 19 23 25 3 0 6 
25 0 0 0 8 0 0 22 1 18 0 6 15 11 0 0 3 0 16 5 0 4 0 0 0 
23 3 21 0 17 6 0 0 15 0 0 9 5 0 0 0 8 18 10 0 22 0 11 16 12 
12 6 14 11 22 16 9 0 0 24 13 0 0 0 8 20 0 0 25 0 7 0 19 2 0 
0 0 5 18 0 17 0 23 21 3 0 4 25 19 0 0 0 6 12 11 0 0 24 8 0 
0 0 0 0 0 0 16 0 0 0 19 0 23 12 0 0 4 2 0 20 0 6 0 0 24 
0 20 0 15 0 0 0 1 0 22 5 11 0 7 25 0 23 19 14 13 0 2 17 0 0 
0 23 12 0 0 13 14 0 20 21 3 15 0 2 0 5 0 0 22 17 0 18 10 19 0 
14 0 17 19 18 0 2 0 10 23 0 0 9 0 0 16 15 25 7 1 4 3 12 0 5 
16 21 2 3 25 5 0 0 0 0 10 1 17 22 6 12 18 0 0 0 0 23 13 14 0 
5 7 0 21 0 0 0 14 24 1 11 0 13 10 0 0 0 12 15 0 6 9 2 0 0 
4 0 18 17 23 0 5 0 0 0 0 2 0 3 0 0 0 1 13 0 14 7 20 25 0 
2 0 0 16 0 0 11 0 17 8 0 22 6 5 14 3 21 0 0 0 0 0 18 24 15 
0 24 0 0 0 20 0 13 22 0 18 8 19 25 0 0 9 5 0 23 17 12 0 21 0 
1 15 0 12 0 18 21 10 25 0 7 24 0 0 0 17 0 0 6 0 0 0 0 13 23 
