0 0 0 0 3 14 0 0 12 6 5 4 0 7 8 0 
7 0 4 0 0 11 5 16 0 13 0 0 2 0 0 0 
0 0 3 0 0 1 4 0 14 0 0 0 0 16 10 0 
15 0 0 14 7 8 0 0 11 0 10 0 0 0 9 0 
0 2 0 0 11 0 0 0 0 7 0 0 10 0 0 0 
13 0 1 0 0 0 0 14 0 0 6 10 7 3 0 12 
0 11 7 10 1 16 0 0 0 5 2 0 0 9 15 0 
0 0 0 0 10 0 8 0 0 0 0 13 16 0 11 0 
10 4 2 16 5 0 7 13 6 0 0 0 0 0 0 0 
0 3 12 0 0 2 1 0 10 0 13 0 6 14 0 7 
0 6 15 13 0 12 14 11 7 0 0 0 0 10 0 5 
14 7 0 5 8 10 16 6 2 15 3 0 0 11 0 0 
0 0 10 9 14 13 0 0 0 12 7 0 11 0 4 0 
0 0 0 7 0 0 0 5 3 4 0 0 12 8 0 10 
0 0 0 1 12 0 0 0 5 10 16 2 0 13 6 0 
4 16 5 0 15 6 10 8 0 0 9 11 14 2 0 3 
