8 0 21 0 14 7 9 0 0 0 13 16 0 0 11 0 6 2 0 17 0 4 0 22 0 
12 0 0 22 11 8 16 1 0 13 0 17 0 2 0 3 20 23 15 4 0 0 5 21 10 
0 23 0 5 3 17 4 0 0 19 0 0 0 1 0 22 12 14 7 16 0 0 0 8 2 
0 0 0 13 16 14 11 0 0 0 0 5 0 8 0 0 9 0 0 0 24 25 7 17 20 
0 0 0 0 19 0 20 0 18 23 0 4 0 0 0 0 0 0 13 11 0 0 0 0 0 
0 0 0 8 0 0 0 7 20 25 1 9 0 6 0 12 16 0 0 19 22 23 0 0 18 
0 19 0 23 21 24 17 11 16 0 2 18 0 7 0 10 8 20 14 0 3 12 0 4 0 
0 0 0 0 17 21 0 0 8 14 5 0 16 15 10 23 13 0 0 0 19 0 11 20 9 
10 0 5 12 0 15 0 3 2 18 4 25 23 0 19 9 22 17 21 7 14 0 1 24 8 
2 14 0 0 0 0 23 0 9 1 12 21 0 3 0 0 18 4 0 15 10 0 6 25 13 
0 11 13 0 0 4 0 12 21 0 16 0 0 0 0 0 0 22 17 2 20 0 0 19 0 
0 0 0 0 5 11 0 0 13 0 24 1 0 0 0 0 0 15 0 14 0 0 17 16 0 
24 0 0 2 25 0 18 0 0 22 0 0 0 20 21 6 11 0 0 10 0 0 8 0 12 
4 21 17 16 0 0 2 0 23 0 0 0 25 0 22 18 24 8 12 0 13 1 14 11 0 
0 0 10 0 0 0 19 25 15 24 3 12 0 17 2 16 0 21 4 0 9 0 0 0 6 
1 0 19 0 22 25 7 0 14 0 8 0 0 13 4 2 0 11 0 0 0 6 0 0 17 
5 0 0 0 9 0 10 0 0 20 0 11 17 0 6 4 21 0 3 22 15 8 19 14 23 
0 0 0 0 23 12 0 15 11 2 20 3 9 0 5 0 17 0 0 25 7 22 4 0 0 
0 13 0 0 0 0 0 17 6 9 18 7 0 0 15 14 0 16 0 0 0 21 0 3 24 
15 17 25 21 0 5 3 24 19 0 22 2 0 23 14 7 0 0 6 0 0 9 20 0 11 
0 7 0 0 0 0 15 18 5 0 0 0 12 0 1 0 2 0 16 21 0 20 0 0 0 
0 5 0 6 0 9 0 19 3 16 17 0 21 10 0 0 0 7 0 24 0 0 13 12 14 
19 0 20 0 12 0 1 0 4 0 11 0 5 25 16 0 3 18 8 0 21 24 2 6 7 
16 8 11 17 0 2 21 23 0 12 0 0 0 0 3 13 0 0 0 5 0 15 0 1 19 
21 15 0 0 0 22 24 0 10 8 9 0 0 14 0 11 19 6 25 0 17 0 0 0 4 
