4 22 0 13 20 0 0 14 0 0 17 11 0 16 0 0 18 24 0 0 0 0 19 5 21 
0 0 21 0 2 17 16 0 0 0 0 0 0 0 10 0 14 0 25 4 13 7 0 0 0 
5 6 24 25 0 10 0 1 2 7 9 0 0 13 0 0 19 0 20 11 0 4 0 0 14 
0 0 0 17 0 20 0 13 5 4 0 14 0 21 8 0 22 0 0 0 12 11 6 0 9 
0 0 14 9 23 0 0 11 0 19 0 0 4 0 0 17 16 0 12 0 22 0 0 25 1 
8 0 2 0 0 7 21 3 0 0 0 9 17 0 4 16 0 0 11 18 0 22 0 0 0 
6 0 22 14 0 18 13 23 1 0 11 0 0 15 0 0 0 19 0 17 0 12 0 20 0 
0 23 0 0 11 0 0 2 16 0 12 21 24 25 0 0 8 0 22 10 0 5 0 6 0 
0 1 0 10 0 0 11 4 24 0 6 13 0 0 3 2 23 20 21 15 14 0 0 19 0 
0 21 4 3 17 0 15 20 0 8 23 0 16 18 0 1 0 0 14 6 7 9 10 11 0 
17 7 11 21 4 0 6 0 22 24 0 0 23 8 12 0 2 0 3 0 0 0 18 9 0 
0 3 0 0 24 13 25 17 20 18 16 0 6 19 11 0 21 0 9 7 0 0 14 12 0 
2 0 0 19 12 8 4 7 21 0 0 0 0 10 0 0 5 0 0 0 0 0 25 0 0 
9 18 0 0 15 0 3 0 0 1 21 4 0 2 0 0 0 0 0 0 11 8 22 7 0 
16 25 1 8 13 2 9 0 0 0 3 0 22 7 14 11 0 0 0 12 19 6 23 0 0 
0 2 17 0 21 0 0 18 19 0 4 0 0 9 15 0 0 13 0 0 20 25 7 0 6 
13 0 0 5 3 6 0 21 8 16 7 20 0 23 0 9 17 0 0 0 0 14 12 0 11 
19 0 0 4 22 3 0 0 7 2 1 0 11 0 13 0 10 14 0 0 0 0 8 0 16 
0 12 0 7 0 0 14 15 17 13 2 8 3 0 0 23 0 11 16 21 9 19 4 1 5 
14 8 15 0 0 0 0 0 0 0 10 5 21 0 24 19 0 0 0 25 23 17 0 3 0 
21 17 9 16 7 0 5 10 18 3 0 0 2 0 23 25 15 0 13 0 0 20 0 0 19 
18 0 3 24 0 16 20 8 4 0 0 0 1 0 0 0 0 17 19 5 25 0 0 0 0 
12 4 25 23 0 15 19 6 14 0 0 7 9 3 16 18 11 22 2 24 0 0 0 13 8 
20 0 0 15 0 0 0 0 12 25 0 19 5 4 0 0 1 16 7 23 0 0 0 0 24 
22 0 0 2 1 0 7 24 13 0 25 18 0 0 0 0 20 0 10 0 16 23 0 4 0 
