0 0 24 20 0 21 0 5 2 0 4 0 0 0 0 11 0 9 0 23 15 0 16 0 18 
0 0 16 0 0 0 10 13 0 0 21 0 24 0 19 0 8 20 14 5 6 0 0 7 12 
5 0 25 0 0 18 15 7 23 0 13 11 9 0 10 16 12 1 0 0 2 21 14 0 0 
21 0 0 0 12 0 11 16 0 17 6 0 23 5 0 18 13 24 0 0 0 0 3 1 4 
0 0 0 11 0 0 24 0 0 25 15 0 0 0 0 6 0 0 2 0 5 8 0 10 17 
20 4 0 0 25 0 3 0 22 0 23 5 8 0 0 7 19 0 0 18 0 0 12 0 0 
0 0 8 12 0 0 0 25 0 0 14 10 0 0 3 0 0 5 4 0 0 23 17 15 0 
16 21 17 13 19 0 0 0 9 18 20 6 22 4 15 25 0 10 0 11 7 24 0 2 8 
23 3 2 9 7 5 4 0 20 0 12 0 25 21 11 14 0 22 0 24 0 13 0 18 0 
0 11 5 0 10 0 0 0 0 16 2 0 0 9 18 0 15 21 0 0 22 3 0 0 0 
0 0 3 14 0 0 20 0 25 5 10 2 0 0 0 17 6 0 18 0 12 1 7 23 21 
25 17 0 15 6 2 16 9 0 0 0 0 20 0 0 0 3 11 0 22 4 0 0 14 13 
22 0 0 8 23 0 13 0 0 0 0 19 0 0 0 10 0 0 7 0 0 2 0 17 0 
13 7 10 16 21 17 18 0 0 11 3 23 14 6 0 24 0 2 20 19 9 15 0 5 0 
0 0 18 4 0 7 22 6 10 0 17 8 0 0 13 12 0 23 21 9 0 16 20 19 25 
0 0 21 5 13 19 0 18 17 10 0 0 0 0 8 20 22 16 24 0 14 12 2 0 0 
0 8 0 0 17 16 14 15 0 0 5 0 0 0 0 0 0 13 0 0 20 7 18 0 11 
11 0 0 0 0 0 2 24 0 0 0 13 0 10 0 1 0 0 0 8 23 17 25 0 0 
0 0 0 19 14 0 9 0 13 0 22 15 0 0 1 0 18 7 11 25 0 0 24 0 10 
0 10 1 7 0 20 0 11 0 8 0 0 16 12 0 2 23 17 0 14 3 5 0 0 19 
0 23 14 0 16 11 6 0 7 0 8 24 13 15 20 0 9 0 0 1 0 19 0 3 2 
7 22 0 0 0 0 0 0 16 0 25 18 3 19 0 21 24 0 0 0 13 0 15 8 9 
8 20 0 24 0 0 21 0 19 0 0 0 5 23 0 0 11 18 16 10 17 0 1 0 7 
0 0 13 0 4 10 8 3 18 0 11 0 12 2 7 0 0 19 0 6 0 0 22 0 5 
3 0 12 0 0 24 0 22 15 9 0 21 10 14 17 0 20 0 0 7 0 6 11 4 0 
