0 14 0 5 0 1 0 0 0 4 16 0 0 13 0 7 
6 0 0 0 0 11 0 0 0 1 9 0 0 0 5 0 
11 0 13 0 0 0 0 0 0 0 0 0 0 0 0 0 
0 0 0 0 8 0 12 0 2 13 0 0 0 0 0 14 
10 3 0 0 0 0 0 0 0 0 0 0 5 11 0 4 
0 0 0 0 0 0 0 1 10 0 0 0 0 0 0 0 
0 0 0 14 13 0 0 0 0 0 0 0 0 0 0 0 
0 6 11 0 0 2 15 0 0 5 0 0 0 0 14 13 
0 0 0 0 0 0 2 0 0 7 0 0 0 0 0 12 
0 0 0 0 4 3 0 0 0 0 0 0 0 0 0 0 
0 0 0 0 0 8 0 15 3 0 13 0 0 0 0 1 
0 13 0 0 0 0 0 12 0 0 2 4 0 0 7 0 
0 1 0 0 0 0 0 0 0 0 0 0 14 0 0 0 
0 0 0 11 0 16 0 8 0 0 0 0 9 0 0 0 
0 0 0 9 12 0 0 2 0 8 0 0 0 0 4 0 
0 0 0 0 0 0 0 9 0 0 0 0 0 16 0 5 
