0 0 0 0 0 0 0 0 0 2 8 4 15 11 1 0 
0 11 0 9 0 8 0 0 13 7 0 15 0 10 12 0 
4 1 0 0 10 0 0 2 14 3 9 6 13 8 0 16 
0 16 2 0 0 9 15 0 0 10 0 0 6 7 3 0 
6 0 8 0 4 16 0 12 9 1 0 0 0 0 13 0 
0 9 0 0 8 0 0 0 3 12 7 13 16 15 6 1 
1 0 0 0 9 0 13 14 0 0 10 5 8 0 0 7 
0 0 11 10 0 0 0 0 0 16 0 8 9 14 4 12 
5 0 13 0 0 1 0 0 10 8 0 9 0 0 0 0 
9 0 10 1 6 14 0 8 0 0 16 0 3 0 7 13 
2 0 7 0 16 13 10 0 0 11 0 0 0 5 0 6 
0 0 14 11 15 0 5 4 7 0 0 1 10 9 0 8 
0 0 0 0 0 5 0 0 0 0 2 0 4 0 0 0 
0 4 16 8 0 0 0 0 12 14 6 3 0 1 15 0 
0 0 0 6 11 0 0 15 5 9 0 0 0 0 0 3 
15 0 0 2 0 3 0 6 0 13 4 10 0 0 0 0 
