0 16 0 0 20 0 0 0 0 0 10 1 2 4 0 6 0 0 11 0 3 0 25 18 0 
22 9 0 24 23 0 10 0 0 25 13 0 16 0 3 17 0 1 20 0 0 12 6 0 5 
0 0 17 0 25 18 8 16 24 6 12 11 14 0 0 13 0 19 4 5 2 20 0 15 22 
19 13 0 0 0 0 0 0 0 12 8 0 0 0 5 3 24 25 0 0 7 10 11 0 14 
5 0 2 4 0 23 0 3 0 0 0 6 0 20 15 8 10 0 18 0 1 0 0 0 0 
0 14 22 12 0 0 3 17 19 0 0 0 10 5 0 7 0 21 15 0 0 0 0 11 0 
0 0 0 0 21 16 13 20 0 0 14 0 11 0 0 12 6 0 24 0 0 0 0 0 19 
1 15 0 20 16 9 0 7 0 0 3 24 6 0 22 0 2 0 17 0 0 0 12 25 23 
10 0 4 3 0 5 6 23 14 1 0 7 12 2 0 11 16 13 25 8 24 15 22 21 18 
11 0 23 0 0 0 15 4 0 0 0 25 0 0 0 0 5 0 9 14 16 3 7 17 2 
13 19 25 14 0 17 9 18 5 0 4 0 1 3 16 0 12 8 0 6 0 0 0 24 0 
9 2 0 0 0 8 0 0 12 10 0 0 21 0 18 16 13 3 7 4 0 0 1 0 6 
0 0 8 6 0 0 14 0 21 0 0 0 9 11 12 0 0 0 22 0 15 2 19 0 3 
21 18 0 1 3 2 0 0 15 20 17 19 0 0 0 9 25 0 14 23 22 0 0 0 0 
0 20 24 16 22 0 4 0 3 23 0 0 0 8 25 21 0 17 19 10 9 14 0 5 0 
6 24 7 17 0 0 1 14 16 19 18 0 0 0 21 22 20 2 0 0 25 5 0 3 15 
0 0 16 0 4 0 17 0 25 3 7 8 0 0 2 0 0 0 1 0 11 18 0 23 0 
15 0 19 2 13 0 0 0 0 18 11 0 0 0 0 0 0 14 23 0 0 7 0 6 10 
0 0 0 11 0 4 0 13 0 7 0 3 20 12 0 0 0 15 0 21 0 16 0 22 8 
0 0 18 22 0 0 24 0 6 11 25 0 19 0 0 4 3 0 0 0 13 1 14 0 0 
7 4 3 0 2 0 0 10 20 15 0 0 5 0 6 24 8 16 0 17 0 11 9 0 25 
0 10 6 23 14 0 0 0 1 5 0 9 3 0 0 2 0 0 0 0 12 19 0 0 0 
17 0 20 25 0 14 0 12 0 0 19 0 0 0 10 0 0 0 0 7 18 22 0 13 16 
24 0 0 5 0 0 25 6 0 16 0 18 7 13 14 0 1 0 0 19 0 0 0 4 0 
18 11 13 19 15 24 23 2 7 0 21 16 8 0 4 14 22 0 0 9 0 6 5 10 0 
