8 9 0 0 0 17 0 15 3 18 0 25 0 19 1 0 5 4 2 20 6 0 12 7 11 
0 10 20 18 0 0 0 12 5 14 0 0 0 8 22 19 0 0 16 0 0 0 4 1 0 
17 0 14 15 19 24 25 4 0 0 5 0 18 0 0 7 0 23 0 0 0 0 9 3 21 
4 25 24 0 0 0 1 0 23 0 13 9 15 0 7 8 10 0 12 11 0 0 17 0 0 
11 0 13 6 0 19 9 20 8 7 4 12 0 17 14 0 0 0 0 15 0 0 10 0 0 
1 0 15 13 3 0 0 2 0 0 7 0 0 18 9 5 6 0 0 0 24 0 0 0 10 
0 0 16 5 4 18 7 25 0 19 0 0 0 0 24 0 0 0 0 0 0 0 3 0 13 
0 0 6 9 22 0 12 23 0 10 0 15 5 0 3 16 0 13 0 0 2 8 0 0 14 
21 0 19 8 17 9 0 0 0 3 20 0 4 10 0 0 14 15 0 0 12 0 16 25 0 
24 0 25 12 10 0 17 0 14 8 0 0 13 0 16 22 3 9 20 0 1 6 0 4 0 
0 18 2 23 0 0 0 0 17 0 25 5 0 0 0 15 8 0 3 10 0 20 14 12 19 
0 3 22 0 0 0 0 1 25 9 0 20 0 24 8 14 12 0 0 17 0 0 0 6 0 
0 4 0 0 25 6 0 0 0 0 0 0 0 0 19 9 21 7 23 2 0 0 1 0 24 
16 0 0 20 0 14 8 0 0 0 3 7 17 13 23 0 25 0 0 0 0 9 0 11 0 
0 8 0 14 0 4 2 3 0 0 0 0 0 9 0 20 0 11 13 0 23 0 21 18 17 
0 0 0 0 15 0 0 5 16 1 0 0 3 0 17 24 0 8 22 14 25 4 0 0 0 
0 6 9 0 23 0 24 8 12 2 0 4 20 22 15 10 11 21 0 19 5 0 18 14 16 
0 0 21 25 0 3 0 0 4 0 9 0 0 7 5 0 1 20 0 16 19 13 0 24 2 
0 0 0 0 14 0 10 11 9 0 8 0 19 16 13 0 4 12 0 0 20 0 6 0 3 
20 16 18 0 1 7 0 14 0 17 11 0 0 0 0 0 13 2 0 3 0 10 15 9 0 
0 0 3 1 0 10 0 7 0 4 16 0 9 5 18 11 0 24 8 21 0 12 22 0 0 
22 5 0 10 9 20 3 6 13 0 17 11 0 4 0 12 0 18 0 25 0 23 19 16 0 
15 0 0 17 0 8 23 0 19 0 0 6 7 14 20 1 0 5 0 0 0 0 24 13 0 
14 23 0 2 11 0 15 9 1 24 19 13 0 3 25 4 0 16 0 6 18 21 8 0 5 
6 24 0 0 0 5 11 0 0 22 12 0 1 15 0 3 0 0 0 0 0 0 0 2 0 
