16 0 0 0 0 0 0 0 21 3 0 10 9 0 0 2 0 0 0 20 0 13 0 15 0 
14 18 8 0 0 19 20 0 5 16 0 6 0 3 0 9 0 13 23 0 0 11 1 2 4 
19 0 1 3 0 18 0 14 13 10 21 0 0 23 0 24 0 25 17 4 0 5 9 16 6 
24 17 0 0 0 0 0 6 0 15 4 16 2 1 0 19 14 0 0 18 0 0 0 20 10 
20 0 12 0 5 17 0 4 1 2 13 0 19 7 18 8 21 0 0 6 25 14 22 24 0 
0 22 13 0 19 2 0 16 25 0 9 0 20 0 24 0 0 14 8 0 3 0 0 7 0 
17 0 0 0 14 0 19 0 0 13 5 21 10 0 0 22 0 3 11 9 0 16 20 0 0 
4 0 18 0 0 0 9 15 7 12 16 0 3 0 13 0 25 17 20 24 0 0 0 23 1 
5 20 16 0 1 24 0 22 18 0 0 0 6 8 15 21 0 23 4 2 13 0 0 0 0 
0 0 0 2 0 0 1 5 10 0 0 4 0 0 0 0 0 0 0 13 0 0 15 19 0 
0 1 9 0 0 0 15 17 0 18 19 12 0 14 6 0 0 0 2 3 20 22 4 5 0 
0 0 2 0 0 0 0 3 0 1 18 9 11 16 21 6 8 0 19 0 0 0 25 0 0 
0 16 0 4 17 0 10 20 24 19 0 1 0 0 0 0 11 0 14 0 6 0 0 12 9 
0 19 0 0 0 0 8 7 0 0 3 0 25 0 10 0 0 0 24 21 0 18 0 0 0 
13 8 3 0 18 4 12 2 22 6 17 24 15 5 7 0 0 0 0 1 0 19 16 0 0 
0 0 14 24 20 15 16 10 0 0 0 0 0 0 0 23 13 0 21 19 1 6 5 3 2 
0 0 0 25 2 0 6 21 0 0 20 13 4 0 0 0 9 18 0 5 0 10 24 22 17 
1 0 6 0 4 22 24 9 0 5 0 0 16 0 0 0 0 0 15 11 18 21 0 0 23 
0 0 0 0 0 0 13 0 2 0 6 0 5 17 11 20 0 22 10 0 9 0 0 0 19 
0 9 22 5 0 14 0 12 19 0 0 23 1 0 0 4 0 2 6 0 0 20 7 0 0 
6 0 0 0 13 0 0 0 3 0 23 8 7 25 0 15 4 0 0 14 16 1 18 11 12 
9 0 20 15 0 0 14 1 16 0 10 22 0 11 0 0 2 0 13 0 7 4 0 8 25 
0 25 0 0 0 0 0 13 15 22 0 5 0 0 0 10 0 19 0 16 24 23 0 0 20 
0 23 4 0 16 0 11 25 0 0 0 19 14 0 9 3 0 24 22 0 0 15 13 10 21 
7 14 10 19 0 5 21 0 4 23 15 3 24 13 16 0 1 20 0 8 0 9 2 6 22 
