5 21 0 4 0 0 22 0 9 20 0 0 0 18 0 11 0 7 19 0 3 14 12 15 13 
12 3 16 15 0 0 0 0 6 14 7 19 11 20 8 13 25 0 0 0 0 0 0 1 0 
23 9 0 22 0 16 0 0 0 0 5 0 4 13 17 0 0 18 15 12 0 0 0 7 0 
11 25 0 19 0 21 1 13 0 12 0 14 0 15 0 20 0 0 0 0 16 0 24 4 18 
0 0 0 0 13 0 11 19 0 0 24 0 0 0 3 4 0 0 5 22 0 8 0 6 0 
0 18 24 0 6 17 0 0 0 23 0 9 7 8 10 0 0 19 0 0 0 3 0 20 0 
0 10 0 5 0 13 21 0 0 4 0 18 0 19 22 2 8 0 0 6 0 12 25 11 0 
0 11 0 2 12 0 24 0 0 0 25 0 13 6 0 0 0 0 7 18 0 9 0 16 0 
8 20 25 1 0 18 0 0 11 2 3 4 12 14 21 0 23 0 0 9 5 0 0 0 0 
13 14 22 0 0 3 16 1 0 0 0 20 0 17 24 0 21 25 4 11 0 6 10 0 0 
25 4 15 8 10 0 7 11 18 9 0 0 0 0 0 0 0 0 0 0 24 0 0 13 3 
20 0 0 11 21 14 2 12 0 0 15 23 0 24 19 25 0 8 0 10 0 1 6 9 4 
0 0 0 7 9 0 0 6 0 1 0 0 0 16 2 0 24 0 11 21 14 0 20 25 5 
0 12 0 3 22 10 4 24 0 5 0 7 9 0 0 6 0 20 1 15 8 19 0 0 23 
6 17 19 24 1 0 23 3 0 0 8 22 18 25 5 0 0 0 0 4 7 15 11 10 12 
0 0 0 6 0 0 0 0 0 0 0 0 5 0 4 10 20 13 0 0 17 0 8 2 11 
0 23 0 12 0 4 0 7 0 24 18 0 0 0 14 8 2 21 0 1 0 0 0 0 16 
3 24 18 17 0 0 5 10 0 6 13 0 0 0 0 0 4 14 25 19 21 20 0 0 7 
1 2 0 25 5 9 8 17 19 0 0 6 10 0 0 0 22 11 0 0 0 18 13 0 15 
0 8 0 0 0 0 15 2 0 0 0 17 24 23 0 0 3 12 6 5 4 10 1 0 22 
17 1 10 13 2 0 0 8 0 0 0 0 0 4 0 23 12 0 0 14 15 0 0 0 0 
0 5 8 0 0 6 0 0 24 15 0 3 23 10 1 0 9 4 13 0 11 0 0 12 0 
9 6 0 0 0 7 14 16 4 0 17 0 0 5 18 22 0 15 2 3 10 0 19 0 1 
24 22 0 0 7 2 12 5 23 17 16 21 25 0 15 0 10 0 8 0 13 4 18 0 0 
16 15 0 0 4 1 0 0 13 22 0 11 2 0 0 21 5 0 0 25 9 0 14 0 0 
