25 0 0 4 10 24 0 14 22 0 3 17 9 0 1 0 6 0 0 0 0 0 0 0 0 
0 0 0 16 8 0 13 21 0 10 24 14 0 25 18 15 0 23 0 4 17 5 11 2 22 
0 0 15 19 0 0 2 12 0 0 21 23 0 0 0 3 0 0 0 24 14 0 25 0 10 
0 9 13 14 18 16 0 0 0 0 2 10 11 7 15 20 17 21 12 0 4 0 24 0 0 
0 11 0 0 21 0 0 17 0 0 22 20 0 16 12 0 10 14 2 0 0 0 0 18 9 
0 0 21 0 2 15 19 11 3 0 0 0 0 0 0 0 0 0 5 0 0 9 0 0 0 
0 0 4 3 0 20 0 2 0 13 0 0 10 12 0 16 9 7 6 11 0 0 19 23 14 
8 0 9 20 11 6 12 4 0 0 23 0 0 14 0 22 24 0 21 0 0 0 0 10 3 
0 13 0 5 25 0 23 0 8 0 6 9 15 0 0 0 19 4 0 18 0 11 0 20 24 
23 19 0 0 6 7 9 24 0 21 25 2 0 0 0 13 12 0 10 0 5 4 0 0 15 
0 4 0 0 0 0 3 20 2 0 0 13 0 5 9 11 18 17 0 10 12 0 15 0 21 
19 1 22 0 15 11 17 18 0 0 14 7 16 0 6 21 25 0 24 2 0 23 20 3 0 
0 24 10 17 0 0 0 1 0 0 20 0 2 0 0 8 0 12 0 23 0 0 14 19 25 
3 18 5 0 7 0 0 13 9 15 11 25 24 0 0 0 4 0 20 19 0 2 0 0 0 
20 16 0 0 0 19 0 0 24 0 0 22 0 8 17 14 3 6 0 9 7 0 4 0 1 
0 5 3 13 0 2 14 8 0 17 1 6 21 18 25 10 16 0 11 7 19 0 9 4 0 
9 0 19 25 0 10 0 3 20 24 0 0 4 0 0 5 21 0 22 0 23 0 0 16 17 
0 0 0 0 12 4 15 5 0 19 16 8 23 20 7 0 0 0 25 0 0 0 22 0 0 
4 0 8 15 16 12 7 9 21 0 13 0 3 17 11 0 0 0 23 6 25 0 0 0 2 
2 0 0 0 0 0 0 6 18 1 10 0 0 9 24 0 14 0 4 17 0 0 0 0 0 
0 0 17 9 0 3 24 22 6 12 7 0 20 0 0 4 0 16 0 0 0 25 0 11 0 
0 21 1 0 4 0 20 0 0 0 0 3 0 0 23 24 11 2 8 0 16 0 10 13 0 
11 25 0 24 0 0 18 7 0 0 9 16 0 0 2 19 15 10 13 20 1 0 0 0 0 
0 0 0 18 0 17 0 0 10 2 15 11 0 24 0 0 22 9 0 5 0 0 0 0 7 
0 22 6 2 19 13 0 15 11 8 5 12 0 0 10 17 0 18 0 25 0 20 23 9 4 
