0 0 10 24 25 5 21 0 20 0 7 13 0 17 0 0 22 0 2 4 0 0 12 0 0 
0 2 0 0 23 0 10 8 0 0 0 0 9 0 0 0 0 24 0 15 14 0 25 20 21 
0 17 0 0 6 1 0 2 4 25 12 0 0 0 0 18 0 13 0 11 24 15 0 0 23 
0 13 8 0 0 23 11 0 16 24 0 0 5 10 0 0 3 0 6 19 0 17 0 7 2 
18 0 20 0 11 0 3 9 17 0 23 4 2 0 24 0 21 16 25 0 8 10 0 6 1 
0 18 23 2 1 12 24 16 0 15 19 0 0 8 0 20 10 0 0 6 13 25 21 9 17 
0 0 9 22 0 0 20 21 8 0 25 6 0 0 10 0 5 0 15 0 1 3 19 0 18 
0 14 0 0 0 7 22 0 0 0 2 17 21 0 0 8 18 3 24 16 10 0 6 0 0 
6 20 11 5 12 25 0 17 18 0 1 24 0 13 22 9 4 0 7 23 0 0 0 8 0 
0 24 0 3 10 6 14 13 0 11 15 18 12 0 16 0 17 0 1 25 7 5 0 4 0 
0 7 0 1 0 0 17 11 0 16 20 23 8 24 0 6 0 0 0 0 21 0 9 0 0 
17 4 0 20 2 0 15 25 0 19 0 22 14 6 0 11 8 0 9 18 23 16 7 13 0 
5 19 13 6 0 14 0 18 7 0 16 10 1 15 0 4 24 23 0 0 0 0 0 0 0 
0 11 0 0 0 0 0 1 24 22 17 19 0 7 12 0 16 0 3 20 0 6 2 0 0 
15 23 0 0 16 21 0 20 0 0 0 2 4 0 0 0 0 0 22 7 12 1 11 0 0 
0 9 16 0 14 17 13 0 0 5 22 7 0 12 19 0 1 4 20 2 0 0 24 23 0 
0 3 0 18 0 0 0 0 0 7 13 15 16 0 2 0 25 0 14 22 17 12 0 21 0 
0 6 15 7 20 0 0 0 0 14 0 5 17 0 9 0 23 0 0 0 11 0 22 0 3 
13 25 0 12 5 0 0 0 0 0 0 0 0 0 4 0 11 0 8 0 18 0 0 0 0 
1 22 0 8 19 24 18 23 0 0 0 0 0 0 0 0 0 0 5 0 0 9 10 25 13 
0 0 0 23 13 11 4 10 22 0 3 0 25 21 7 0 15 0 0 0 0 0 0 0 0 
22 12 0 16 0 0 6 0 0 0 4 11 24 0 13 0 0 5 0 8 2 21 0 1 10 
0 0 6 17 7 0 25 0 13 0 10 0 23 5 1 22 14 0 4 21 20 0 0 11 0 
14 0 0 0 0 15 2 24 21 9 0 0 19 22 0 3 6 7 23 1 25 13 0 0 0 
0 0 25 19 18 0 0 0 0 8 6 9 0 0 17 0 13 11 12 10 0 0 4 3 0 
