4 0 0 0 24 0 0 0 7 0 0 1 0 0 0 11 12 0 0 23 0 2 0 6 10 
5 0 11 0 0 0 18 14 10 1 19 0 0 0 0 0 24 2 3 0 0 16 7 0 9 
0 10 0 0 3 0 0 11 5 22 14 0 24 0 0 0 0 0 0 8 19 0 15 0 21 
0 2 0 14 0 16 19 13 3 0 23 7 0 0 17 6 10 21 0 0 0 18 0 0 25 
0 20 12 0 7 24 4 0 8 9 2 3 11 13 0 0 0 25 16 19 14 5 0 0 0 
3 11 18 20 15 12 0 0 0 2 0 0 8 17 1 5 22 23 13 0 21 19 25 0 0 
12 21 10 23 4 22 25 0 0 0 18 9 0 24 20 0 17 3 8 7 0 6 0 0 5 
0 0 19 0 0 0 0 1 11 3 15 4 0 0 0 14 9 24 18 0 22 17 8 10 0 
0 0 5 0 0 0 7 0 0 10 0 2 0 19 0 25 16 0 0 0 0 0 18 15 0 
0 0 0 0 16 18 5 19 23 0 25 0 0 10 0 2 4 0 0 0 20 0 14 24 12 
16 0 0 4 0 17 6 0 15 7 0 0 0 0 0 10 0 18 21 0 0 0 2 13 0 
7 0 0 10 11 8 0 3 16 0 13 0 0 14 0 9 0 4 0 6 12 15 0 0 0 
23 1 0 18 17 19 0 0 12 13 20 0 21 0 4 0 14 22 24 0 6 7 9 0 11 
0 0 6 0 8 0 1 23 0 11 0 10 0 0 18 0 13 15 0 2 0 0 0 0 3 
0 0 0 13 25 21 0 5 18 0 0 16 0 1 0 7 20 17 0 11 0 0 0 22 0 
20 0 0 8 21 23 0 0 0 19 5 15 12 0 0 22 0 16 11 24 18 0 6 14 13 
14 6 9 17 5 13 15 21 2 18 0 23 10 0 3 1 0 20 0 4 0 11 0 0 24 
0 3 22 16 0 10 14 0 0 6 4 0 9 21 24 0 0 0 0 13 2 0 0 0 15 
10 0 0 19 18 25 0 16 24 0 0 0 20 11 22 21 0 6 0 0 7 8 0 3 0 
24 25 0 0 12 11 3 0 0 4 0 0 16 6 0 0 0 8 10 18 9 21 23 20 0 
1 0 20 0 0 5 0 12 0 21 0 19 18 0 16 24 23 14 2 0 3 22 13 0 6 
13 0 25 0 0 0 2 0 0 0 21 20 6 15 0 3 11 19 0 16 1 0 12 4 0 
22 0 0 3 0 0 8 20 19 0 12 24 0 23 0 0 6 10 15 17 16 0 11 0 2 
0 16 4 11 0 0 13 22 0 0 10 25 17 3 0 0 18 0 1 0 15 0 0 0 0 
8 24 14 0 0 3 16 18 4 15 11 0 0 2 0 0 0 0 7 0 0 0 10 19 23 
