0 0 0 25 18 0 0 16 10 17 20 12 5 8 0 11 21 0 0 0 0 19 0 1 23 
0 10 0 0 12 3 0 13 22 20 7 23 0 19 21 4 0 24 8 25 5 6 0 0 17 
17 4 0 0 21 7 0 5 8 0 0 0 0 10 0 0 20 13 18 19 3 2 0 15 25 
20 1 0 8 0 23 18 19 24 21 4 0 0 0 0 14 0 17 15 0 0 0 0 7 0 
16 7 6 13 19 0 0 0 25 12 24 22 15 0 0 23 10 5 3 1 4 8 0 21 20 
25 0 7 4 0 5 21 12 18 13 1 20 19 24 8 0 14 15 10 0 6 16 0 0 0 
6 0 0 9 24 8 16 0 0 0 0 5 23 0 3 0 0 0 0 0 18 13 0 0 0 
22 21 0 0 0 0 25 0 0 0 0 0 13 11 0 0 24 18 0 0 8 0 0 0 7 
14 0 0 5 0 0 0 11 3 22 15 0 17 25 0 7 0 0 23 0 0 0 0 0 0 
18 11 8 0 0 17 19 0 0 23 9 4 6 0 0 0 1 16 0 0 14 0 3 0 24 
15 0 11 6 7 0 0 25 5 0 0 0 10 20 0 0 0 2 0 0 16 22 0 23 0 
0 0 0 0 0 13 6 15 0 0 5 0 0 0 0 24 3 23 17 22 10 25 0 0 8 
24 0 16 0 3 0 22 1 17 18 6 0 4 23 0 0 12 25 0 10 0 7 0 0 19 
0 18 0 0 17 9 0 14 0 0 0 0 0 0 0 1 0 8 20 0 0 0 0 0 0 
8 0 25 0 0 0 0 0 11 2 0 13 24 3 0 19 0 0 16 0 17 0 21 0 18 
0 9 1 18 0 0 10 3 2 24 0 25 14 0 0 0 0 7 0 12 0 17 23 8 16 
0 22 24 0 0 18 14 21 13 0 0 17 7 0 4 15 25 9 0 23 20 10 0 0 11 
10 0 0 0 25 15 20 9 23 0 0 0 11 0 0 0 18 0 2 3 7 21 5 13 0 
0 15 17 20 5 6 7 0 16 25 0 21 2 12 19 0 8 14 0 0 0 0 18 0 3 
0 6 0 23 0 0 17 8 12 1 18 0 0 9 20 16 0 0 5 0 22 0 25 0 0 
0 25 0 0 0 0 12 24 0 3 19 0 20 0 0 0 17 10 21 9 0 11 8 22 4 
4 23 0 11 6 0 5 0 0 7 10 9 12 0 0 8 19 3 0 13 0 24 17 0 2 
5 0 3 0 0 21 13 20 0 0 0 16 22 4 17 2 0 0 24 14 23 18 10 9 6 
9 12 22 0 13 0 0 17 19 10 11 0 0 14 0 6 23 0 0 15 0 20 7 0 5 
2 0 0 17 0 0 23 0 0 9 3 0 0 0 7 0 16 11 22 20 12 14 0 0 0 
