0 0 0 7 12 0 0 0 0 8 13 0 0 1 0 9 
13 0 6 14 0 11 0 0 0 1 0 15 0 7 2 0 
11 0 12 2 0 13 14 3 0 0 0 4 15 0 0 0 
0 0 0 9 0 0 1 15 0 2 0 7 0 12 0 0 
0 9 0 0 0 1 12 0 5 0 7 0 13 0 11 15 
0 10 0 0 13 3 7 0 0 0 6 0 0 9 5 8 
3 6 5 13 0 0 0 14 0 10 0 0 16 0 1 7 
0 0 0 0 0 0 11 9 16 13 15 8 0 0 14 10 
0 0 11 10 16 6 8 0 7 0 14 13 0 3 9 0 
0 2 0 0 0 0 0 7 0 0 0 0 6 0 8 0 
0 14 1 15 2 12 0 0 0 0 3 9 0 16 0 4 
0 0 8 0 3 4 0 0 12 11 2 16 14 13 15 0 
1 0 10 5 0 0 6 4 0 0 0 0 7 0 0 13 
6 0 9 0 14 0 5 13 0 12 4 1 0 10 3 0 
0 0 0 0 0 8 2 0 11 14 10 0 0 0 0 0 
14 0 2 0 11 16 3 0 13 7 0 6 0 5 0 1 
