0 0 10 12 4 6 11 0 13 7 0 0 0 8 0 0 
2 0 0 14 0 15 0 0 0 0 0 12 11 0 0 7 
0 5 0 6 0 7 10 0 0 14 0 0 0 0 13 0 
7 0 0 0 14 0 3 5 0 15 0 4 10 6 0 0 
0 0 0 9 0 14 0 7 0 12 3 0 0 10 5 0 
6 10 12 0 0 0 0 16 14 2 4 0 9 0 15 0 
0 3 4 8 0 10 0 0 0 0 5 13 14 0 0 0 
1 0 5 0 3 4 12 0 11 0 9 0 6 0 0 0 
5 0 3 0 6 1 2 14 0 11 0 9 16 0 0 0 
13 0 0 0 15 8 0 0 0 1 0 0 0 0 0 9 
0 4 0 0 0 3 5 10 2 8 6 0 0 0 11 14 
8 16 0 11 7 9 4 0 0 5 0 0 2 0 1 0 
0 0 0 3 0 0 0 1 16 9 8 6 0 0 10 5 
12 15 9 0 11 2 0 3 0 10 14 1 7 13 16 0 
0 8 0 5 9 16 0 6 3 4 15 7 0 12 0 0 
14 0 0 0 10 0 0 0 0 13 2 0 0 0 0 15 
