3 12 1 10 6 5 0 0 2 0 0 9 0 15 0 0 
13 2 5 14 11 16 1 3 0 0 0 0 9 0 4 0 
0 9 0 0 7 0 14 0 3 1 0 0 2 0 0 11 
0 0 6 8 0 2 0 15 0 16 0 0 0 10 3 0 
9 3 0 15 0 0 11 13 5 0 12 0 0 0 0 0 
0 5 0 12 8 0 2 0 0 9 3 10 15 14 0 4 
0 0 10 11 9 6 0 0 0 15 0 4 12 0 0 3 
14 0 0 1 0 3 12 0 11 0 0 6 0 9 0 0 
0 0 8 0 1 0 13 0 0 0 0 7 0 0 14 0 
0 7 0 2 0 0 0 0 0 0 9 14 0 0 6 12 
1 6 12 13 0 0 0 0 0 4 0 0 0 0 0 15 
0 14 11 0 16 7 3 6 12 0 15 0 13 0 0 0 
0 1 15 0 0 12 0 9 14 6 0 0 8 0 0 0 
11 13 0 3 0 15 4 0 0 8 10 12 0 0 7 0 
12 0 16 6 0 0 7 8 1 0 2 5 0 13 0 9 
0 8 0 4 0 0 6 1 15 7 13 0 11 0 2 0 
