0 0 15 0 13 2 20 10 0 0 0 0 8 0 0 0 0 11 19 22 3 4 12 0 0 
19 6 0 0 7 24 0 0 0 12 13 0 25 0 20 15 9 4 14 3 0 0 0 10 0 
0 20 0 16 4 0 5 19 21 0 0 11 23 0 0 0 0 0 8 0 0 14 0 0 0 
22 0 0 3 0 23 0 0 7 0 0 10 0 0 0 18 0 6 0 0 0 0 19 2 0 
0 10 0 2 0 25 9 0 15 3 0 0 0 12 0 16 0 17 20 1 11 6 0 22 8 
20 1 19 22 11 12 23 0 13 0 2 3 15 25 14 17 4 0 0 6 0 0 0 7 0 
0 0 7 12 16 0 11 4 24 0 19 13 0 0 0 1 0 5 15 0 20 22 0 0 0 
2 4 21 0 18 16 10 20 0 19 17 8 22 0 0 0 12 25 0 0 0 0 0 0 1 
0 17 0 24 15 7 0 0 3 14 0 23 0 0 16 20 22 8 13 21 19 0 9 18 0 
0 5 9 0 0 0 15 2 0 21 0 18 0 20 0 0 23 16 0 11 0 0 6 4 0 
0 16 5 0 0 19 13 6 0 0 12 0 0 2 0 21 0 0 0 25 0 20 0 14 3 
0 2 0 19 25 0 4 0 5 7 8 0 0 0 0 0 1 0 12 0 17 0 13 11 0 
11 0 20 0 0 10 0 0 9 22 0 1 7 0 18 0 0 0 17 0 0 0 21 0 0 
3 23 22 0 8 20 25 0 11 0 0 0 0 19 0 14 0 0 18 0 0 9 10 6 0 
12 24 0 15 17 21 0 0 1 23 25 9 13 0 11 0 20 0 0 19 5 7 22 8 16 
0 25 0 0 19 15 24 1 0 0 23 14 11 0 0 12 2 0 0 0 7 10 0 13 5 
6 7 0 0 0 14 0 23 4 2 9 22 0 0 1 0 5 0 0 15 12 18 16 0 17 
0 11 0 0 2 22 6 5 25 13 24 0 12 0 4 7 16 21 3 0 0 8 0 0 0 
0 0 0 9 10 0 21 0 0 16 7 0 18 0 19 0 0 20 0 0 24 0 0 15 0 
0 22 0 4 5 9 19 0 10 8 20 25 16 13 2 24 18 1 0 17 6 0 3 21 0 
24 0 0 6 0 0 18 21 2 11 0 19 5 9 0 4 13 14 0 0 25 23 17 0 0 
25 19 4 0 21 5 17 24 16 9 0 0 0 0 13 22 0 7 0 23 0 0 15 12 0 
7 18 2 10 0 0 22 3 19 15 0 0 6 0 25 0 17 9 16 0 0 21 0 20 0 
17 15 0 13 0 6 7 8 20 0 0 0 3 0 23 25 19 12 2 0 0 1 5 0 0 
0 0 0 5 0 4 0 12 23 25 18 0 10 7 0 11 3 15 0 8 22 0 2 0 6 
