0 11 10 0 0 0 0 0 0 13 0 0 0 0 3 8 
0 8 13 3 10 0 0 16 11 0 0 12 6 0 0 2 
16 0 0 15 0 0 1 11 14 0 3 0 4 0 10 5 
0 12 2 0 6 0 3 15 0 1 0 0 16 14 0 0 
0 0 3 0 0 6 0 0 2 0 12 5 13 0 0 15 
0 0 0 13 0 5 0 0 0 0 16 14 3 11 2 0 
0 0 0 0 0 8 13 14 1 3 6 10 7 4 0 0 
5 1 11 0 0 15 0 12 0 9 0 7 0 0 0 0 
10 2 0 0 0 16 0 8 3 4 7 0 0 0 14 6 
8 5 15 0 0 0 6 2 0 0 0 1 0 7 0 0 
3 0 0 1 0 0 0 0 5 14 8 6 10 2 0 11 
0 6 14 0 7 1 10 0 0 15 2 11 5 0 16 3 
0 10 8 6 0 14 12 1 0 7 5 0 0 0 15 0 
12 0 4 0 15 11 7 3 6 2 0 9 0 0 0 0 
0 3 0 0 0 2 8 0 0 0 14 0 0 13 12 0 
15 0 1 2 13 0 16 0 0 0 0 0 0 0 0 0 
