11 15 1 8 0 25 0 17 23 0 0 19 0 13 0 0 5 0 12 20 4 21 18 24 10 
7 0 0 0 0 0 21 0 24 20 0 0 3 9 25 0 15 13 1 23 12 11 2 0 14 
3 0 0 0 0 0 0 5 0 0 0 8 23 0 15 0 21 0 14 9 16 20 17 22 1 
0 0 2 0 0 0 0 12 8 3 0 14 18 17 4 0 11 6 0 10 5 0 0 19 0 
14 0 0 5 0 10 16 0 1 0 20 0 11 0 12 0 2 0 25 17 6 15 7 9 0 
0 0 0 0 1 12 10 4 18 0 0 0 0 0 21 0 0 3 0 0 11 22 13 5 0 
6 0 13 0 7 0 0 0 15 14 9 11 0 1 0 10 0 4 0 21 17 23 16 25 24 
15 23 14 11 0 0 13 1 17 0 22 0 10 0 18 5 0 24 0 0 0 0 0 0 0 
4 12 0 25 10 2 0 7 0 0 13 3 0 0 16 0 0 0 23 0 0 18 19 0 9 
18 0 0 0 0 0 3 0 25 5 0 0 19 0 6 13 17 16 2 0 0 14 10 1 0 
0 21 0 23 8 0 0 0 0 17 0 0 0 0 2 20 0 10 0 19 13 0 9 0 25 
1 0 18 17 2 22 20 21 0 23 25 0 13 12 7 0 24 9 15 0 0 0 0 0 5 
25 0 0 0 15 0 0 0 0 0 8 0 0 18 24 11 23 0 0 0 19 10 0 3 0 
9 14 0 22 24 16 1 8 0 10 6 21 0 11 19 2 25 12 5 13 18 7 0 23 17 
5 11 0 0 13 6 0 3 7 15 14 20 9 10 23 0 16 21 4 18 0 0 1 0 8 
24 0 0 14 0 0 0 16 0 0 21 0 0 0 0 25 0 15 0 2 20 0 3 0 0 
0 4 15 12 25 0 0 0 3 0 0 13 20 0 0 0 0 0 0 24 0 0 22 17 0 
19 1 11 18 22 0 0 0 2 21 12 10 0 25 3 23 0 17 0 16 0 0 0 13 0 
8 0 7 0 0 0 0 25 13 12 0 0 5 19 0 6 0 0 0 0 24 1 0 21 0 
21 0 6 0 20 0 8 11 0 0 15 18 0 0 1 12 14 19 0 4 0 0 0 10 2 
0 0 17 15 4 19 0 0 20 0 0 9 21 5 0 24 12 0 0 0 10 0 25 18 6 
13 25 16 24 0 9 6 23 0 2 0 12 0 15 0 14 4 0 19 7 0 0 21 0 20 
12 0 0 0 11 3 0 0 21 0 0 7 0 16 20 0 10 0 13 1 0 0 24 14 23 
0 5 0 2 14 0 12 13 0 7 0 1 0 4 11 15 18 20 17 0 9 3 0 16 19 
0 20 0 0 9 0 17 0 0 25 0 0 0 0 13 21 3 23 0 5 0 4 12 7 0 
