0 0 0 0 3 12 0 0 0 0 0 0 6 16 15 14 
0 3 0 0 8 0 2 7 14 0 4 15 0 0 0 13 
0 11 13 0 4 6 0 0 1 0 12 0 10 0 0 3 
0 15 0 0 0 0 1 16 6 0 0 0 0 11 0 0 
14 0 3 13 0 0 16 8 9 0 0 0 0 0 0 10 
5 2 0 0 0 0 3 0 0 0 14 8 7 15 13 0 
0 16 8 0 0 15 13 0 7 3 0 0 4 0 2 5 
15 0 0 11 0 7 5 12 0 13 1 16 9 0 14 0 
0 0 11 0 5 13 4 0 8 0 16 0 2 7 10 9 
12 0 14 16 0 0 0 9 3 1 7 2 13 4 8 15 
0 0 1 2 0 0 8 0 0 0 9 0 0 12 11 6 
4 8 0 0 15 0 12 3 10 0 0 13 16 0 0 0 
7 14 0 10 12 8 0 0 0 5 0 0 1 0 0 0 
1 0 15 0 0 0 0 6 0 0 2 0 14 0 0 0 
11 12 2 0 0 0 10 13 16 0 0 6 0 9 7 4 
0 0 4 8 9 0 14 0 12 0 0 1 0 0 0 0 
