0 9 8 0 13 11 0 0 14 0 2 15 0 0 0 5 
0 15 0 1 0 0 0 5 0 0 0 0 0 8 0 0 
0 5 11 7 0 8 14 9 0 12 0 0 1 13 15 0 
0 0 0 6 7 0 0 2 0 0 1 13 0 0 11 10 
1 6 0 3 15 13 8 0 0 10 0 0 0 0 12 16 
0 0 4 0 5 1 0 0 0 14 0 0 0 15 3 0 
0 0 10 0 0 0 0 3 0 0 0 0 8 0 1 0 
0 14 7 8 0 10 0 16 6 0 0 1 0 2 5 11 
9 8 13 16 0 6 0 0 12 7 15 0 0 5 0 4 
5 0 6 0 0 9 7 0 8 1 0 0 12 16 2 3 
0 7 0 0 0 0 16 10 2 0 11 5 14 0 0 8 
2 12 14 11 4 3 5 0 13 0 0 16 0 9 0 0 
0 0 0 10 0 0 0 12 7 0 13 8 4 0 14 15 
0 0 0 0 0 2 13 15 0 0 0 0 5 0 0 7 
0 1 15 5 8 14 11 4 0 2 0 9 0 3 6 13 
6 0 0 13 0 0 0 0 0 0 14 0 2 0 0 12 
