0 0 0 0 11 15 0 0 4 0 8 0 0 6 0 0 
6 13 0 0 0 7 0 0 15 5 0 3 9 0 0 0 
0 0 9 0 8 4 0 0 11 1 13 0 0 0 0 0 
0 11 0 16 0 1 0 0 7 0 0 10 0 5 13 4 
0 1 5 0 0 9 7 0 0 0 10 0 0 0 3 15 
13 15 0 14 16 0 4 10 6 0 7 12 0 0 5 1 
9 0 0 0 0 0 0 13 8 0 0 0 10 0 0 11 
0 16 0 0 1 11 8 15 0 0 0 2 0 0 9 0 
0 0 0 0 2 13 0 0 14 0 0 4 6 0 11 5 
0 0 0 11 15 12 0 0 0 2 0 16 13 0 10 8 
0 0 6 13 4 8 3 11 0 7 0 0 1 0 12 2 
2 0 12 0 7 0 10 9 0 0 0 0 0 14 0 16 
3 0 0 2 13 10 1 0 0 6 9 15 0 8 0 7 
10 6 0 4 0 5 11 0 3 16 1 8 2 0 0 0 
0 8 16 0 14 2 9 6 13 0 5 0 0 1 4 0 
0 0 1 7 3 16 0 0 2 0 0 11 0 10 6 0 
