0 2 0 14 0 5 15 8 0 17 3 0 18 0 21 0 1 0 22 11 23 9 19 25 0 
0 10 0 1 3 0 0 11 13 4 0 0 0 0 0 0 0 16 0 23 0 0 0 0 0 
4 0 23 0 0 0 0 18 7 3 0 19 0 17 2 15 0 0 21 8 0 5 0 22 0 
8 15 19 18 0 0 14 0 0 22 0 0 10 0 0 0 0 2 0 24 0 0 0 11 0 
9 6 22 5 7 0 0 0 19 23 16 8 0 0 11 13 0 18 3 0 0 0 4 0 0 
0 11 0 12 0 0 19 2 0 0 0 0 9 20 7 0 0 0 0 16 4 0 0 23 0 
13 19 0 0 10 22 0 0 0 20 0 3 23 14 6 21 7 8 0 0 18 25 0 0 0 
0 0 7 23 18 14 0 10 5 0 0 0 15 0 16 0 19 0 6 0 0 12 17 13 8 
3 0 0 0 8 0 13 24 23 7 0 12 25 1 18 0 0 4 0 0 19 6 0 21 0 
15 0 21 0 0 0 0 25 18 16 10 0 4 0 19 9 0 12 23 0 24 22 7 20 0 
6 3 0 0 0 7 5 0 25 8 11 0 22 21 4 0 10 15 1 0 16 2 24 0 12 
0 0 16 25 11 0 1 14 0 0 17 9 2 10 3 24 22 6 0 0 20 8 23 5 0 
24 1 0 0 0 19 6 23 20 0 25 0 7 0 8 0 0 0 9 2 0 0 14 0 4 
19 0 14 0 2 0 0 3 0 10 0 0 6 18 0 16 21 23 25 5 9 0 0 17 0 
5 12 15 4 9 2 16 0 21 11 1 0 19 23 24 7 0 3 20 0 10 18 0 0 0 
23 18 11 0 6 16 0 5 0 0 19 25 24 13 10 2 0 21 0 22 12 0 15 7 3 
16 7 0 13 0 3 0 0 2 0 0 0 17 0 20 10 11 24 15 0 21 0 6 0 9 
14 0 3 0 4 6 18 13 10 0 0 16 0 11 22 0 0 0 0 9 0 0 0 0 0 
0 0 0 0 19 23 7 0 0 24 2 0 0 12 9 0 0 0 0 25 13 0 18 0 17 
0 9 0 24 15 0 21 12 0 25 0 18 8 6 14 0 3 5 0 7 0 0 0 16 0 
18 20 0 19 16 12 0 7 0 2 6 4 11 15 5 25 17 13 0 21 0 24 10 0 22 
0 25 6 0 5 11 9 15 0 18 0 0 12 7 0 1 0 0 0 0 17 16 0 0 0 
0 24 0 0 0 8 0 0 4 0 0 0 14 3 17 0 16 11 10 0 25 13 0 9 18 
0 0 0 0 13 10 0 16 0 21 0 0 1 0 25 0 0 0 0 0 2 0 20 12 6 
10 0 4 0 0 0 0 0 24 5 8 2 16 19 23 20 18 9 12 0 11 0 21 1 0 
