0 7 0 15 0 0 0 0 0 0 3 0 9 0 0 0 
6 0 0 8 0 11 0 0 7 9 0 0 2 15 0 1 
14 0 0 5 0 0 8 10 0 13 12 2 0 0 4 0 
10 11 2 0 9 0 5 1 15 8 4 0 13 6 0 12 
0 8 0 9 7 10 0 0 0 16 1 6 3 0 0 4 
11 0 0 6 5 0 0 3 8 12 2 0 10 13 0 0 
0 14 0 0 0 0 0 0 11 0 9 4 5 16 0 0 
0 0 0 0 0 0 9 2 5 0 13 0 8 14 6 11 
2 0 0 16 0 3 7 9 0 0 0 0 0 0 0 6 
0 1 9 0 0 0 0 15 0 0 5 0 0 0 0 8 
15 13 0 11 10 0 0 4 0 2 16 0 0 0 0 0 
0 0 14 0 8 0 16 6 1 0 15 12 0 0 5 0 
4 15 7 12 0 9 10 8 0 0 11 16 0 0 3 13 
9 0 0 1 0 0 11 0 0 0 7 0 12 2 0 0 
5 2 0 13 4 12 0 14 10 15 8 3 0 0 0 0 
8 0 10 14 0 16 13 0 12 0 0 9 4 0 0 15 
