0 0 12 0 16 3 0 15 0 0 2 11 6 0 0 4 
0 11 15 0 5 0 0 6 9 0 0 8 2 0 0 13 
0 6 0 0 0 0 0 13 0 7 0 0 0 0 5 11 
0 0 0 3 0 4 10 11 0 13 0 1 0 0 14 0 
4 0 0 11 6 1 15 8 2 0 7 0 10 0 9 0 
12 9 3 16 13 5 4 10 8 0 0 0 1 0 0 7 
0 0 0 0 12 11 16 0 0 10 0 3 14 4 0 0 
0 0 8 0 0 2 7 3 5 11 0 9 13 12 16 0 
11 0 4 6 8 13 0 0 7 3 14 0 15 9 0 0 
0 15 13 8 9 0 0 0 0 0 0 0 7 0 0 0 
7 10 0 14 4 0 0 12 11 0 16 13 3 8 0 2 
0 0 0 12 3 0 0 16 15 9 0 0 0 0 0 10 
0 0 0 9 11 6 0 7 1 0 0 0 0 0 0 14 
0 7 0 2 10 12 0 4 16 0 0 0 0 13 0 0 
0 0 6 1 0 0 0 5 4 2 0 14 16 11 0 0 
0 0 0 0 0 16 13 0 0 12 0 0 8 15 6 9 
