0 0 0 0 15 17 0 2 0 0 0 0 18 11 22 0 19 0 8 7 24 0 14 12 0 
17 0 6 2 8 0 0 22 0 12 0 3 15 0 10 11 13 0 0 20 18 21 19 0 0 
20 0 0 21 0 0 0 0 18 0 0 13 0 0 0 3 0 22 15 0 0 1 17 10 0 
0 23 19 0 7 0 0 10 16 8 14 24 0 21 0 0 12 18 0 17 0 0 13 0 11 
0 0 0 0 12 15 13 14 11 0 0 20 0 2 17 0 0 25 24 23 0 7 9 0 0 
12 0 18 0 24 21 9 15 0 0 0 0 0 23 6 0 10 4 2 8 17 0 3 0 0 
11 13 0 9 2 22 0 12 0 0 0 0 7 24 5 1 0 0 18 21 0 10 23 19 0 
0 0 0 1 10 0 0 0 7 20 2 8 0 0 18 12 0 0 3 14 0 0 0 0 21 
6 0 0 7 0 0 0 0 0 10 12 0 0 0 11 0 20 23 17 15 25 0 16 18 1 
14 8 0 0 0 0 1 13 5 0 0 25 16 10 3 22 0 11 19 0 7 0 12 0 0 
0 0 16 0 13 2 8 17 14 0 10 0 0 18 0 20 0 0 0 1 0 0 0 4 0 
0 0 20 11 0 12 7 0 13 0 17 0 0 0 9 19 0 6 25 0 14 0 8 24 15 
0 6 4 8 18 24 0 20 0 0 0 7 0 12 0 16 15 0 22 13 1 0 0 23 3 
0 0 0 14 9 0 0 0 3 4 0 0 20 0 0 8 0 0 12 0 19 0 0 21 16 
15 0 7 12 23 0 16 1 6 22 0 2 0 3 0 4 0 0 14 18 13 11 0 9 10 
2 1 0 0 19 14 0 16 10 7 0 0 0 0 24 18 0 12 0 9 23 13 11 20 6 
7 0 11 13 0 0 0 0 0 0 8 12 2 25 0 0 17 19 10 0 21 0 18 1 0 
0 9 25 20 0 3 24 19 8 0 0 0 11 6 16 2 0 0 7 0 22 0 0 0 0 
0 0 0 6 5 23 2 9 17 18 22 0 0 13 0 14 0 0 0 16 0 8 4 7 0 
18 4 10 15 0 11 0 6 12 0 7 9 14 17 1 25 0 0 20 0 16 19 24 2 5 
8 0 23 0 0 0 0 0 0 0 24 17 0 0 7 0 14 1 0 25 4 0 0 3 13 
10 2 13 24 6 7 0 8 0 9 23 11 0 0 4 0 0 3 16 22 15 0 0 0 19 
1 14 0 3 0 13 22 0 21 0 18 10 12 20 0 6 0 0 5 0 11 16 7 0 24 
0 7 12 5 0 10 17 3 20 2 13 16 6 14 21 15 0 24 9 0 8 23 1 0 0 
0 0 21 18 0 0 0 0 0 14 0 0 8 0 2 23 7 0 0 12 0 0 0 5 17 
