5 0 0 13 14 7 0 0 0 10 0 0 0 4 0 1 
0 3 0 1 0 4 6 0 0 0 0 15 9 2 16 8 
16 0 0 0 9 0 3 0 1 5 0 0 7 0 10 14 
7 14 0 12 0 0 11 10 8 2 0 0 5 0 0 6 
0 13 3 0 15 5 8 11 4 0 1 14 6 0 2 0 
9 0 14 0 13 0 0 0 0 0 12 0 0 11 5 0 
0 0 0 2 0 0 0 0 10 0 11 16 12 0 13 0 
11 10 0 0 3 0 0 0 0 0 13 0 16 14 0 0 
2 0 0 0 11 0 1 0 0 13 0 0 0 9 14 0 
15 0 0 14 0 0 4 0 0 0 0 0 1 6 0 2 
13 11 0 4 7 0 10 9 16 1 2 12 3 5 8 15 
8 0 0 0 2 12 15 0 0 0 0 0 13 16 11 0 
0 4 0 0 0 0 0 0 13 16 8 0 0 7 0 0 
0 9 15 0 0 11 0 0 12 0 0 10 2 0 6 0 
0 16 0 0 0 15 0 8 2 0 5 6 14 1 4 11 
14 2 0 8 0 16 5 6 11 0 0 0 10 12 0 0 
