0 22 0 0 19 18 17 9 20 0 1 23 12 3 0 4 0 0 0 0 13 0 11 0 0 
17 3 25 16 0 1 4 21 0 0 10 20 22 0 0 9 0 18 15 11 5 12 0 0 0 
15 11 0 0 20 0 0 3 23 22 21 14 0 16 0 0 12 5 1 8 9 18 24 10 17 
21 0 0 0 12 14 15 11 0 0 5 0 9 0 0 0 10 19 23 22 0 1 0 0 7 
14 0 4 0 0 5 19 6 0 2 18 7 8 0 15 0 13 17 0 0 0 21 0 22 23 
0 2 19 0 22 16 0 0 4 0 20 17 0 21 18 0 14 8 0 13 7 0 15 6 12 
0 0 13 7 17 0 5 0 2 0 16 0 0 22 0 0 15 20 0 0 0 0 18 11 0 
6 0 20 0 24 0 21 12 3 0 8 10 0 0 25 19 11 22 18 16 0 0 2 0 0 
5 0 16 3 21 15 0 0 22 0 12 2 0 4 0 10 0 7 25 0 17 14 23 0 0 
12 14 0 11 0 0 24 7 25 0 3 0 0 0 0 1 0 23 17 0 0 8 20 16 0 
2 19 3 0 0 0 11 5 24 0 0 0 25 9 23 0 0 0 22 0 12 0 10 13 15 
0 0 1 21 25 0 20 0 7 0 19 3 2 12 0 0 5 9 0 0 0 23 0 0 11 
4 0 7 0 15 3 0 0 0 21 0 22 13 14 0 11 23 0 0 25 24 9 8 5 20 
0 13 0 0 0 8 14 16 0 23 15 11 5 0 20 7 0 0 24 0 2 4 17 0 25 
20 5 23 0 0 0 0 0 0 0 0 16 24 0 0 0 0 13 10 0 6 19 0 0 0 
0 7 0 0 0 0 16 0 5 20 0 4 0 6 24 17 0 2 9 18 0 0 0 0 0 
18 0 0 0 4 10 6 2 0 17 9 0 0 0 0 0 0 0 0 0 0 22 13 0 24 
11 20 9 22 0 0 0 15 0 7 0 8 0 0 0 13 19 24 0 3 4 0 0 17 0 
19 0 8 0 0 11 0 24 1 0 0 0 16 0 7 22 0 4 12 23 14 0 9 15 5 
1 0 17 0 0 0 0 18 9 4 14 19 11 0 12 0 25 15 0 0 23 16 7 0 0 
0 0 24 4 2 23 0 13 0 0 25 5 18 10 14 8 0 0 16 1 15 0 21 9 6 
0 8 18 19 0 25 0 0 10 6 24 0 17 15 16 23 4 0 11 21 20 2 0 0 0 
0 9 0 1 6 20 2 14 0 0 0 12 3 0 21 25 0 10 7 0 22 0 0 24 0 
0 12 0 0 0 0 0 4 0 3 23 0 20 0 9 0 22 6 13 2 0 0 0 0 0 
0 0 14 0 13 0 0 0 16 0 11 0 7 2 0 18 9 12 19 0 0 0 3 23 4 
