13 0 9 0 0 15 7 0 12 0 10 4 0 1 0 11 
0 10 8 0 0 0 9 14 0 0 0 0 6 13 0 2 
0 0 0 0 16 0 0 0 6 14 0 0 12 10 3 0 
0 0 0 1 2 10 0 8 0 0 0 15 0 4 0 0 
0 0 2 0 0 0 10 0 16 7 0 0 0 14 0 0 
15 0 4 16 0 1 5 0 14 9 6 0 0 0 0 0 
9 0 0 3 0 14 15 7 0 0 0 0 10 0 4 5 
0 12 0 14 3 8 16 2 5 0 0 11 1 7 6 0 
8 15 12 0 0 2 0 6 3 5 16 0 0 0 10 4 
0 0 0 11 0 0 12 0 0 13 8 0 15 0 0 14 
0 3 16 0 0 0 0 15 2 0 0 7 11 0 0 13 
2 0 0 0 0 0 0 10 0 11 4 6 8 5 0 0 
0 9 0 12 4 6 1 16 0 2 0 8 5 15 0 3 
14 0 6 5 15 0 2 0 11 0 12 3 4 0 16 1 
16 0 3 0 0 0 14 0 0 0 1 0 2 0 9 6 
4 1 0 0 0 11 3 0 0 6 0 0 14 0 0 10 
