0 0 25 0 0 10 0 22 0 9 0 1 0 0 24 17 20 0 0 12 21 19 11 13 0 
2 21 0 13 10 4 5 0 14 17 0 7 0 22 0 3 6 25 11 0 0 23 0 9 0 
12 3 19 18 7 8 25 20 1 0 4 0 0 0 0 13 14 21 24 16 15 6 17 0 22 
0 15 11 1 0 2 3 16 12 0 20 13 0 21 10 0 19 18 5 4 25 14 0 0 0 
16 0 0 22 0 0 0 13 0 21 25 14 0 12 23 0 8 0 0 15 2 0 0 5 0 
0 19 0 2 0 0 0 8 15 0 7 0 25 24 0 0 0 0 3 0 0 9 6 16 13 
0 10 0 25 16 21 0 5 23 0 0 0 0 19 14 0 0 4 6 9 24 22 8 0 0 
6 0 0 0 8 19 0 0 0 0 13 0 0 9 4 0 21 0 15 14 20 0 0 0 12 
0 17 0 0 11 0 2 0 0 24 8 0 0 15 0 0 0 0 10 19 0 18 1 0 0 
0 9 18 0 0 3 12 10 22 16 21 5 2 0 6 7 11 20 0 13 0 0 0 0 14 
10 0 20 24 13 12 0 0 25 0 22 0 21 5 0 0 0 14 0 23 0 0 9 6 2 
0 2 21 0 25 0 0 7 6 10 15 3 0 4 18 0 24 0 9 0 1 0 0 12 17 
0 0 0 0 0 22 0 0 16 15 24 6 14 17 0 0 10 0 0 7 0 21 0 0 25 
17 0 8 0 0 0 9 1 0 5 0 0 0 0 0 0 18 0 0 0 0 4 0 24 0 
0 7 14 15 22 0 0 0 17 18 0 12 20 2 0 11 0 6 0 0 16 0 0 0 23 
13 23 6 5 0 0 10 4 24 3 2 0 7 14 0 0 0 15 17 11 0 8 25 21 0 
0 0 0 21 0 0 13 0 0 0 23 0 0 0 3 4 22 7 19 2 5 0 24 18 0 
22 8 0 16 0 25 0 0 20 11 6 0 0 1 19 5 3 23 13 21 9 12 0 0 7 
25 12 2 20 9 0 6 14 0 0 5 0 22 13 0 0 1 24 18 10 0 0 0 0 0 
0 4 3 7 0 18 0 0 5 8 9 21 0 10 11 0 25 0 0 0 13 2 23 0 0 
23 0 1 12 3 0 16 0 8 14 0 19 5 0 21 0 0 0 0 24 7 13 4 22 9 
18 0 4 17 0 0 0 24 10 0 16 9 11 0 7 0 0 0 0 22 23 0 0 1 0 
21 24 0 9 14 0 15 18 0 13 12 23 0 20 0 0 0 10 4 17 11 0 0 0 8 
0 0 7 0 15 20 0 0 11 22 14 4 24 0 2 0 5 12 0 18 0 0 21 3 19 
0 0 0 11 6 0 0 0 0 0 0 22 13 0 0 1 9 0 14 25 0 24 12 20 10 
