0 0 0 5 8 7 0 13 1 0 14 16 0 11 3 4 
0 0 0 11 0 0 10 0 4 2 12 0 6 5 8 0 
0 0 16 0 14 4 12 0 5 9 0 0 0 1 0 0 
0 4 0 0 0 0 6 5 3 11 8 7 13 14 0 12 
0 0 0 12 6 9 0 0 0 3 0 14 4 0 0 0 
8 0 11 3 0 10 5 0 9 16 0 0 15 0 12 14 
4 0 0 9 0 14 7 12 8 15 11 1 5 0 10 0 
0 13 0 14 0 0 3 0 7 0 0 10 0 6 9 0 
0 6 0 16 0 0 13 0 11 1 15 0 14 0 0 0 
0 14 4 0 0 5 1 0 0 7 0 0 0 0 11 10 
0 3 0 0 7 0 0 0 16 4 0 0 0 0 0 0 
0 11 1 0 0 0 4 0 0 14 0 0 7 0 13 5 
0 9 0 0 10 6 0 7 15 13 0 0 12 2 5 0 
16 5 0 6 0 0 14 0 0 0 0 3 0 7 0 0 
0 0 13 4 0 0 15 0 0 5 7 9 8 10 6 0 
0 0 7 1 0 0 0 0 0 6 0 11 3 4 14 13 
