7 4 12 0 1 0 3 0 0 0 0 0 6 15 0 9 
14 9 6 1 0 0 2 0 0 15 8 0 12 0 13 11 
0 3 13 0 12 0 0 0 14 0 0 11 5 0 0 0 
0 5 15 11 4 10 13 9 0 6 1 2 14 16 0 7 
4 7 16 0 10 13 0 0 15 0 3 14 0 5 0 0 
13 10 1 0 8 0 16 0 11 0 0 0 7 3 4 0 
0 0 0 0 0 0 0 12 8 0 0 0 1 0 0 0 
0 0 8 3 2 0 0 0 10 0 0 1 0 9 12 0 
0 0 14 7 9 0 0 10 1 0 0 0 0 8 5 16 
0 0 0 0 6 0 5 3 0 8 0 13 0 7 14 0 
0 0 3 0 7 0 0 0 0 0 14 0 0 1 0 0 
9 0 0 0 14 2 0 0 16 3 10 0 13 0 0 0 
3 0 4 8 13 0 0 5 2 0 11 0 0 0 7 14 
0 0 10 13 0 0 9 2 7 14 15 8 4 0 0 3 
16 0 7 0 11 0 14 4 0 1 0 0 8 2 15 0 
2 0 11 6 0 8 0 0 3 0 0 4 0 0 0 1 
