0 6 15 8 14 0 13 0 9 4 10 0 2 0 1 7 
3 7 0 0 6 11 0 5 8 0 13 0 10 0 0 0 
1 11 0 13 0 8 10 0 12 5 2 0 0 0 4 6 
0 0 5 0 4 2 1 9 0 6 0 0 13 0 0 3 
12 0 0 7 10 0 2 13 1 0 0 4 3 0 0 0 
9 0 0 15 0 5 11 0 13 16 0 0 1 7 6 4 
0 0 6 4 15 7 12 0 10 0 3 0 0 0 0 0 
0 0 0 0 0 16 0 14 2 0 0 0 8 0 0 0 
14 4 0 0 0 9 0 0 3 1 6 0 0 12 13 11 
0 0 1 0 0 0 0 0 16 0 0 15 4 0 10 8 
2 8 11 16 1 12 6 3 14 0 0 0 0 0 0 9 
0 0 0 0 0 10 16 0 0 8 0 0 0 0 3 2 
0 9 0 6 0 0 0 0 15 0 16 14 12 0 0 13 
8 0 13 0 0 0 14 0 5 0 0 10 0 0 0 0 
15 3 0 0 5 13 9 0 0 11 0 7 0 2 0 0 
11 5 16 0 12 0 3 2 0 13 0 9 7 0 0 1 
