0 1 0 0 0 3 10 0 15 0 16 6 0 11 8 0 18 0 9 5 23 22 0 0 0 
0 12 0 10 5 13 2 0 0 11 21 7 0 1 20 0 23 0 22 0 16 0 0 0 0 
0 0 0 18 0 24 0 19 0 0 10 17 0 15 25 3 0 4 0 16 6 11 0 5 0 
0 20 16 11 17 8 18 4 21 22 0 24 0 5 0 6 7 0 25 0 13 0 14 2 9 
0 0 4 0 8 23 5 0 6 16 3 13 0 0 9 10 21 17 20 0 15 0 0 0 0 
0 17 15 19 25 0 8 11 0 0 0 0 5 0 0 0 9 6 21 0 0 14 1 0 2 
0 23 5 20 0 0 0 0 16 0 8 0 6 0 22 24 12 10 0 0 0 17 0 3 0 
0 6 0 0 0 5 14 18 10 0 19 0 0 0 0 0 22 3 8 0 0 16 0 0 0 
0 21 3 8 1 0 0 23 0 6 0 0 0 16 14 0 0 0 0 0 5 13 9 0 0 
0 0 11 0 0 17 19 13 9 0 1 0 15 23 21 5 4 25 0 2 8 18 0 22 0 
21 7 0 0 22 11 13 10 5 25 17 23 9 0 0 18 0 16 2 0 0 0 0 0 8 
13 11 12 0 0 14 0 6 0 0 15 8 18 22 0 21 25 0 0 0 3 20 23 0 16 
0 0 23 16 0 0 21 8 4 9 20 0 0 0 0 22 0 0 24 0 0 19 5 0 0 
5 0 0 0 3 0 0 0 0 0 0 0 7 0 0 0 15 8 0 0 22 0 10 11 0 
8 2 20 0 10 1 15 22 3 0 0 5 16 6 24 19 0 0 0 12 4 21 0 9 14 
20 3 8 2 18 9 0 0 7 0 6 14 0 21 1 11 24 0 4 22 10 23 16 0 5 
0 4 13 23 19 0 0 24 0 0 22 0 10 9 11 0 0 5 3 0 18 0 2 20 0 
25 0 0 0 0 12 23 0 0 0 24 0 3 7 0 0 13 0 0 20 9 0 19 0 11 
17 5 0 0 12 0 0 3 11 13 2 18 20 8 23 9 0 21 0 0 14 25 0 24 4 
0 24 0 1 11 10 22 0 0 0 5 12 13 0 0 0 0 0 23 0 17 7 0 6 0 
2 0 0 0 20 0 9 14 17 8 12 15 0 10 7 0 1 22 16 24 19 0 13 0 3 
0 15 0 4 0 0 11 2 22 0 9 0 0 17 0 0 0 0 0 14 0 0 0 0 10 
14 0 17 7 0 0 6 25 0 24 13 0 21 0 3 2 0 11 10 0 12 9 15 0 22 
11 0 0 5 21 0 0 0 20 0 14 22 0 0 0 12 8 23 0 17 24 4 7 16 6 
0 10 22 3 23 0 12 16 13 7 4 19 0 24 5 0 0 0 0 21 25 0 0 0 17 
