0 14 0 0 0 7 0 8 16 0 3 0 0 0 4 12 
0 0 13 12 0 2 0 3 0 4 10 5 0 0 9 15 
9 0 0 8 0 0 0 16 15 7 12 0 0 0 14 10 
2 6 0 0 0 0 15 10 0 0 0 0 7 0 0 0 
0 1 0 0 2 0 0 9 10 0 0 0 0 0 0 6 
6 0 11 0 0 0 10 13 0 16 0 0 0 0 2 0 
0 0 0 2 11 16 7 5 0 0 9 6 13 10 0 3 
3 0 7 4 0 0 0 15 0 5 13 12 1 0 0 16 
0 7 16 0 0 11 12 4 0 0 0 3 6 5 1 8 
0 9 0 15 0 13 8 0 5 0 16 0 2 12 0 0 
12 3 0 0 6 0 2 0 0 15 0 0 4 16 10 0 
5 0 1 0 3 9 0 7 8 0 0 10 0 13 15 0 
0 0 6 0 0 10 3 11 12 0 0 16 9 15 7 0 
0 0 2 5 0 0 0 0 0 9 0 0 0 3 16 13 
8 0 0 3 16 15 13 2 0 10 0 0 0 11 0 0 
11 16 0 7 4 0 0 0 0 3 15 13 10 14 0 0 
