0 0 3 0 11 15 0 22 25 0 0 0 0 16 23 0 6 0 0 20 2 1 0 0 0 
18 23 14 16 0 0 7 0 1 5 0 15 0 20 0 8 2 21 25 0 22 0 0 0 0 
20 5 0 2 22 10 0 18 0 0 6 24 0 0 0 9 14 4 0 1 11 0 13 7 0 
0 6 19 13 0 0 2 0 0 24 9 0 0 1 0 17 5 0 0 0 0 0 12 18 20 
1 24 0 7 9 0 20 0 6 16 22 2 5 11 13 15 0 0 23 0 0 14 10 21 19 
0 0 0 5 0 13 19 15 24 0 12 0 6 10 0 22 0 20 17 25 0 18 0 11 4 
15 0 0 0 0 0 9 16 22 0 0 18 8 25 17 4 23 0 19 0 0 5 7 0 6 
0 0 0 8 0 11 0 10 7 0 21 22 13 0 0 0 18 12 0 0 0 19 0 0 24 
19 17 21 0 4 0 3 0 18 0 0 20 23 24 15 16 7 6 0 0 0 9 8 0 13 
13 0 0 10 0 23 0 14 0 6 2 16 0 0 0 11 0 0 0 0 21 22 25 15 0 
10 4 15 9 6 12 21 0 13 2 24 1 11 0 0 0 16 17 20 7 0 0 19 22 0 
25 8 22 0 7 6 0 0 0 20 17 0 16 12 10 19 0 5 0 0 0 4 3 2 0 
0 0 0 17 13 0 11 1 5 15 25 19 7 22 0 24 0 0 4 6 12 20 21 0 0 
0 11 20 19 0 0 0 3 0 18 13 0 21 23 6 0 0 0 2 12 15 7 0 0 9 
21 14 12 0 0 0 0 7 19 22 20 0 0 0 2 13 0 23 3 0 25 6 24 0 11 
0 10 0 0 17 1 22 20 0 0 0 0 4 0 14 0 0 3 18 8 5 0 6 0 7 
2 20 0 3 18 0 0 24 16 4 15 0 25 0 0 0 22 0 0 19 0 10 23 0 0 
0 12 0 0 21 0 5 19 10 0 8 0 24 0 0 0 1 16 0 14 9 15 20 0 22 
0 0 6 25 0 0 18 0 0 3 0 0 0 0 22 0 20 10 0 23 24 11 0 0 21 
5 22 0 0 8 7 0 2 14 9 0 0 0 3 19 0 0 15 0 17 1 0 18 0 25 
0 16 7 0 0 18 23 13 0 17 0 0 2 21 0 0 0 14 10 22 0 0 0 0 12 
23 0 4 0 3 0 0 0 0 0 7 0 22 0 0 0 13 0 9 16 8 0 1 0 18 
17 0 0 0 25 24 16 6 0 11 0 0 0 14 0 0 19 1 0 4 7 13 22 20 2 
11 0 8 0 1 0 0 4 3 0 0 12 18 0 20 0 17 0 7 24 0 0 0 0 10 
0 18 0 20 2 19 1 9 12 0 0 13 0 15 16 23 3 0 0 0 0 17 0 24 0 
