16 0 12 0 0 6 0 0 2 0 14 0 9 0 0 10 
3 0 0 0 8 2 9 0 0 4 0 16 14 15 0 0 
9 0 0 0 0 0 7 16 0 0 8 0 0 2 0 13 
0 0 0 0 3 0 10 0 6 9 0 0 0 0 11 4 
13 0 14 7 0 0 0 0 0 11 4 5 0 9 10 0 
5 3 8 0 14 10 11 9 0 0 15 0 0 16 0 1 
0 0 0 0 0 0 4 0 9 3 10 0 0 0 0 0 
4 11 0 9 2 12 0 0 8 0 1 14 0 0 0 3 
0 0 0 15 0 11 16 1 4 0 0 10 3 14 0 12 
0 14 0 0 7 0 0 10 0 0 13 0 0 1 15 16 
12 0 2 0 15 0 8 0 0 0 0 0 0 0 0 0 
10 0 11 3 12 4 0 0 1 15 7 0 0 6 8 2 
14 12 0 4 11 0 13 8 15 0 0 0 0 10 1 9 
11 0 0 0 0 16 15 4 10 5 0 0 6 0 0 0 
15 0 3 6 0 5 0 2 0 1 0 4 7 11 16 0 
8 10 9 5 1 7 14 6 11 0 16 0 0 0 0 0 
