0 14 12 15 9 0 3 0 1 0 4 6 8 0 13 0 
0 1 0 5 0 13 0 12 0 0 0 9 10 4 16 0 
0 0 11 0 0 0 0 0 0 13 0 0 0 0 0 0 
0 0 0 9 0 10 7 4 14 0 5 0 6 3 15 0 
0 0 15 0 0 11 14 3 0 8 0 2 0 6 0 4 
13 8 1 16 0 0 0 0 0 0 12 0 0 0 0 11 
5 0 6 7 15 12 2 10 9 3 11 0 1 0 0 16 
11 3 0 0 0 0 0 0 0 0 0 0 15 0 0 0 
15 9 2 0 0 16 0 7 3 0 14 11 0 0 10 8 
7 6 0 10 3 0 0 8 0 9 16 15 2 14 11 0 
0 13 0 0 2 0 11 0 12 0 0 0 0 0 1 3 
0 0 0 0 0 15 0 9 0 2 0 0 0 13 0 0 
0 0 16 3 4 9 0 11 0 0 2 0 14 0 8 15 
14 5 0 0 0 3 0 0 0 15 9 8 11 0 0 7 
0 0 9 4 5 0 0 0 11 14 3 7 0 0 6 13 
0 12 8 0 0 6 15 14 0 1 13 0 5 9 3 10 
