9 0 0 8 0 0 0 0 6 13 0 0 0 12 0 0 
0 0 16 5 6 0 14 0 11 4 12 15 3 2 0 0 
14 0 0 0 11 9 15 12 0 2 0 0 16 6 0 10 
0 0 6 13 10 8 2 0 14 16 0 0 7 5 0 0 
0 0 12 6 14 5 0 0 0 8 0 0 0 4 0 3 
11 0 0 0 8 4 0 13 12 10 14 3 2 15 0 6 
0 0 0 1 0 0 0 0 16 5 6 2 10 0 0 0 
2 0 0 0 0 10 0 16 4 15 0 7 0 11 0 0 
3 2 11 0 0 0 0 10 7 0 8 0 14 9 0 0 
0 0 13 0 0 12 0 0 15 0 0 4 0 0 0 0 
0 0 9 12 0 0 13 4 3 0 16 0 0 8 10 2 
0 5 10 14 15 1 8 3 0 0 0 0 12 16 11 7 
7 0 0 4 5 0 0 0 10 0 11 14 0 1 6 15 
6 0 0 0 0 0 0 0 0 0 0 16 0 13 7 0 
5 8 0 0 13 7 0 6 2 9 0 1 0 10 3 16 
16 0 0 10 0 0 0 15 8 0 13 6 0 0 0 0 
