0 0 7 15 0 0 0 0 0 14 13 0 2 0 0 10 
13 8 0 2 0 6 0 4 0 7 10 0 0 0 0 14 
0 14 0 16 2 0 10 0 0 6 0 0 0 0 0 0 
10 9 0 0 7 0 0 1 0 15 0 8 0 13 0 12 
15 10 5 0 11 3 0 0 9 0 6 13 4 0 7 16 
6 0 8 0 10 13 14 0 0 4 0 11 0 0 5 0 
16 0 0 0 6 4 15 0 8 12 0 14 0 1 3 2 
0 0 4 0 0 5 16 8 0 0 0 3 0 0 0 11 
0 0 3 0 15 0 0 11 7 0 1 0 12 0 16 0 
1 0 0 7 16 8 0 10 15 11 0 0 14 9 0 0 
9 15 16 11 0 0 0 0 10 0 3 6 0 4 0 0 
0 4 2 10 0 0 0 3 0 9 12 16 15 0 0 13 
0 0 12 1 14 11 0 0 0 5 8 0 0 0 0 6 
11 0 15 0 4 0 0 0 13 1 14 0 8 0 10 5 
0 7 0 0 0 0 5 0 0 3 0 0 1 16 12 4 
5 13 0 4 0 1 8 0 0 0 0 2 0 0 14 7 
