23 0 17 12 0 0 18 19 0 16 11 0 0 3 5 22 0 0 20 0 0 0 0 2 9 
11 9 8 15 0 0 5 14 0 24 0 19 12 16 1 0 0 25 0 17 10 0 3 21 20 
21 14 4 0 19 25 9 10 0 0 18 0 0 0 0 6 0 5 0 13 0 12 22 16 0 
0 3 0 10 16 12 0 0 17 23 0 20 25 2 22 0 9 0 15 0 0 0 1 0 0 
0 0 20 22 7 0 0 0 0 1 0 14 0 9 0 0 11 0 16 0 19 25 0 0 24 
20 0 0 4 17 0 16 24 19 0 7 11 0 0 8 23 14 2 0 3 1 22 12 0 18 
0 22 0 0 0 20 10 0 0 12 17 0 0 0 0 0 16 4 0 25 0 13 0 23 0 
0 0 0 13 11 0 0 0 8 17 24 4 3 0 14 15 21 6 0 19 25 0 9 20 0 
25 0 12 0 5 9 21 0 11 0 19 1 13 22 16 20 17 18 0 10 6 2 7 8 4 
18 8 3 0 0 0 6 0 0 0 9 23 2 0 0 5 13 11 0 12 0 17 0 24 19 
6 0 0 0 14 24 17 16 1 7 23 0 20 5 11 0 0 0 0 0 9 0 4 25 0 
16 4 0 24 8 11 13 0 0 0 22 0 0 19 0 0 0 0 0 2 18 1 0 0 7 
0 11 0 0 0 8 15 0 18 22 16 0 4 0 3 0 5 0 0 1 0 10 6 14 13 
22 7 0 0 10 0 12 0 21 0 0 13 9 0 25 0 15 0 0 11 20 0 0 0 23 
13 0 0 0 0 2 0 0 10 0 0 6 0 1 7 0 0 0 17 4 16 8 0 11 22 
0 0 0 0 0 0 23 1 0 5 21 3 22 0 20 2 0 0 0 7 8 0 13 4 0 
1 0 0 3 0 0 0 0 14 0 0 15 19 0 24 0 4 20 12 9 23 16 0 0 11 
0 20 19 0 0 10 3 2 0 8 0 0 0 0 18 0 0 0 0 6 0 7 0 0 0 
8 16 9 0 0 15 4 0 24 0 1 7 23 0 0 3 0 10 21 14 0 20 18 5 0 
4 10 0 6 24 22 0 17 0 0 25 16 14 13 12 0 0 0 0 23 2 0 21 19 0 
9 0 6 17 15 23 1 0 2 18 0 25 16 7 19 0 8 22 0 5 14 21 20 12 0 
3 0 11 20 0 0 25 0 6 10 0 18 5 0 9 17 1 24 14 15 22 4 19 13 8 
0 18 22 0 25 0 24 12 3 0 0 0 1 11 4 0 0 0 6 0 0 0 0 0 10 
0 5 16 0 0 0 22 8 0 0 0 0 24 14 13 19 0 0 0 0 15 11 0 0 0 
0 1 13 8 0 17 19 0 5 0 0 0 0 0 15 11 25 3 0 20 0 24 0 0 2 
