0 0 0 11 0 0 0 23 0 0 4 5 0 15 18 0 9 7 6 1 0 0 0 0 13 
0 22 15 13 14 0 0 0 0 2 20 0 19 0 0 25 18 0 10 12 0 9 0 0 3 
12 17 0 3 5 0 0 20 0 0 0 6 21 10 7 13 0 0 8 2 23 19 18 0 0 
2 0 0 4 23 0 13 0 10 18 16 1 0 0 22 24 15 19 5 0 12 20 0 0 0 
18 0 19 0 10 5 24 11 3 0 0 2 0 0 25 4 17 0 0 23 14 1 0 16 0 
0 15 2 0 0 16 4 18 0 0 0 0 23 0 9 0 0 12 7 17 19 0 14 0 11 
0 5 0 0 8 20 23 15 24 0 11 10 22 25 2 0 0 13 0 0 0 6 4 0 7 
0 0 21 0 7 0 0 10 13 3 6 8 4 20 0 5 22 0 0 15 0 18 0 2 9 
22 0 23 19 0 2 0 7 8 0 14 0 12 0 0 10 0 16 18 9 0 24 0 0 17 
13 10 11 24 0 12 0 6 0 0 18 15 17 0 0 19 0 23 2 4 0 5 3 0 0 
0 18 24 0 0 0 0 3 17 5 10 23 0 0 0 0 0 0 14 0 0 0 0 0 0 
5 7 6 10 21 1 19 0 0 0 8 14 3 0 0 9 0 17 23 11 0 0 16 0 0 
0 25 0 2 15 14 16 0 0 0 0 7 0 0 20 0 0 22 0 0 6 0 0 10 23 
0 0 14 12 13 21 0 9 0 0 0 11 25 22 0 16 0 24 15 18 2 3 1 0 0 
11 0 0 23 0 22 0 13 25 20 5 12 2 0 15 0 3 10 0 0 24 17 0 0 14 
0 6 16 1 17 0 22 0 0 0 15 18 0 0 0 0 12 3 9 7 13 4 25 0 0 
0 0 22 0 9 0 0 0 6 13 0 3 24 8 11 17 5 0 0 0 20 7 12 19 0 
15 2 3 18 0 24 5 21 12 16 7 0 0 14 23 0 0 0 0 6 9 0 17 0 10 
8 0 20 0 11 0 17 4 0 7 0 9 1 0 0 0 0 0 0 10 15 16 6 0 21 
0 14 0 0 12 0 9 25 0 11 17 0 6 4 10 0 0 0 0 19 5 23 0 18 0 
21 0 7 0 24 0 20 5 0 0 23 0 9 11 0 0 0 2 17 22 0 12 0 1 6 
0 3 5 0 0 10 0 0 11 21 0 0 0 17 1 0 7 0 19 25 18 13 0 23 16 
0 0 4 15 0 7 0 0 16 0 0 0 0 2 5 12 14 0 3 0 0 11 0 25 19 
0 0 10 17 0 6 0 19 15 23 0 22 18 0 0 0 1 5 0 0 4 0 0 7 0 
1 19 12 8 18 0 0 22 9 0 25 0 7 6 14 0 0 4 11 16 10 21 2 17 0 
