20 13 0 1 9 10 24 19 8 12 7 23 0 3 14 0 21 5 0 0 11 0 0 6 0 
11 0 0 24 7 0 0 14 0 22 0 15 0 0 0 23 18 6 9 0 0 10 0 21 0 
0 15 12 0 25 3 11 0 13 0 6 10 9 0 18 1 0 0 17 0 19 0 0 0 0 
10 0 0 23 16 18 0 0 20 0 0 0 0 0 0 7 0 4 24 8 13 15 25 14 0 
14 4 0 0 0 17 16 0 15 21 0 0 25 0 22 0 13 12 2 0 0 0 3 9 5 
0 0 0 7 1 0 3 0 0 19 14 2 0 4 23 12 0 0 6 25 5 21 16 0 0 
0 20 0 6 4 14 1 8 21 5 0 0 0 0 10 18 2 0 16 22 15 23 0 0 12 
0 16 0 22 0 2 12 0 24 0 0 19 17 5 6 0 4 0 20 0 8 18 14 0 0 
3 14 0 0 0 16 0 15 0 23 25 22 21 0 0 13 7 0 0 0 0 0 11 17 10 
5 0 19 0 0 22 0 17 7 6 0 18 0 9 16 24 1 14 10 0 0 0 0 0 0 
12 0 25 16 2 24 10 18 0 0 17 1 3 6 7 21 22 19 4 0 0 20 5 0 14 
0 0 3 10 0 20 17 1 12 0 5 0 0 8 21 0 0 18 0 13 0 9 19 0 0 
8 0 0 0 0 23 0 0 0 14 0 0 18 2 19 9 10 0 7 0 22 0 12 13 15 
0 0 23 19 0 15 5 2 0 3 0 0 14 10 12 0 6 0 0 11 0 0 24 16 0 
4 6 0 17 18 0 0 21 0 8 0 20 13 11 15 16 5 23 0 0 0 0 10 2 0 
0 0 0 0 17 0 15 0 0 10 0 0 5 0 13 6 12 0 23 2 25 8 0 20 11 
0 0 21 0 14 0 18 0 6 16 1 0 0 0 20 4 0 0 0 7 10 5 0 3 0 
0 0 0 0 0 0 0 22 2 0 10 0 8 23 9 0 15 24 3 18 17 12 1 4 6 
0 0 0 3 0 0 8 11 5 0 0 21 0 0 0 14 0 25 0 17 0 0 22 15 0 
1 0 5 4 0 13 0 0 0 0 11 3 6 0 2 10 0 0 0 20 0 14 0 0 19 
6 0 11 13 3 8 21 5 4 24 0 0 0 17 25 19 14 7 0 0 2 22 0 0 0 
0 0 0 0 0 1 22 0 14 17 2 0 0 24 0 0 0 0 25 0 0 11 8 5 13 
17 0 0 14 0 0 7 20 19 0 18 0 15 21 11 8 0 3 5 4 0 0 6 0 0 
16 0 0 15 5 0 25 10 0 0 4 8 0 22 1 20 23 13 0 9 14 24 17 12 21 
0 0 1 8 0 0 0 16 23 15 20 6 0 0 0 22 17 0 0 0 0 19 4 7 0 
