23 0 3 0 20 13 4 2 21 6 16 7 0 0 5 15 0 14 0 18 0 12 24 1 19 
0 0 21 19 0 11 0 0 0 1 0 0 10 0 0 24 7 0 4 3 0 9 0 0 8 
2 0 0 0 5 25 7 9 0 8 0 21 12 0 24 16 11 23 22 0 13 18 0 0 20 
0 22 9 0 17 23 0 19 0 24 11 0 0 18 0 8 0 0 13 0 21 0 2 0 15 
15 24 4 12 11 17 18 20 14 0 2 13 0 1 19 0 0 0 21 6 10 0 0 0 7 
0 18 22 15 19 0 0 4 24 9 0 0 13 23 7 21 0 3 6 0 2 0 0 17 0 
6 7 2 1 0 0 0 0 0 20 9 0 0 14 8 11 0 10 12 17 24 0 23 0 18 
13 23 14 0 3 0 5 1 15 25 0 0 24 0 4 2 0 7 0 16 20 0 21 19 0 
21 0 0 0 8 0 0 11 12 7 19 10 0 15 0 0 1 0 24 23 25 14 0 0 0 
0 20 24 0 0 0 0 0 23 13 0 0 21 0 16 22 0 0 19 0 8 0 9 0 6 
0 21 25 6 15 0 13 0 0 0 14 4 19 8 0 10 16 0 11 22 17 24 7 0 2 
8 0 20 11 0 0 0 24 16 18 0 0 0 10 2 0 0 17 0 0 0 25 15 21 23 
0 0 23 0 18 19 0 3 0 4 0 0 0 5 1 0 0 6 9 21 0 8 14 0 0 
14 0 0 0 2 0 0 6 0 10 0 3 0 0 0 0 25 0 7 1 0 0 13 9 22 
0 17 0 7 22 9 14 5 8 0 0 20 0 16 25 19 0 0 15 12 3 6 10 0 1 
17 15 0 0 0 24 19 10 2 0 0 16 0 25 6 14 21 12 18 0 0 0 4 11 13 
0 4 7 0 0 8 1 0 0 21 0 0 15 13 23 17 0 20 0 0 18 0 19 10 14 
25 11 10 0 0 12 16 0 0 0 7 8 4 0 21 23 24 9 0 15 0 0 0 2 0 
0 0 0 0 0 22 0 0 0 0 20 2 0 12 17 0 0 0 10 8 7 15 0 24 25 
0 0 6 0 0 15 9 0 20 0 0 0 18 0 0 25 13 0 0 4 23 21 0 0 0 
0 0 15 23 0 4 0 16 10 0 25 24 0 6 18 12 17 0 0 13 1 0 0 0 0 
0 0 0 0 0 5 0 0 11 0 8 0 16 21 13 0 3 15 0 0 22 7 0 4 24 
0 0 17 13 6 1 0 0 0 0 0 15 20 0 11 5 0 0 25 0 0 2 18 12 0 
24 16 11 21 0 3 25 23 0 15 0 0 9 0 0 0 0 0 20 0 0 0 0 6 5 
1 0 18 25 4 0 6 0 0 12 0 0 0 17 22 7 19 11 16 0 15 23 0 13 21 
