12 20 18 10 22 0 0 0 3 0 15 5 0 1 24 0 2 0 23 16 8 21 6 9 19 
0 11 0 7 8 0 14 0 0 0 3 0 21 0 9 17 0 12 0 5 0 24 18 22 23 
0 0 0 0 2 0 12 0 0 24 0 13 0 0 0 9 4 0 0 0 0 14 25 0 10 
23 5 9 19 0 21 18 0 8 0 0 10 11 7 0 14 0 0 1 0 0 16 0 4 17 
14 0 13 24 1 23 9 0 7 6 0 8 22 4 0 20 19 0 18 3 0 12 15 2 0 
18 0 0 0 15 0 20 3 19 0 0 11 8 0 21 2 24 0 16 17 9 10 1 13 7 
0 0 0 0 23 0 6 24 5 0 7 0 1 3 25 12 0 11 10 9 18 20 0 0 0 
20 0 11 0 0 10 0 21 2 0 6 0 24 0 0 18 0 0 19 0 0 17 8 0 0 
1 0 0 13 0 9 0 0 18 7 10 20 17 0 0 0 6 0 0 23 14 0 19 0 21 
0 17 0 0 25 0 22 4 11 0 19 0 16 0 15 21 0 7 20 1 0 0 0 3 2 
0 0 0 8 10 1 23 14 17 2 22 16 3 11 0 19 0 18 21 0 25 0 4 0 13 
6 0 24 11 9 0 5 25 0 8 12 15 7 0 2 0 0 3 14 0 20 0 0 0 1 
0 0 0 0 14 15 19 18 24 0 5 17 0 0 4 0 0 23 0 0 0 0 3 0 12 
25 23 0 0 3 0 0 12 0 21 8 14 0 0 18 0 22 17 0 0 11 0 24 0 15 
17 18 5 20 0 7 3 11 6 0 0 1 0 0 10 4 0 2 12 25 16 0 0 21 0 
22 0 0 0 0 0 0 6 0 0 9 0 18 0 14 0 25 1 0 0 21 0 7 0 5 
15 0 20 3 0 4 0 0 12 18 21 0 13 0 1 0 23 14 6 0 0 0 2 11 9 
5 13 0 0 0 0 21 17 15 1 0 0 0 0 11 0 9 8 0 0 19 0 0 0 20 
0 0 12 0 0 0 0 0 0 11 25 0 0 0 0 0 17 20 5 18 0 0 23 0 0 
0 14 0 18 11 5 0 0 0 0 24 2 20 0 0 3 7 0 13 21 15 1 12 0 6 
0 0 22 12 20 6 0 9 14 10 17 23 0 0 7 8 0 16 0 0 1 5 13 0 18 
0 0 0 0 0 18 0 0 23 5 14 24 10 22 8 15 0 19 3 7 6 4 0 0 0 
24 0 0 14 0 0 4 0 21 0 0 0 0 18 0 22 1 0 11 2 17 7 0 23 16 
0 0 0 15 7 3 0 0 0 0 1 21 4 16 0 0 0 9 0 0 0 22 10 0 8 
0 8 25 0 18 0 7 22 16 12 0 19 5 9 13 0 20 0 17 6 2 15 21 0 0 
