7 0 0 1 2 4 0 0 0 0 10 5 0 9 0 11 
11 4 15 0 6 16 0 8 13 14 0 9 0 7 0 1 
10 14 0 0 0 15 0 9 0 0 3 7 0 16 0 0 
0 5 0 9 11 7 10 0 16 0 2 4 15 12 3 14 
9 0 11 0 0 10 0 0 12 0 7 0 8 0 0 15 
16 15 0 0 0 0 0 0 14 0 4 0 10 0 12 9 
0 10 3 0 13 5 14 4 15 0 16 6 7 0 1 0 
13 7 0 14 9 12 0 15 10 0 1 0 0 3 0 5 
0 0 4 6 5 0 16 12 3 8 0 0 0 0 15 7 
0 0 0 0 8 0 0 2 1 0 0 15 0 5 0 3 
0 0 0 0 0 14 6 3 7 0 5 12 0 4 0 0 
0 3 5 7 4 1 15 0 0 0 0 0 12 0 13 0 
0 0 0 0 0 11 0 0 4 7 0 0 0 0 0 10 
0 0 0 0 15 0 0 0 0 0 0 0 9 0 0 0 
4 6 10 12 0 8 0 7 2 0 0 1 3 0 5 16 
3 0 0 15 0 0 0 10 0 0 9 14 0 8 0 0 
