0 0 0 0 0 2 0 12 4 0 0 6 10 1 0 5 
0 0 11 16 0 8 6 0 0 7 1 3 0 0 4 0 
2 0 7 0 0 9 0 4 12 0 10 8 16 0 11 0 
0 0 10 12 5 1 0 0 13 0 15 2 3 7 0 9 
0 8 0 9 0 0 0 15 7 0 2 5 0 0 0 0 
0 2 0 4 12 6 0 0 0 0 14 1 11 16 7 0 
15 7 0 14 0 0 9 0 0 11 0 12 5 0 0 10 
0 0 0 0 7 0 4 0 6 3 0 0 0 0 0 0 
12 11 13 0 4 15 0 9 1 8 3 0 14 6 0 7 
0 0 16 0 0 0 12 0 0 2 0 0 15 11 5 1 
5 14 1 10 2 3 16 6 0 0 0 11 12 8 0 4 
0 9 8 0 0 14 10 0 0 0 0 4 0 0 0 0 
0 10 0 0 3 0 0 14 16 0 0 7 0 5 1 0 
6 0 14 5 10 11 15 0 0 1 8 0 0 12 0 16 
0 0 4 0 0 0 2 16 3 0 6 0 0 10 0 0 
16 0 0 7 0 0 0 0 0 0 5 13 9 0 0 3 
