23 0 0 22 24 15 0 0 4 25 20 0 5 9 0 19 0 0 0 18 13 16 11 17 0 
0 0 0 18 0 0 19 8 10 0 13 0 25 11 0 0 1 0 2 7 23 0 14 20 0 
0 8 6 3 20 11 0 13 1 0 4 15 12 0 0 0 16 5 17 23 21 19 18 25 24 
0 13 0 0 1 0 0 16 0 0 14 18 22 19 0 0 10 24 0 4 0 7 0 9 5 
9 12 0 0 17 0 0 0 0 5 0 0 1 0 21 20 0 0 14 25 0 0 4 0 0 
0 0 0 0 0 23 0 0 13 0 1 0 0 12 0 0 0 0 0 0 11 15 5 0 0 
18 15 5 23 0 0 1 6 0 0 0 0 0 3 0 0 11 10 19 0 0 14 0 2 21 
12 9 0 0 0 0 0 15 11 0 25 20 6 0 18 23 0 0 0 21 19 0 0 0 8 
0 3 2 0 7 0 0 19 0 0 0 14 11 13 0 16 5 0 18 0 0 0 22 0 25 
0 20 0 16 11 25 10 2 0 0 0 5 24 0 0 8 0 4 0 0 0 0 13 0 0 
0 0 15 0 3 19 0 10 25 4 5 0 23 0 12 18 22 0 21 20 0 13 0 0 14 
0 22 7 14 0 20 15 17 3 18 10 2 13 16 0 5 0 8 23 11 0 0 25 4 12 
21 5 25 0 18 0 7 0 16 0 0 1 8 15 11 10 0 12 13 17 22 20 24 19 0 
0 0 20 12 0 5 0 11 0 0 17 21 7 22 0 1 4 0 9 15 0 0 0 16 0 
13 10 8 17 19 0 0 22 0 1 0 0 14 4 0 0 0 16 0 2 7 9 15 0 0 
0 14 0 21 0 1 3 7 5 0 0 0 19 23 0 6 25 0 0 24 0 0 16 0 2 
15 7 13 11 0 0 25 0 19 0 0 0 18 0 0 0 21 3 0 0 0 0 9 0 0 
0 0 12 0 5 0 0 21 0 0 9 10 0 1 0 14 15 18 0 0 0 23 0 11 7 
24 0 0 0 10 18 0 4 15 0 22 6 3 0 0 2 9 23 7 0 5 25 0 0 13 
0 0 18 0 0 16 0 20 6 9 24 0 15 17 25 11 0 13 0 0 1 3 21 12 0 
11 0 0 5 15 9 13 1 17 0 0 0 10 0 2 12 0 0 25 0 14 6 7 0 4 
17 25 23 2 4 0 11 24 0 22 0 13 0 14 0 9 20 0 6 0 16 0 0 15 3 
20 19 0 10 0 3 12 0 8 14 6 0 17 18 4 7 24 2 15 0 25 11 0 0 0 
0 1 0 0 0 0 2 0 0 0 11 0 16 24 3 4 17 0 0 10 18 8 23 13 0 
0 24 3 6 12 4 16 23 7 0 0 0 9 25 0 13 0 1 0 0 20 2 0 21 0 
