8 0 0 5 0 0 4 0 0 13 1 0 15 0 6 2 
16 0 0 0 0 0 15 2 0 0 0 0 9 0 0 0 
0 1 15 13 0 16 6 8 3 12 0 0 0 5 10 0 
0 2 0 9 10 0 3 0 0 0 0 6 1 0 13 16 
1 3 0 0 0 0 0 13 16 10 0 0 2 0 0 15 
7 0 0 0 0 0 0 1 11 0 0 0 10 13 16 12 
0 0 13 0 0 0 5 10 0 0 0 9 0 11 0 0 
9 10 0 6 0 0 11 16 0 7 0 0 0 0 0 5 
13 0 8 4 1 10 0 0 2 0 5 7 16 0 11 0 
0 11 0 0 3 0 0 9 6 0 0 12 5 1 14 13 
0 5 0 14 16 13 0 6 0 0 0 0 12 15 7 4 
0 0 1 0 5 4 0 11 9 16 13 14 3 2 0 10 
0 0 6 0 0 14 1 0 7 2 10 15 0 0 0 0 
0 0 10 3 6 0 0 0 0 0 14 1 0 16 5 8 
5 0 7 0 2 11 0 0 0 9 16 0 6 0 15 1 
15 0 0 1 9 12 0 0 0 0 6 0 14 0 0 7 
