0 2 9 5 16 0 20 11 0 21 0 12 10 0 0 0 0 3 0 0 17 19 6 1 0 
22 0 0 8 24 0 7 1 0 23 2 13 15 20 16 0 0 19 0 0 0 3 25 4 9 
7 3 12 14 0 0 19 0 0 10 1 0 0 18 0 0 9 25 4 0 24 16 0 23 0 
0 25 17 0 0 0 9 18 3 2 14 8 0 0 0 0 24 0 22 0 12 13 0 20 15 
0 4 0 0 21 22 0 0 0 24 0 17 3 0 0 0 0 2 1 12 0 5 10 0 11 
2 6 19 1 0 16 23 3 0 22 7 0 17 0 8 0 11 13 20 24 0 12 9 0 4 
0 0 0 0 0 17 0 0 0 6 0 4 14 2 0 1 0 0 8 23 0 11 13 24 5 
11 24 5 0 14 0 8 0 12 0 0 0 0 13 23 0 0 0 0 16 0 18 7 21 0 
0 0 0 0 4 20 14 0 24 11 12 0 19 21 22 0 0 0 9 18 0 1 0 2 10 
10 0 0 0 0 0 18 0 0 0 15 0 11 24 1 2 0 6 0 0 25 20 23 16 0 
0 20 0 3 1 9 10 12 21 0 0 0 0 15 17 25 0 0 18 2 0 0 0 0 24 
0 7 0 0 5 0 17 0 15 0 0 20 0 25 18 11 0 0 3 0 10 0 0 9 0 
25 0 13 0 0 6 0 0 0 3 4 14 0 11 5 0 17 0 7 0 0 21 12 0 8 
17 0 22 21 0 11 24 0 0 0 8 10 0 0 0 6 0 0 13 9 0 0 0 18 0 
15 11 4 10 8 0 25 22 0 18 9 1 21 6 24 12 16 0 19 5 7 2 0 0 20 
0 0 20 0 12 24 22 16 0 5 0 0 1 9 0 0 6 8 0 25 0 7 15 0 0 
0 0 0 0 0 1 13 0 0 8 5 21 16 17 0 22 0 0 0 3 20 0 18 6 12 
21 0 7 9 0 2 11 4 0 0 0 0 25 8 6 23 0 12 16 0 0 22 5 0 19 
0 0 0 6 0 0 12 17 20 9 11 7 18 23 0 13 0 15 24 19 2 0 0 0 21 
24 1 15 0 0 19 0 14 6 0 0 22 0 3 12 18 20 5 0 7 9 0 16 17 23 
0 0 0 0 0 13 0 23 22 12 17 15 0 0 4 19 0 1 0 20 0 0 0 7 25 
0 0 2 12 0 0 6 9 10 0 22 23 0 1 11 0 13 0 5 21 4 0 19 0 18 
4 21 6 17 23 7 0 0 0 0 0 0 0 14 10 0 0 18 0 0 0 9 2 13 16 
8 22 0 24 20 21 4 19 1 16 18 0 7 12 0 9 0 0 10 0 0 0 3 0 6 
5 19 0 0 13 18 3 24 0 0 0 0 0 0 0 0 0 23 0 4 0 0 20 0 22 
