0 8 14 0 11 9 0 16 15 0 13 12 0 0 6 2 
0 0 0 5 10 12 0 0 0 0 0 0 0 0 14 0 
13 6 1 16 2 4 14 0 0 5 3 0 10 15 0 12 
7 3 12 11 0 0 5 0 0 0 0 16 1 4 0 0 
0 0 5 0 7 14 0 10 1 0 6 0 0 16 13 0 
15 0 13 0 5 16 0 0 0 8 0 0 6 0 9 0 
0 16 0 0 0 0 0 4 5 7 0 0 11 8 12 10 
8 1 11 0 0 0 0 9 0 13 0 0 0 3 0 0 
5 0 0 6 8 1 0 0 0 15 0 0 0 14 0 0 
12 14 0 4 0 0 0 11 0 0 7 0 0 6 3 8 
1 0 9 8 14 0 0 0 13 3 0 0 15 0 0 7 
0 15 0 13 16 7 9 0 8 0 0 0 12 10 0 0 
0 0 8 9 0 11 1 12 6 0 14 7 0 2 0 0 
0 0 0 15 3 8 0 7 2 0 1 0 14 9 4 0 
0 11 0 0 9 0 0 13 3 4 0 5 0 12 0 0 
0 0 0 0 6 5 10 0 0 16 0 13 8 1 0 11 
