5 9 14 17 22 0 0 0 0 24 16 11 0 10 0 0 15 0 21 0 19 20 4 1 18 
4 2 10 0 0 0 21 0 6 0 17 0 0 8 20 7 9 0 0 19 14 11 0 12 23 
19 0 23 25 15 2 14 0 20 13 24 4 9 0 0 0 0 16 17 11 0 7 0 3 0 
24 0 3 0 0 0 0 11 10 0 0 0 25 23 2 6 5 0 8 0 0 0 0 17 0 
0 6 11 0 0 0 17 5 12 0 0 18 14 3 15 4 20 23 22 13 0 21 24 0 0 
0 0 5 11 21 12 0 0 0 7 0 1 15 0 0 14 0 9 19 0 23 0 17 0 22 
0 0 2 1 0 17 0 0 9 0 3 0 19 24 0 0 11 12 4 0 21 0 6 13 0 
13 20 0 23 0 6 25 0 0 2 0 10 0 11 0 0 0 1 0 21 5 19 0 0 7 
3 15 25 0 4 0 19 1 24 22 8 13 0 5 0 0 23 6 0 0 11 0 9 18 0 
0 0 0 0 17 0 4 3 0 0 0 23 0 12 0 13 7 5 0 20 0 0 0 0 2 
9 25 0 0 0 18 13 0 11 0 14 19 20 7 3 0 0 0 0 1 0 16 0 6 0 
0 11 4 0 1 0 0 17 22 20 0 0 12 16 23 3 25 0 0 7 0 9 2 21 0 
0 13 6 15 0 14 1 16 0 21 9 0 2 0 17 10 8 0 11 0 22 0 0 0 0 
0 7 24 0 16 0 5 0 8 3 18 0 0 0 0 0 12 13 2 0 0 0 0 0 19 
17 21 20 0 3 7 0 12 0 0 10 24 13 0 8 0 0 19 0 0 1 0 11 14 5 
18 5 7 0 19 0 3 22 14 0 1 2 24 0 10 0 13 0 0 0 12 0 0 0 0 
0 0 9 0 12 0 11 0 0 23 4 21 0 0 0 0 0 0 16 3 0 0 10 5 0 
0 0 13 0 0 5 0 0 0 10 20 16 0 9 0 0 19 22 0 25 0 0 23 24 14 
0 0 17 22 25 0 0 0 0 12 0 3 23 6 0 11 14 0 18 0 0 2 20 19 0 
21 0 1 24 23 25 0 20 0 0 15 17 0 0 11 12 6 0 5 0 0 13 7 0 0 
1 0 0 3 13 0 16 0 0 0 21 8 0 0 0 23 2 10 0 9 24 25 14 0 11 
25 23 16 7 0 24 18 13 3 1 12 0 0 2 0 19 22 4 0 14 15 8 0 0 0 
0 0 21 0 10 0 0 0 25 8 11 7 0 0 14 0 0 15 3 6 0 1 13 0 12 
0 19 8 0 9 23 15 2 0 14 25 22 0 17 24 0 0 0 13 5 0 0 18 20 6 
2 24 15 6 14 22 0 0 17 11 0 20 3 0 1 0 0 0 7 8 0 5 19 16 0 
