0 18 13 5 1 6 19 7 25 0 0 3 0 24 16 0 0 9 4 10 20 0 14 21 22 
0 0 0 21 2 0 0 3 0 1 4 0 0 5 0 0 7 11 0 16 24 17 0 13 0 
9 22 0 10 19 0 0 13 0 0 21 0 18 8 0 0 17 0 2 0 0 0 25 0 16 
3 0 0 0 15 21 16 0 5 0 0 23 0 17 19 0 18 1 0 0 7 0 0 0 0 
12 16 4 14 0 0 0 24 18 17 13 0 0 15 25 22 20 0 0 5 6 3 0 0 0 
0 0 0 0 0 12 0 4 0 11 8 0 2 16 15 17 0 0 0 7 0 9 21 20 25 
18 1 15 0 20 0 24 0 21 3 12 11 14 22 9 23 0 0 0 0 0 0 7 0 0 
19 25 0 7 21 8 20 9 0 16 23 0 17 0 0 0 0 0 11 0 12 0 24 0 0 
2 9 22 0 0 23 0 10 0 0 19 0 24 25 0 0 0 0 0 0 0 6 11 3 0 
0 0 0 0 0 0 0 0 0 14 0 6 21 0 18 9 25 0 24 20 10 0 0 0 15 
6 4 0 20 0 0 3 15 0 23 22 0 5 0 0 7 13 17 16 0 19 10 0 0 11 
14 0 21 15 0 0 17 19 1 0 24 7 0 0 23 0 0 12 0 0 9 5 0 4 6 
0 19 0 0 0 13 0 25 0 21 6 17 0 10 11 4 0 0 23 8 1 7 0 0 3 
0 0 0 23 0 20 5 6 11 0 14 0 3 4 12 0 0 15 22 18 0 0 2 0 13 
0 17 0 0 12 22 0 0 0 10 16 0 1 0 13 6 0 0 19 0 25 20 23 0 21 
15 2 9 16 0 0 4 21 0 24 7 12 6 13 17 0 0 0 8 0 18 0 1 25 20 
0 8 17 0 0 14 0 0 23 18 2 16 15 0 0 20 0 3 13 0 0 24 0 0 0 
0 0 14 19 13 16 8 1 20 0 5 10 4 0 0 0 0 18 17 9 3 23 0 7 0 
11 3 6 12 0 5 0 17 7 13 0 25 0 0 0 21 15 24 14 1 0 0 8 19 9 
0 20 18 0 0 15 0 0 22 6 9 14 0 0 3 25 0 0 0 19 13 0 4 17 10 
0 5 0 2 0 7 0 0 17 0 15 18 0 12 8 16 14 4 9 0 0 0 3 0 0 
21 0 0 4 0 1 0 16 24 0 0 22 0 23 2 11 8 20 12 17 15 0 0 0 7 
0 15 0 0 9 3 11 0 10 0 17 21 13 14 5 0 1 0 0 24 0 0 20 6 23 
13 11 3 0 0 4 21 0 9 0 0 0 16 1 0 19 2 0 0 0 0 22 17 0 14 
0 7 0 17 24 2 13 18 14 0 10 20 0 6 4 15 5 21 0 0 0 0 0 0 0 
