0 0 9 0 14 0 0 0 0 22 25 17 11 0 15 0 0 3 12 5 0 19 0 16 7 
0 16 0 15 22 0 0 0 25 0 0 2 0 3 0 0 0 0 7 0 0 10 13 0 0 
0 11 23 24 25 9 19 8 0 0 0 0 0 13 12 0 0 0 0 0 22 6 0 2 0 
2 0 3 1 10 18 0 5 14 13 21 16 0 19 22 17 6 4 25 9 0 0 24 0 8 
0 5 0 0 17 21 20 0 24 0 0 9 0 1 23 0 0 11 0 0 25 15 0 14 3 
5 22 8 23 0 15 18 12 17 14 3 1 21 0 0 0 20 2 13 0 7 16 0 10 4 
16 21 10 0 0 0 0 9 8 5 4 23 0 0 0 1 0 0 0 25 0 18 0 0 22 
0 0 13 0 7 0 2 6 4 10 0 14 12 15 16 24 0 0 0 0 0 0 3 0 21 
11 6 0 17 15 0 0 24 0 0 18 7 0 20 19 0 5 16 3 0 2 9 0 8 0 
1 14 0 2 20 22 16 0 21 0 5 0 9 0 10 0 0 12 6 11 17 0 0 25 0 
0 24 5 0 8 4 0 1 20 15 19 0 0 0 0 0 12 18 10 0 16 14 0 0 0 
18 0 11 0 23 3 0 0 0 0 24 12 8 25 0 22 16 0 1 21 9 0 0 0 0 
0 15 20 14 1 24 0 22 0 0 7 0 0 0 13 0 4 5 0 0 18 21 6 0 0 
25 17 7 0 0 0 6 18 9 0 20 15 1 23 21 8 0 13 0 0 0 22 0 12 24 
0 0 0 19 13 14 0 0 0 0 22 18 0 5 4 0 15 25 0 0 10 0 0 0 1 
0 12 0 0 21 0 0 0 23 0 0 22 10 7 0 3 11 0 0 18 1 4 16 0 0 
17 19 0 9 3 11 12 4 0 1 0 6 0 0 0 14 25 0 15 7 0 0 8 20 0 
0 0 0 0 18 16 0 0 19 0 0 0 24 12 1 0 23 9 0 0 0 0 25 0 0 
0 0 15 25 11 0 22 0 18 24 16 3 19 0 20 0 13 0 0 4 0 0 9 0 6 
8 4 14 5 2 7 0 10 0 20 0 0 15 11 0 0 1 0 0 24 19 0 0 0 23 
13 3 17 0 5 0 14 23 0 0 15 0 0 10 11 0 9 21 4 1 0 0 0 24 16 
0 0 0 11 4 0 25 0 15 12 1 24 23 0 0 0 0 0 17 22 0 7 0 0 0 
24 23 25 12 9 2 10 20 16 21 0 19 0 0 5 15 8 7 11 0 4 0 1 0 14 
10 7 1 0 6 5 9 11 0 0 0 21 4 14 0 0 3 24 18 0 15 0 0 23 19 
0 8 0 0 0 0 0 3 22 0 9 13 25 0 7 0 2 14 23 12 0 0 10 17 20 
