13 0 5 25 0 0 0 6 20 14 23 0 0 0 0 3 7 8 0 0 0 0 17 19 0 
0 0 15 9 3 13 23 17 7 22 0 0 0 0 19 21 11 0 0 20 5 0 6 8 0 
0 0 21 1 16 0 4 0 0 9 0 13 5 0 2 0 6 22 14 15 0 0 7 3 10 
6 0 14 0 0 3 0 24 18 0 0 8 21 0 0 23 0 0 0 0 0 0 0 15 0 
0 2 0 0 22 0 8 21 0 0 0 0 15 12 0 0 5 4 18 0 0 23 0 0 13 
0 0 17 4 24 0 14 2 0 0 0 20 16 25 0 9 0 18 5 0 22 0 0 0 0 
0 0 0 11 20 0 0 23 0 24 0 0 0 0 1 0 16 3 17 4 0 0 25 10 6 
0 0 0 0 0 20 0 0 0 6 0 9 0 0 8 13 0 0 22 0 0 0 0 0 0 
0 0 0 0 0 22 0 10 21 16 0 24 17 14 0 0 1 15 7 23 2 0 4 0 3 
0 21 16 13 14 17 25 0 0 0 22 23 3 0 4 6 0 20 24 10 12 7 11 18 9 
14 17 0 0 7 24 12 0 9 18 3 0 1 20 0 0 21 10 4 8 0 11 2 0 0 
20 13 0 0 21 7 1 0 8 0 0 17 0 15 0 16 14 2 0 3 25 0 10 12 4 
0 11 22 0 15 21 20 0 0 4 0 2 24 23 0 0 0 0 6 12 13 8 1 9 0 
9 0 8 0 10 0 13 16 17 2 4 11 12 0 6 0 0 24 15 7 0 3 14 5 18 
0 0 25 2 0 6 0 3 0 0 0 0 7 16 14 18 9 0 23 13 0 0 20 17 21 
0 25 0 0 23 0 3 13 24 0 19 14 0 22 16 20 0 5 0 0 10 17 0 2 0 
0 0 0 6 0 0 0 9 0 25 0 7 4 0 0 8 18 13 0 17 1 22 3 21 5 
0 14 24 0 2 4 0 0 0 10 15 25 0 18 0 1 19 7 3 16 9 20 8 0 0 
0 3 0 0 9 0 16 0 1 7 0 5 0 6 0 15 23 21 0 0 0 25 13 0 0 
0 0 0 0 17 0 0 8 5 0 1 0 0 3 23 0 0 11 0 24 0 0 0 0 16 
0 0 0 21 0 9 0 15 2 0 0 0 23 0 20 0 25 0 0 22 3 10 12 13 0 
0 0 4 0 0 5 7 25 22 19 0 0 0 8 9 12 0 0 0 1 0 16 23 0 2 
18 24 9 14 0 1 0 20 3 0 0 0 6 7 15 0 0 0 10 5 0 19 22 11 0 
0 0 3 10 13 23 6 0 14 12 17 1 0 0 21 4 0 0 8 18 0 9 5 24 0 
17 0 2 12 8 0 18 4 16 13 5 22 19 11 24 7 0 14 20 9 0 1 0 6 25 
