8 0 0 0 0 0 0 16 6 0 0 12 15 13 7 0 
0 0 0 16 2 0 7 0 15 8 13 0 14 0 0 11 
0 9 7 5 0 13 0 0 16 0 0 2 1 4 3 6 
15 10 0 0 11 4 3 12 0 0 0 1 2 0 0 9 
0 0 8 3 12 0 0 0 14 1 2 0 13 0 4 7 
6 7 13 14 0 0 0 9 0 0 0 15 0 16 1 2 
0 4 0 0 0 7 0 0 8 12 0 16 3 0 11 0 
16 0 1 12 0 14 0 0 0 0 7 13 0 0 0 10 
11 0 0 0 4 16 9 14 10 0 1 6 7 0 5 8 
4 16 0 6 8 12 0 13 0 0 14 0 0 0 0 1 
14 0 0 10 0 0 15 0 3 0 0 0 6 12 0 13 
0 0 9 0 3 0 0 2 13 0 12 0 4 0 14 0 
13 0 0 0 0 0 14 5 0 7 0 11 0 0 0 3 
7 2 16 11 10 3 13 0 0 0 4 14 0 0 15 12 
0 0 0 1 0 0 11 0 0 0 0 0 0 0 0 14 
0 5 0 8 0 15 12 0 0 13 0 10 0 0 0 4 
