18 0 0 21 0 10 0 0 23 8 16 0 0 1 0 22 0 0 20 0 12 0 2 5 13 
13 20 16 4 14 6 0 2 0 0 8 24 0 5 3 0 0 0 0 12 18 0 0 9 11 
9 0 23 8 22 16 24 0 11 20 25 2 0 0 17 7 0 5 0 14 6 1 19 21 0 
0 0 0 0 0 1 5 0 12 13 0 7 0 6 21 9 15 0 16 19 22 17 24 23 0 
1 0 24 0 0 0 4 18 0 0 0 12 0 20 23 2 10 0 13 21 8 25 0 14 7 
0 0 9 0 19 24 0 21 2 0 0 0 12 14 4 3 0 15 18 0 0 5 7 0 6 
0 4 0 12 0 13 0 7 3 17 15 0 1 9 22 0 0 0 5 23 21 18 25 20 0 
14 0 0 20 3 4 12 19 0 18 0 0 25 11 0 0 0 0 21 9 16 24 0 0 0 
22 21 5 0 0 9 11 20 8 6 18 23 0 0 24 1 0 14 10 0 15 12 3 0 4 
0 0 15 10 0 0 0 22 0 5 7 0 0 13 0 0 4 0 6 20 0 9 0 0 0 
0 0 0 17 0 0 20 0 10 9 0 0 7 0 16 11 8 0 0 6 19 0 22 15 0 
23 8 13 6 0 0 22 0 4 0 24 15 0 0 18 0 25 0 12 1 0 11 9 7 5 
0 25 0 14 9 0 1 8 5 11 6 22 23 12 20 0 13 10 0 18 24 16 17 3 0 
11 2 19 16 0 15 7 24 13 0 0 9 8 0 0 0 0 20 0 22 0 0 4 0 23 
0 22 0 0 0 0 0 25 18 14 0 11 19 4 0 16 0 9 23 0 2 0 20 0 0 
19 0 12 2 0 5 0 0 0 4 22 0 3 21 11 0 14 23 0 7 20 15 18 0 16 
0 0 10 0 23 0 0 0 19 16 12 5 0 0 25 20 0 4 15 13 7 0 0 22 1 
20 0 8 0 11 23 2 0 14 0 17 0 0 0 13 5 0 0 22 10 9 19 6 12 25 
0 6 0 5 0 12 0 13 0 0 23 18 0 0 9 0 1 0 0 0 4 0 0 0 14 
21 0 0 0 0 20 8 0 0 0 0 0 0 0 0 0 0 16 0 11 0 0 0 0 0 
0 10 0 0 0 0 0 0 16 1 11 25 9 0 0 0 0 21 14 5 0 0 0 4 15 
0 0 0 0 25 0 0 11 6 23 0 20 0 18 12 10 0 13 7 8 17 22 1 24 2 
6 0 0 22 0 0 0 0 0 0 0 0 10 0 0 0 20 17 0 0 3 0 12 25 18 
8 15 11 18 0 7 0 4 0 0 0 17 0 16 19 23 0 22 1 3 14 0 0 0 9 
7 17 0 23 0 0 3 0 0 0 21 14 0 24 6 18 12 25 0 0 0 20 0 16 0 
