0 0 0 4 15 12 0 9 0 6 0 0 8 0 2 0 
0 15 9 0 10 13 0 0 2 14 0 3 5 7 0 1 
16 11 0 7 8 0 0 0 1 0 0 0 9 0 15 13 
0 0 2 8 1 3 6 11 15 0 0 13 14 12 16 0 
0 7 0 0 0 9 0 6 13 0 0 0 0 2 3 0 
0 0 13 11 0 10 3 2 9 5 0 4 0 8 7 0 
3 0 0 0 16 11 14 0 0 0 12 0 1 9 13 5 
9 2 8 0 13 0 0 4 3 7 0 11 6 0 10 0 
11 16 6 0 14 7 0 15 0 0 0 0 13 3 0 0 
4 0 0 13 6 0 9 0 0 0 14 0 0 0 1 0 
0 3 15 9 0 0 0 0 0 13 2 0 0 5 4 0 
0 1 14 0 4 16 0 0 0 0 15 0 0 0 0 0 
0 0 11 0 3 1 0 14 0 0 9 0 0 0 0 0 
6 0 7 0 9 5 0 12 0 0 0 16 3 13 0 0 
0 12 16 0 0 4 0 10 5 0 0 8 0 0 6 0 
0 9 10 3 0 0 16 8 12 0 13 0 0 4 0 7 
