11 1 8 0 0 13 0 3 12 10 4 6 16 14 0 5 
5 10 6 13 0 12 0 0 0 0 0 0 2 1 0 8 
4 0 0 2 0 5 0 14 0 13 1 8 9 12 0 0 
0 12 0 0 0 0 0 16 5 2 11 9 10 4 7 0 
0 0 7 0 0 0 0 0 2 0 0 12 11 0 10 4 
0 14 9 0 5 0 0 0 0 11 0 10 0 0 16 0 
0 3 1 0 0 10 0 0 0 15 5 0 14 13 9 0 
0 0 4 10 15 0 0 7 14 0 0 0 0 2 0 0 
0 0 0 0 0 0 0 10 15 12 0 14 0 0 0 16 
0 9 0 1 12 0 3 5 8 4 6 11 0 10 0 0 
8 0 11 6 0 0 13 0 10 0 0 5 0 0 12 0 
14 4 0 0 16 0 0 0 0 9 7 1 5 3 0 11 
1 6 0 0 0 0 0 9 11 0 0 3 7 16 0 0 
0 0 14 7 11 15 10 12 0 5 13 0 6 0 0 0 
9 0 0 0 0 0 7 0 0 0 10 15 0 5 0 3 
10 0 0 0 3 1 0 6 0 0 14 2 13 0 8 15 
