2 12 4 0 1 13 7 0 0 10 14 0 0 0 0 11 
0 0 7 0 0 14 11 0 5 0 16 15 3 0 13 6 
0 0 16 0 10 15 0 8 0 3 12 11 7 2 4 0 
8 0 0 0 0 0 5 12 13 0 0 4 0 10 0 0 
0 0 15 0 8 0 1 10 14 5 0 16 0 0 2 0 
13 0 0 0 16 12 0 0 3 1 0 0 0 5 7 0 
0 0 6 2 15 3 4 0 12 0 11 0 0 14 10 8 
10 5 0 0 7 11 0 0 2 4 15 6 0 0 0 16 
0 3 0 0 0 8 15 13 0 2 5 14 4 0 0 1 
0 0 1 15 5 0 0 6 4 0 0 8 0 0 0 0 
0 2 0 0 4 10 0 0 0 0 6 0 9 8 0 15 
0 8 10 0 3 7 0 9 15 13 0 12 0 11 5 0 
15 4 12 0 0 0 0 16 11 6 3 0 0 0 14 7 
6 14 2 0 9 4 0 0 0 0 10 13 0 0 11 0 
0 10 0 0 0 0 0 0 8 14 0 0 0 15 6 0 
16 0 0 1 0 6 0 11 0 0 0 0 0 0 0 0 
