7 9 0 0 0 0 0 1 0 0 14 0 0 0 0 15 
1 0 0 14 0 10 0 9 5 0 0 4 12 3 16 0 
0 15 4 13 0 2 16 0 0 12 8 0 0 5 11 14 
12 2 0 0 11 0 5 0 13 0 15 0 0 0 0 1 
13 0 0 0 4 0 0 12 11 6 16 15 0 0 1 0 
4 16 0 0 0 0 6 2 0 0 3 0 0 13 0 11 
8 3 5 11 1 9 0 0 0 14 13 12 15 0 0 16 
6 10 1 0 0 11 13 0 2 0 9 0 0 0 14 0 
11 13 16 0 0 7 0 6 9 4 2 0 5 10 0 0 
0 0 0 10 9 16 11 8 0 0 0 5 7 0 4 0 
0 8 0 4 0 0 0 0 0 15 6 0 0 0 13 0 
5 1 6 0 15 0 0 0 0 8 10 0 14 16 0 0 
0 7 0 8 0 6 10 0 0 0 0 0 2 0 3 0 
16 5 13 2 0 12 0 0 15 0 0 3 0 0 9 0 
0 4 0 6 0 0 9 13 0 11 0 2 16 14 0 0 
0 11 0 1 2 0 0 15 6 0 7 0 13 0 0 5 
