0 13 0 9 0 8 10 0 5 0 15 3 2 11 16 0 
0 4 16 0 15 3 5 0 0 8 11 2 12 0 0 0 
0 0 8 14 0 2 4 0 0 9 13 6 0 0 0 0 
5 0 0 0 0 6 13 0 1 0 16 0 0 0 0 0 
0 0 0 5 3 9 14 1 0 0 10 15 0 0 0 11 
8 0 15 0 0 0 0 0 9 2 14 0 6 1 0 0 
0 0 10 1 0 15 7 8 11 0 12 16 0 2 0 4 
0 3 4 0 0 0 6 5 8 13 7 0 10 0 15 0 
0 0 0 4 0 0 1 13 10 7 0 12 0 14 0 3 
13 0 0 2 0 10 9 0 16 15 0 0 1 0 0 0 
12 16 0 7 0 0 0 15 0 1 0 0 9 0 0 0 
3 0 1 10 0 7 0 0 0 0 0 14 15 4 2 0 
2 0 0 8 0 0 0 0 6 0 3 0 16 9 0 10 
0 0 0 15 0 13 16 4 0 0 0 0 0 3 0 0 
4 6 9 16 10 12 3 0 14 11 5 0 13 15 1 8 
10 5 0 3 0 0 0 0 0 0 0 9 0 0 11 2 
