1 0 0 0 25 2 0 16 0 10 8 19 23 0 0 0 4 0 15 3 12 0 14 11 0 
0 7 23 4 3 0 8 0 13 0 0 0 10 14 0 2 21 0 0 19 0 22 0 20 0 
13 18 0 2 0 0 0 0 4 9 22 0 0 16 17 5 11 0 8 0 21 3 0 23 24 
5 0 16 0 0 17 7 0 0 12 2 13 0 0 24 0 0 0 0 0 0 1 0 10 0 
9 0 0 10 0 11 23 6 22 0 0 25 3 7 0 0 18 17 0 0 0 0 0 0 0 
11 1 0 0 0 0 6 12 0 0 0 24 17 0 16 0 0 20 4 8 23 0 0 18 0 
4 24 0 21 7 18 0 0 14 8 0 0 0 25 0 0 23 22 0 0 1 0 11 0 0 
0 23 0 0 8 0 0 0 0 1 0 14 0 0 4 0 0 18 0 11 20 25 0 24 15 
6 12 0 25 0 0 0 22 9 7 20 11 18 23 0 1 0 15 16 10 17 5 21 0 14 
17 20 9 18 0 0 25 0 15 11 21 0 0 0 0 0 6 14 24 0 0 4 3 12 7 
8 25 0 0 15 0 0 7 11 13 24 23 6 0 0 4 5 1 0 9 2 16 20 0 0 
7 9 5 11 23 0 10 4 17 2 14 0 8 20 18 15 24 0 21 16 19 13 0 0 25 
14 13 4 0 10 20 0 5 25 0 3 0 16 0 21 23 0 7 11 18 24 12 0 15 8 
12 0 0 1 24 14 3 8 0 0 25 0 0 17 11 0 0 0 10 13 22 23 0 0 5 
19 0 22 0 0 6 0 0 0 15 5 0 0 0 0 0 0 0 20 25 11 0 18 9 1 
0 3 0 13 0 0 0 10 0 0 16 2 0 0 25 0 0 23 5 12 0 0 9 1 11 
0 11 0 9 0 23 0 0 2 0 0 17 22 0 6 0 0 3 25 14 0 21 0 5 12 
0 0 0 0 19 25 12 11 6 0 0 7 0 3 23 0 9 21 0 0 0 24 10 22 0 
23 0 0 12 4 0 1 15 0 0 0 0 11 0 0 24 0 2 22 6 0 0 0 0 0 
2 0 25 0 0 0 18 9 0 14 10 12 0 0 20 11 0 0 13 4 0 19 23 17 3 
0 0 12 0 9 21 0 14 5 23 0 18 0 22 2 25 8 6 0 20 0 15 0 0 13 
21 4 0 19 0 10 2 0 24 25 23 15 0 0 0 0 17 5 7 22 0 11 0 8 0 
25 0 7 23 6 0 17 18 3 22 9 16 12 0 0 0 13 4 0 0 5 20 1 21 19 
0 14 11 20 2 0 15 19 0 4 0 0 0 0 1 18 0 0 0 21 0 0 0 0 0 
3 5 0 8 0 9 16 20 1 0 17 0 0 10 7 0 0 0 23 15 0 2 0 25 0 
