4 7 0 0 0 14 0 0 2 0 1 9 0 0 0 13 
0 6 8 2 0 0 9 1 0 0 15 10 0 0 0 3 
0 13 0 0 0 12 0 2 0 4 3 0 0 0 0 8 
3 11 0 14 0 15 16 0 0 13 12 8 0 1 0 0 
6 1 11 0 7 0 2 5 0 0 10 0 15 0 0 0 
0 0 14 13 9 6 12 0 0 2 7 0 3 8 5 0 
9 0 0 12 0 0 1 3 8 0 0 13 16 0 2 11 
0 0 7 0 8 0 0 0 0 0 14 12 10 0 6 0 
13 0 4 0 0 2 6 0 0 0 9 0 0 12 8 0 
0 3 0 10 0 0 0 9 12 0 0 0 0 6 16 4 
2 0 0 0 13 11 8 12 6 0 4 7 0 3 14 0 
7 0 12 6 0 0 0 0 15 8 0 2 0 0 9 0 
0 0 6 0 0 0 14 0 13 0 8 1 12 5 0 16 
14 0 13 0 1 8 0 0 3 0 2 5 0 10 15 0 
11 0 0 0 0 0 15 0 10 7 0 6 4 2 1 0 
15 0 0 0 16 0 0 6 14 9 0 0 8 0 3 0 
