0 14 0 0 0 0 0 9 4 0 0 1 0 0 0 3 20 10 22 18 19 11 23 0 0 
0 0 11 21 1 12 0 20 16 14 7 18 0 10 15 25 0 0 23 0 0 5 0 6 0 
18 6 24 10 22 2 0 0 0 0 0 3 9 4 11 19 13 0 5 0 12 0 0 17 0 
17 4 25 19 3 23 24 5 8 18 22 21 0 0 0 11 14 0 7 1 10 15 0 16 9 
23 5 0 0 0 10 11 19 0 0 16 0 0 14 0 0 15 0 6 0 0 0 24 13 22 
0 0 16 17 0 3 0 0 0 0 0 23 10 0 0 0 25 0 0 0 20 0 4 0 0 
0 20 13 12 0 0 14 10 21 4 0 19 16 22 0 0 18 0 1 23 5 0 15 9 0 
0 0 5 3 2 6 8 12 9 0 11 15 1 0 24 10 0 14 17 0 23 21 0 0 0 
1 0 0 0 0 0 5 0 0 0 0 0 21 20 0 15 0 0 13 7 0 0 10 8 6 
10 15 0 0 21 0 0 0 0 0 5 8 0 0 18 9 16 22 0 12 0 0 19 14 0 
15 2 1 20 25 9 0 0 12 0 18 14 11 3 22 0 0 5 24 0 0 13 0 10 0 
9 3 8 0 0 11 10 6 0 19 13 2 25 7 16 20 0 15 14 0 21 0 12 0 0 
0 10 0 0 0 20 0 23 14 0 21 0 0 15 19 0 0 7 11 0 9 0 0 3 4 
0 0 0 6 0 0 0 24 18 22 0 5 12 9 0 0 17 0 0 0 0 0 11 0 0 
12 11 14 0 24 7 0 13 0 8 10 17 0 0 23 18 6 0 9 0 16 25 22 20 15 
2 0 3 24 15 0 17 0 0 9 12 10 0 0 0 0 7 0 0 6 18 23 13 0 0 
21 8 0 0 6 0 4 14 15 0 1 20 17 23 25 2 19 9 18 0 0 0 0 11 0 
11 0 19 14 0 13 6 21 0 0 0 16 3 18 7 0 5 20 8 24 22 0 9 0 17 
20 0 0 0 0 0 12 0 0 0 14 0 22 0 4 17 10 25 0 0 2 6 3 0 0 
4 12 0 0 17 18 7 0 0 11 0 6 13 0 0 22 0 23 16 21 0 20 0 0 14 
5 18 0 15 0 14 9 0 0 20 25 0 0 16 8 0 21 13 19 0 0 12 17 0 23 
0 21 0 0 0 8 0 0 11 0 6 4 18 17 1 5 0 16 25 0 0 0 0 2 10 
0 1 12 0 0 0 0 4 0 0 3 0 15 19 10 24 0 18 0 14 8 0 0 0 0 
0 19 10 9 0 0 21 0 6 25 2 13 0 0 0 4 22 0 20 8 11 16 7 24 18 
0 17 0 0 0 0 18 0 24 0 0 0 14 21 0 0 11 0 0 3 13 0 1 0 5 
