0 0 0 0 8 0 0 0 0 0 0 14 3 4 6 11 
11 10 0 0 2 5 0 0 0 0 0 0 0 13 0 0 
13 16 3 0 0 14 0 0 0 0 12 2 5 0 10 0 
0 9 4 5 0 10 3 0 13 1 0 8 0 16 2 7 
16 0 0 0 11 0 0 5 0 0 7 12 10 1 15 0 
0 8 5 9 4 1 10 15 14 0 2 0 13 3 7 0 
0 2 11 0 14 0 13 12 0 15 0 0 0 0 8 0 
0 0 0 0 7 0 6 0 5 4 1 0 9 12 0 2 
0 0 0 0 9 0 0 0 0 0 0 0 6 0 0 0 
9 0 0 0 0 13 7 0 0 14 6 0 11 0 0 0 
15 0 8 0 12 4 16 0 2 0 0 3 1 7 0 0 
0 0 0 0 3 6 5 8 0 0 11 7 0 10 0 12 
3 5 0 0 16 0 0 0 12 0 0 10 8 15 0 1 
6 7 0 0 0 15 8 1 11 5 16 4 2 0 13 3 
0 1 10 0 0 7 0 4 0 0 14 0 0 11 0 5 
4 11 0 0 5 0 14 0 15 2 8 1 0 0 0 10 
