0 0 10 3 13 1 0 0 0 2 0 15 14 4 0 0 
9 11 0 0 0 16 12 0 0 0 0 0 0 0 0 2 
0 0 0 0 0 0 15 0 0 0 0 11 0 0 12 16 
14 12 0 2 0 7 0 0 6 0 3 0 11 15 13 1 
7 6 2 13 0 3 16 1 0 0 14 0 0 10 0 9 
11 0 3 4 0 0 0 5 0 6 1 13 0 0 0 0 
0 0 0 1 11 13 0 7 10 0 0 0 4 6 14 3 
0 16 8 0 0 0 2 0 0 0 9 12 0 0 0 0 
1 0 0 0 0 0 13 6 12 0 15 10 5 0 9 0 
6 4 0 5 0 0 0 0 16 9 0 3 0 1 2 10 
0 0 0 9 1 5 0 2 0 4 0 0 0 8 0 13 
13 0 11 0 16 9 10 14 2 7 0 1 15 0 6 0 
0 0 9 12 7 0 1 0 4 15 0 2 16 0 3 6 
0 0 0 10 9 0 4 0 0 12 16 7 0 5 0 11 
0 0 16 11 0 10 0 0 13 14 6 0 0 0 4 15 
4 13 0 0 0 14 0 16 0 0 0 5 0 0 10 12 
