0 0 23 17 7 0 0 16 8 11 21 6 0 0 0 0 0 25 22 4 24 1 2 0 0 
1 0 0 15 0 10 7 20 0 18 22 0 2 0 4 24 9 3 0 5 21 8 16 17 12 
0 22 4 13 24 19 25 0 0 0 0 0 0 9 5 8 7 0 21 16 0 10 23 0 0 
5 0 2 0 21 22 0 0 24 0 23 0 19 25 0 0 13 0 0 0 0 9 6 0 0 
20 0 0 0 3 2 0 0 0 21 0 10 0 16 0 11 0 0 1 0 0 19 13 22 0 
0 0 0 24 0 0 0 19 13 16 6 0 0 0 0 17 0 10 4 2 23 7 5 0 8 
3 0 1 12 0 0 0 9 7 0 5 0 24 0 0 0 0 0 19 0 16 25 0 0 15 
0 0 7 9 2 6 21 0 0 0 0 15 4 22 3 0 25 0 0 24 14 18 1 19 20 
21 0 5 23 8 0 0 0 0 15 0 16 20 0 0 7 12 0 11 9 0 0 0 0 0 
0 14 0 6 0 20 8 0 2 0 25 0 17 7 0 0 3 1 16 15 9 11 0 12 13 
14 0 15 20 0 0 1 5 18 2 0 24 0 8 0 3 0 4 9 19 10 16 12 23 7 
13 16 9 10 0 0 23 22 17 4 0 2 0 19 11 12 8 0 20 7 0 0 3 24 0 
19 4 0 3 12 7 10 0 0 13 16 0 23 0 14 6 0 0 0 0 20 0 0 18 0 
0 2 0 7 0 12 0 6 19 9 0 0 5 0 10 1 24 13 0 0 0 21 11 0 0 
23 24 0 1 17 0 20 0 0 25 12 0 0 21 7 22 10 0 18 0 5 2 0 13 0 
12 5 0 21 0 8 4 7 1 19 3 25 6 2 13 15 11 0 0 14 0 24 20 0 23 
17 0 0 0 0 0 24 11 0 14 1 22 21 0 0 0 5 7 0 0 8 0 0 0 10 
7 0 18 8 0 0 17 10 16 12 0 9 11 0 0 0 0 0 0 21 0 13 0 0 22 
24 11 14 0 0 9 13 0 6 23 15 20 10 12 16 0 18 8 25 0 7 17 0 0 3 
0 1 0 4 25 5 0 21 0 0 0 23 8 17 0 0 6 0 10 12 19 14 0 0 2 
0 7 16 0 0 0 2 3 0 22 10 19 13 0 25 14 15 9 5 18 0 4 0 0 21 
2 0 17 5 0 24 0 0 4 0 8 0 0 0 0 23 16 12 7 0 13 0 0 0 25 
6 0 24 25 0 0 19 0 0 0 4 21 12 0 0 10 1 17 2 8 0 5 0 14 16 
9 0 0 0 0 16 0 14 21 0 0 5 0 0 15 0 0 11 24 0 0 3 0 8 17 
0 0 0 14 1 0 5 0 0 8 0 0 0 0 0 19 0 0 0 3 0 0 0 0 0 
