1 11 7 12 0 16 8 0 0 2 0 0 13 0 0 0 
9 0 0 0 0 0 7 0 15 3 0 6 0 0 0 0 
4 3 2 0 5 6 13 1 7 0 12 0 0 16 10 0 
0 5 0 6 3 0 14 2 1 0 9 0 8 0 0 7 
15 0 0 0 16 0 0 0 9 0 0 5 10 7 8 0 
2 0 0 0 8 1 0 0 4 0 15 0 11 0 0 12 
7 8 0 1 0 5 0 0 0 0 0 0 0 4 16 0 
0 4 0 0 12 2 9 0 8 11 0 0 0 15 0 0 
0 7 15 10 0 8 11 0 12 0 0 2 0 3 0 1 
12 9 4 8 0 0 0 0 0 0 0 0 6 0 11 0 
0 13 0 0 0 0 6 0 0 0 0 0 12 0 15 8 
3 6 14 11 0 0 0 0 10 15 4 0 7 0 0 16 
14 10 0 0 7 9 12 0 6 13 8 4 16 1 0 11 
8 0 13 0 0 10 0 0 16 0 1 0 0 12 7 9 
11 0 12 9 0 0 0 16 3 0 0 0 0 8 0 4 
6 1 16 7 14 0 0 0 2 0 11 9 15 5 0 0 
