0 15 0 0 0 0 16 0 0 3 5 11 10 0 0 14 
0 0 0 0 0 0 0 0 0 0 0 0 3 0 16 0 
14 12 7 16 1 0 0 3 10 0 0 2 9 11 0 15 
2 13 0 0 0 0 0 0 8 0 14 16 4 1 7 6 
0 14 1 0 8 0 2 11 13 0 12 0 0 0 0 3 
0 7 0 12 0 0 13 6 0 1 0 0 0 16 0 10 
0 0 15 0 0 10 0 0 6 0 0 0 0 0 1 0 
0 0 11 4 0 0 1 16 0 0 0 0 0 6 13 0 
0 10 3 7 9 0 11 13 0 2 16 0 6 12 0 8 
6 0 0 0 5 0 7 0 11 14 8 12 0 0 0 0 
0 8 13 5 2 16 0 1 7 4 0 0 0 0 11 0 
0 0 12 0 0 0 6 15 0 0 0 13 0 7 0 0 
12 0 14 10 16 0 0 7 9 13 6 8 2 15 0 0 
13 0 4 0 6 0 0 14 0 0 0 0 16 9 8 0 
8 0 16 2 0 0 3 9 14 12 0 1 7 5 0 11 
7 3 9 11 12 2 4 8 0 10 15 5 0 0 0 0 
