11 4 1 15 0 0 16 0 0 0 0 0 9 0 13 8 
0 0 7 0 0 9 12 0 16 0 0 15 3 4 14 1 
2 0 0 0 0 0 1 5 8 7 12 9 11 0 0 0 
0 10 9 12 0 11 0 3 0 14 0 4 7 0 5 0 
12 0 0 0 0 0 13 0 7 0 14 6 4 15 0 9 
3 9 4 6 0 12 11 0 0 15 0 0 0 7 0 14 
7 11 0 2 9 15 0 16 0 4 0 0 5 0 10 13 
15 0 0 8 0 0 0 4 5 0 0 0 0 0 11 6 
0 0 0 0 0 0 2 11 4 5 0 14 8 0 0 3 
1 0 0 0 12 0 0 0 0 13 0 16 0 0 0 4 
0 0 0 16 0 0 0 14 0 0 0 0 0 13 9 0 
14 2 0 4 0 0 0 15 0 1 0 8 16 0 0 0 
6 0 15 0 0 16 0 12 0 10 1 0 14 2 0 11 
4 16 0 11 3 10 15 6 0 0 2 0 0 0 1 0 
10 12 8 1 0 0 0 0 0 9 3 0 0 5 4 0 
13 3 0 14 0 5 9 0 6 16 0 12 15 0 0 10 
