0 16 4 0 0 2 11 0 7 0 12 3 0 6 0 8 
8 0 0 0 14 0 0 0 0 0 0 0 0 0 0 0 
0 0 2 0 0 0 10 0 13 0 15 8 4 1 0 0 
12 14 0 3 0 0 8 16 0 11 5 1 0 0 0 2 
0 11 6 12 1 0 7 14 10 13 0 0 0 2 0 4 
0 0 1 0 10 0 5 11 0 0 2 0 0 0 12 0 
0 9 3 0 16 0 0 0 0 0 0 0 0 5 0 10 
2 0 5 0 6 4 0 3 16 15 0 7 9 0 11 0 
3 1 0 0 7 12 16 5 14 0 0 0 13 0 2 11 
5 0 14 0 2 0 13 0 6 8 3 9 1 16 7 12 
13 0 15 2 0 0 3 9 0 5 16 11 0 14 0 0 
0 12 0 0 0 0 14 0 0 2 7 0 0 0 0 5 
0 0 10 15 5 0 2 0 0 0 13 0 14 11 6 0 
7 0 12 0 0 15 0 0 0 0 0 0 16 4 3 0 
6 0 13 0 0 0 4 0 15 3 11 0 0 7 5 0 
4 0 11 14 0 3 1 13 9 0 0 0 2 0 8 15 
