6 7 4 24 23 8 14 9 0 5 10 15 0 0 25 0 0 11 1 0 18 22 2 0 16 
10 0 0 17 21 0 22 0 2 0 7 1 0 14 16 0 6 3 0 0 8 0 24 15 19 
0 18 0 0 13 15 7 0 1 25 0 19 24 0 0 0 0 2 0 8 0 0 0 9 0 
5 0 16 0 15 17 19 0 0 21 8 0 0 6 0 25 0 0 9 22 0 0 0 11 0 
8 19 0 22 0 23 0 0 0 0 0 18 0 21 0 15 0 14 0 4 17 0 25 7 1 
0 11 0 0 4 14 16 0 0 0 0 0 0 9 12 0 0 0 3 25 0 0 0 2 0 
25 0 0 21 0 1 20 12 23 0 0 4 7 0 18 11 0 17 2 0 0 0 10 0 0 
0 13 0 5 9 0 0 7 0 19 0 11 16 25 2 0 4 0 20 14 21 0 0 17 0 
16 0 6 23 14 11 5 18 17 0 3 24 20 8 0 0 0 21 0 12 4 25 13 0 7 
3 10 20 18 12 2 9 0 0 0 15 21 0 13 17 0 19 23 8 24 0 14 0 16 0 
0 5 8 0 1 24 0 4 25 3 0 0 18 0 23 17 21 0 13 0 16 0 14 0 0 
15 0 0 0 0 0 0 17 0 0 16 0 6 11 20 0 3 0 0 9 0 0 4 0 12 
13 0 18 0 24 0 11 0 0 1 0 0 0 0 0 0 0 19 7 20 10 0 0 5 0 
23 16 2 6 0 19 18 0 0 20 22 0 4 17 0 5 12 0 0 0 24 9 21 8 0 
0 12 22 0 0 0 2 0 5 0 0 0 0 0 13 16 18 0 15 0 0 6 3 20 25 
21 25 0 0 0 0 0 0 9 14 0 0 19 0 0 23 22 15 18 7 3 0 0 0 24 
0 0 0 0 5 18 4 22 6 0 21 9 15 24 8 0 0 13 0 17 2 7 0 0 0 
0 15 0 1 8 25 0 21 13 0 4 10 17 23 0 9 0 0 16 0 0 0 0 14 0 
2 22 0 10 0 0 0 23 24 7 25 12 14 20 1 3 8 0 0 0 0 0 16 0 9 
12 17 0 9 0 0 15 0 19 0 13 0 3 0 0 24 0 1 0 0 23 0 6 0 21 
0 23 11 25 0 0 21 0 15 17 18 13 9 5 19 12 0 0 14 3 0 0 8 10 0 
0 20 1 12 17 0 13 0 10 0 0 0 2 16 24 4 0 9 5 15 14 21 7 23 6 
22 24 0 0 2 0 0 0 0 23 12 0 0 4 0 21 7 20 6 13 15 16 19 0 17 
0 0 0 0 3 0 25 0 14 0 6 23 10 0 0 0 0 0 17 11 12 1 0 24 0 
0 6 0 15 7 4 24 2 0 0 20 17 8 1 0 19 0 16 10 0 25 13 0 3 11 
