21 1 12 6 0 0 7 18 13 0 0 0 0 3 4 0 0 0 10 14 0 24 19 17 0 
20 14 0 7 0 0 4 15 0 0 19 24 11 8 0 17 0 2 12 22 23 0 18 25 21 
17 0 0 0 0 23 0 8 11 14 5 0 0 0 0 7 0 0 6 0 22 15 20 4 2 
0 0 8 0 0 0 25 1 0 9 18 23 17 16 0 21 5 20 0 0 7 13 14 12 0 
4 0 0 23 0 0 12 19 0 0 20 14 7 0 0 0 25 11 16 0 3 0 5 0 6 
8 3 10 0 0 0 0 9 0 12 0 0 2 0 0 0 15 5 0 21 6 0 22 1 0 
22 0 7 2 0 17 20 0 0 1 6 15 14 10 0 0 18 8 19 9 11 21 23 0 24 
0 19 0 0 6 0 22 24 21 23 7 0 13 12 0 2 0 10 11 16 5 0 15 0 0 
1 15 0 0 14 0 13 16 0 0 0 0 22 0 0 12 0 3 0 0 8 0 7 2 25 
0 23 4 0 0 6 5 0 15 19 9 16 0 0 0 0 7 1 14 24 20 17 10 0 0 
0 12 14 21 7 16 0 13 0 18 22 4 0 0 15 3 0 19 0 25 0 6 2 0 1 
0 0 17 3 0 19 0 14 0 5 21 18 0 0 0 0 1 4 0 8 12 0 9 0 13 
19 8 0 10 13 0 0 21 23 15 0 0 0 0 3 0 16 22 0 18 4 20 0 0 0 
16 6 0 0 0 2 8 7 0 22 10 17 0 14 9 13 0 0 15 5 0 23 25 24 0 
23 5 11 18 15 9 0 0 0 0 0 8 0 13 7 20 0 0 17 0 14 19 0 22 16 
11 4 21 0 23 25 0 20 0 0 0 0 0 0 12 0 0 15 0 0 17 7 0 0 0 
0 24 0 0 20 0 0 10 5 0 0 3 0 0 0 0 0 0 22 11 0 0 12 21 23 
0 9 1 0 0 3 0 0 7 6 0 5 0 22 0 16 0 0 0 17 0 0 8 0 20 
13 0 3 0 17 11 9 22 1 0 0 10 21 7 0 18 2 0 0 12 0 25 4 6 0 
0 7 22 8 18 0 0 17 0 0 0 2 0 0 14 1 0 6 0 20 24 5 16 3 9 
12 0 0 0 16 14 17 25 0 7 0 9 0 4 0 19 20 0 0 10 0 22 0 5 0 
0 0 0 4 0 22 24 0 9 16 0 6 10 17 19 15 21 25 2 7 1 12 13 0 0 
0 17 0 9 2 0 23 12 10 0 13 1 0 0 0 0 22 0 0 4 0 0 0 20 0 
0 22 0 14 0 0 0 6 19 0 25 7 0 0 0 0 0 17 0 13 0 4 0 10 0 
0 10 24 0 0 4 0 5 8 0 0 12 15 20 0 11 6 0 0 0 9 16 21 19 17 
