4 0 0 8 12 19 16 24 3 0 10 0 9 0 1 23 0 14 2 17 0 7 13 0 0 
0 0 1 3 0 0 22 2 4 13 6 0 0 0 20 0 0 0 8 11 0 12 0 25 18 
6 0 0 0 17 0 7 0 0 0 0 16 4 0 2 0 0 3 0 1 14 24 21 8 9 
0 21 0 13 0 1 0 0 14 5 0 7 15 0 12 10 4 0 0 25 11 0 17 19 23 
11 0 7 0 0 20 0 0 23 0 17 0 8 0 19 0 13 24 18 12 4 3 5 2 0 
17 23 16 0 0 2 24 11 9 0 1 0 18 6 0 5 0 4 7 0 0 0 19 22 12 
12 0 0 7 6 0 23 0 13 3 2 24 0 14 9 16 17 15 20 0 25 10 0 11 0 
0 0 9 0 0 12 4 0 8 0 11 20 22 25 0 24 0 1 0 0 18 0 7 0 0 
0 0 0 0 24 18 0 1 16 22 0 0 0 4 7 12 10 0 25 0 9 0 20 0 0 
10 4 15 0 0 25 0 0 7 14 8 17 12 0 0 0 11 22 0 0 6 0 3 21 24 
0 0 0 0 22 24 0 15 0 7 0 0 0 23 0 14 1 0 0 0 0 6 0 0 3 
14 17 11 0 21 23 10 16 6 19 4 13 24 20 15 0 3 2 0 0 0 1 0 5 0 
5 3 12 0 23 0 0 0 1 0 0 6 7 9 0 0 15 19 24 10 0 21 0 0 0 
0 0 24 19 13 0 0 20 25 4 22 0 0 0 18 8 0 6 17 5 7 0 0 0 0 
0 9 0 0 0 3 17 14 0 0 0 0 11 12 0 0 16 20 13 0 0 18 23 0 0 
2 5 13 22 10 0 0 4 0 1 0 9 0 7 25 3 0 0 0 24 0 11 6 0 21 
19 0 21 17 0 14 0 0 0 0 0 0 13 1 10 9 18 0 0 8 0 0 0 7 0 
7 15 18 12 8 0 25 0 0 23 0 11 6 0 4 0 2 0 1 20 3 0 0 0 5 
23 16 3 20 0 13 0 7 0 24 0 0 0 8 0 4 0 25 0 6 0 9 0 0 0 
0 0 4 0 14 0 0 0 0 0 20 0 3 2 21 17 7 5 19 22 0 0 0 0 25 
22 7 0 15 0 0 0 0 0 0 21 3 0 13 0 6 0 0 4 19 1 23 18 0 20 
20 8 23 10 0 4 3 0 19 25 9 2 1 0 0 0 24 0 14 0 0 22 0 0 7 
18 0 17 11 0 0 14 8 0 9 0 5 16 15 0 7 0 21 3 23 24 0 2 4 6 
21 0 0 0 0 6 13 23 15 0 7 0 20 0 24 1 0 0 10 9 5 25 11 3 17 
25 12 0 0 0 7 0 0 0 0 0 4 19 10 11 0 0 0 0 15 21 8 0 0 16 
