0 16 0 5 2 0 0 13 10 0 0 0 0 0 15 0 
0 0 0 0 12 0 0 0 13 15 16 0 0 7 2 5 
12 13 4 2 15 0 0 5 0 0 14 0 0 16 0 9 
0 0 3 14 0 0 16 7 5 0 8 0 0 0 0 0 
9 11 0 13 0 0 0 16 0 7 3 0 4 0 6 0 
0 15 0 0 0 12 0 8 0 14 9 6 5 0 0 0 
16 0 5 10 0 3 0 0 4 2 0 11 0 0 0 0 
0 0 6 1 0 0 0 9 0 13 0 0 0 0 0 14 
0 1 0 0 10 4 8 2 9 16 0 0 0 0 0 12 
4 0 16 0 9 13 0 11 0 0 0 1 0 15 8 0 
14 2 0 8 3 15 5 0 12 6 13 0 10 11 0 0 
0 5 15 0 6 16 7 12 0 8 4 0 0 0 1 13 
0 3 0 16 0 0 12 4 0 9 0 13 11 0 14 0 
5 0 0 0 0 0 3 15 14 4 0 0 0 0 7 10 
0 4 1 12 11 7 0 0 6 5 10 0 0 0 3 0 
0 6 14 0 5 0 13 10 0 0 1 0 9 4 12 8 
