0 0 0 7 8 5 2 6 10 0 3 1 0 0 0 0 
2 0 0 0 0 12 0 14 4 11 0 0 13 16 10 0 
16 0 0 11 10 0 0 9 2 0 12 0 0 0 0 3 
0 12 8 3 16 0 0 1 7 15 0 14 0 0 4 6 
0 15 0 0 0 0 8 0 13 0 0 16 0 0 0 0 
14 0 0 0 11 0 0 0 9 3 1 2 0 12 0 0 
3 4 0 0 0 0 0 7 0 0 11 12 2 5 9 8 
0 6 0 0 0 9 12 3 15 0 0 8 1 13 16 0 
13 0 6 0 7 0 0 0 0 0 0 0 0 4 0 1 
0 11 3 12 0 0 0 4 0 0 10 0 16 7 0 0 
9 10 1 4 13 0 0 0 16 6 0 7 11 0 12 5 
15 2 7 16 9 0 0 0 0 0 0 4 0 10 0 0 
1 7 10 0 12 0 6 16 11 2 0 15 0 0 0 13 
8 3 0 15 2 7 0 13 0 14 0 10 0 11 1 16 
6 13 0 0 14 0 0 0 0 0 16 0 12 8 5 0 
0 16 4 5 0 0 9 0 0 0 6 0 0 14 0 0 
