13 4 7 0 0 0 0 0 10 0 0 0 3 0 6 0 
3 15 8 0 0 2 7 0 0 0 16 5 12 0 4 0 
16 0 14 10 13 0 15 0 0 0 3 12 0 0 0 1 
0 0 9 11 0 6 3 1 14 7 0 0 15 8 16 0 
0 3 0 13 0 0 0 0 0 0 5 0 0 0 8 2 
10 7 12 0 8 5 0 0 0 0 6 0 0 11 0 14 
14 9 0 15 4 3 0 0 2 11 7 0 1 16 13 6 
4 0 0 0 0 0 2 0 13 0 0 0 0 0 0 0 
0 0 4 0 6 0 0 0 7 0 0 0 0 15 0 0 
0 0 15 14 16 0 5 0 0 0 8 0 13 1 10 3 
8 0 0 0 0 0 4 0 0 0 0 3 5 0 0 7 
7 10 0 0 3 0 11 8 0 0 0 14 4 2 0 9 
15 16 3 5 9 11 0 4 0 0 0 0 6 0 0 12 
9 14 10 8 1 16 0 0 4 0 0 2 0 7 15 0 
11 13 0 0 7 0 12 15 5 0 9 0 8 0 1 0 
1 0 0 7 0 13 8 0 0 15 11 16 14 0 9 4 
