21 14 0 10 6 25 0 0 0 0 18 4 23 0 0 0 0 0 15 16 9 11 3 0 7 
0 25 3 8 11 14 9 0 4 0 0 6 0 0 0 0 18 12 10 1 21 0 0 0 24 
23 0 0 0 0 13 7 0 0 8 3 10 25 11 20 0 0 21 14 17 0 1 22 18 0 
2 0 12 0 17 18 0 1 19 15 0 0 0 9 13 0 11 0 24 0 23 0 6 0 5 
0 0 0 0 1 22 0 21 3 0 24 2 12 0 19 7 0 8 6 0 15 0 17 0 13 
0 22 0 0 13 15 0 12 0 17 4 0 0 0 25 0 8 23 19 0 0 24 0 7 21 
0 0 0 0 0 0 20 5 7 0 0 0 0 0 1 0 2 17 9 0 0 22 0 11 0 
0 10 0 0 0 23 16 0 2 0 0 0 0 3 0 6 4 11 0 14 8 0 13 0 0 
25 0 19 7 0 8 13 0 22 0 17 0 5 0 0 0 15 1 18 0 14 0 2 0 0 
9 0 18 15 0 11 0 0 0 0 12 0 14 0 10 16 7 0 22 0 3 5 0 0 1 
0 24 14 0 0 21 0 0 23 11 0 22 0 5 4 18 0 15 0 7 0 6 0 25 2 
15 1 0 4 16 17 22 6 0 10 7 0 0 21 0 8 0 0 20 2 18 13 19 0 14 
0 0 0 0 0 0 15 18 8 0 0 9 0 13 2 17 3 4 11 22 24 0 12 16 0 
12 17 2 21 22 0 0 0 0 0 1 16 18 0 23 25 10 14 13 0 7 20 0 15 11 
10 11 8 0 0 0 0 20 0 13 14 0 0 19 0 0 16 24 23 0 0 0 4 0 9 
17 19 0 0 14 16 0 11 9 0 13 0 8 0 18 0 6 20 5 10 2 0 25 0 0 
7 0 1 11 10 2 3 15 0 0 6 17 0 0 22 12 14 19 16 0 5 0 0 0 18 
0 8 0 24 0 5 0 17 0 0 9 3 0 10 16 15 25 18 0 0 11 12 0 0 0 
0 5 0 0 0 19 18 7 10 22 0 0 0 4 14 24 13 0 0 8 1 0 0 20 23 
0 0 0 13 0 4 0 0 0 6 0 25 1 12 24 0 0 0 0 11 19 0 16 14 17 
3 2 0 0 19 24 1 0 15 21 0 13 16 18 6 22 0 5 8 0 4 7 0 12 20 
0 0 7 0 0 6 5 0 11 19 0 14 24 20 0 23 1 0 21 0 0 18 9 0 25 
0 18 9 25 0 3 0 10 17 0 11 5 0 22 8 2 0 0 12 13 0 0 0 19 15 
0 6 0 20 0 12 0 13 18 2 23 0 4 0 0 14 0 0 0 0 10 0 21 5 22 
0 0 0 22 21 0 0 14 16 0 19 0 0 0 0 11 0 6 4 18 0 2 1 0 0 
