0 9 12 0 0 14 0 0 0 0 0 6 0 0 0 15 
0 15 0 6 4 0 1 0 14 12 16 0 13 0 2 0 
13 5 0 1 0 10 3 0 0 15 0 0 12 14 9 0 
4 14 0 7 0 12 13 8 9 11 0 2 0 3 5 6 
0 0 14 0 0 3 6 10 0 0 12 0 0 16 0 0 
7 6 1 12 8 15 5 0 0 0 0 0 3 4 0 0 
15 0 0 10 0 0 0 0 0 8 3 0 0 5 6 0 
16 0 5 3 0 0 9 0 0 10 0 11 0 8 0 0 
9 0 0 15 0 7 0 11 5 13 8 0 0 6 16 12 
0 0 10 0 5 1 0 12 0 7 0 0 0 0 3 0 
12 0 0 0 0 8 14 13 0 0 4 1 5 10 0 2 
0 1 8 0 9 6 15 0 0 16 10 3 7 11 0 0 
2 0 0 14 0 5 0 1 0 0 0 0 11 0 0 3 
3 12 0 13 0 0 10 9 8 0 0 0 0 0 0 0 
0 0 9 8 0 11 0 15 0 0 14 12 16 0 7 5 
6 0 15 5 12 4 0 3 0 0 13 0 0 0 0 0 
