0 0 0 13 0 0 0 4 0 7 11 0 10 1 0 0 
10 1 15 0 9 0 0 0 5 0 2 13 3 14 6 0 
5 3 0 0 0 14 1 2 4 10 8 0 0 11 0 13 
4 11 0 6 0 3 13 10 0 0 15 0 7 0 12 2 
9 0 14 0 0 0 0 0 0 6 0 8 4 3 2 0 
0 5 0 2 14 4 3 0 0 0 10 7 13 0 0 0 
0 0 0 3 0 9 0 0 1 0 16 4 0 10 0 0 
0 16 0 0 0 0 0 0 13 14 0 2 5 0 0 9 
3 0 6 0 1 16 9 0 0 0 0 10 0 0 5 0 
0 0 0 0 0 10 0 11 0 0 0 16 8 0 0 3 
14 8 10 0 0 0 6 15 11 5 1 3 0 0 0 16 
16 0 11 1 3 0 4 8 12 15 0 9 0 0 10 14 
6 0 2 0 0 12 8 14 0 1 0 0 0 0 3 10 
0 7 5 0 13 2 0 0 0 0 0 15 12 0 0 11 
13 0 3 11 15 6 0 0 0 4 0 5 1 0 14 8 
12 4 8 15 0 0 0 0 0 0 0 0 0 7 0 0 
