5 23 9 19 0 6 0 3 21 10 0 0 8 14 1 24 0 22 0 0 18 7 13 2 4 
0 6 25 0 0 0 4 12 15 22 3 0 0 2 21 0 0 0 9 0 0 0 0 0 0 
0 21 15 0 0 0 0 0 18 17 7 0 9 0 22 0 0 0 0 0 3 5 0 11 0 
18 17 2 0 0 0 9 1 0 0 0 0 5 0 0 3 7 0 15 19 8 0 21 0 22 
20 3 0 0 11 0 19 0 2 8 13 24 0 0 17 0 18 21 0 0 0 15 0 9 14 
25 24 4 21 0 0 22 0 0 5 15 13 16 18 0 0 0 3 7 12 11 2 14 10 0 
0 10 23 13 5 0 0 0 12 15 17 0 0 7 0 16 0 25 2 0 19 0 0 3 0 
14 18 3 0 19 0 25 2 1 0 4 0 0 0 0 0 0 11 23 24 0 0 0 0 12 
15 12 0 7 0 10 21 6 24 0 0 5 3 0 0 20 4 0 0 22 16 1 17 18 25 
0 0 0 0 2 3 18 4 17 11 24 12 25 0 0 0 0 10 0 0 0 9 22 7 23 
0 25 21 16 3 24 0 8 0 1 10 0 11 9 23 0 0 0 0 15 0 0 0 17 0 
19 0 24 0 0 13 3 10 0 18 20 0 17 1 5 4 25 0 0 21 14 11 23 0 7 
0 13 0 11 18 0 15 7 0 0 8 2 0 4 0 10 24 0 0 0 0 0 0 12 0 
0 4 1 0 14 0 2 0 20 0 0 0 7 25 3 0 0 13 8 16 22 24 10 0 5 
8 0 0 0 10 12 0 11 25 0 0 14 13 0 24 0 0 7 0 0 2 0 1 4 0 
0 19 0 2 0 21 0 23 0 3 0 0 0 5 11 22 17 0 16 6 0 14 0 25 1 
3 14 0 0 0 15 0 24 0 0 1 0 23 6 0 0 0 0 11 2 0 0 5 21 0 
4 8 18 0 1 14 6 20 0 19 0 17 15 0 7 25 0 12 21 10 9 0 24 22 0 
0 0 10 22 0 17 1 16 13 9 25 3 12 0 2 0 0 14 0 7 15 18 0 23 0 
0 0 0 0 6 18 0 0 5 2 0 0 22 10 0 13 1 23 24 3 0 0 16 20 0 
0 0 6 18 21 4 0 17 7 0 0 1 2 0 13 9 0 16 0 14 0 8 11 0 0 
10 15 8 3 0 2 23 14 6 0 0 25 21 0 0 7 0 0 1 17 13 22 9 5 0 
1 9 0 24 0 5 0 15 0 0 22 7 0 0 18 21 3 20 0 8 12 4 2 14 17 
0 0 0 0 0 0 13 0 8 21 0 0 14 17 12 0 0 0 10 4 0 0 0 0 0 
0 16 14 0 0 1 11 18 0 0 0 4 0 8 0 23 12 19 0 0 0 0 0 6 0 
