0 14 2 8 9 16 0 0 12 0 0 0 4 0 5 0 
0 4 0 5 11 0 0 0 0 9 0 0 13 8 3 0 
13 16 0 0 6 0 0 0 5 0 0 0 7 9 10 0 
1 0 0 10 0 0 4 0 0 6 0 0 0 0 11 0 
2 0 12 11 0 0 1 0 16 8 0 0 0 0 9 15 
0 0 0 14 0 9 13 0 11 12 6 0 0 0 7 0 
16 5 0 0 14 12 11 0 0 4 0 0 0 2 0 0 
6 15 4 0 8 5 16 0 1 13 7 0 11 3 0 12 
14 2 1 0 13 0 5 0 0 0 0 11 0 0 0 0 
15 13 0 4 0 6 0 10 14 0 8 0 0 11 2 3 
0 10 8 0 12 7 0 0 3 0 13 6 1 0 15 0 
0 0 5 12 0 3 0 16 0 1 15 0 14 0 0 9 
10 0 0 0 4 11 0 12 0 7 5 9 0 14 1 0 
0 0 0 7 16 14 0 9 0 10 1 0 0 0 4 11 
0 11 0 0 0 0 0 0 4 3 12 14 9 6 16 7 
4 0 14 0 0 13 7 1 0 0 0 0 0 0 8 0 
