15 0 7 6 0 0 11 0 1 4 16 3 0 0 0 0 
1 8 0 0 0 4 0 0 0 0 0 12 15 14 7 0 
5 0 0 14 15 0 0 1 8 10 0 7 0 4 3 0 
0 9 0 0 0 6 0 0 14 0 0 0 16 0 0 10 
6 0 0 0 4 7 0 2 0 0 12 5 0 0 13 8 
4 0 0 9 0 11 0 6 13 0 10 0 0 2 0 0 
0 0 0 0 0 12 0 9 15 2 3 4 5 16 0 0 
13 0 8 0 3 0 5 0 16 0 0 6 9 11 12 4 
0 0 0 5 0 15 10 0 12 1 0 8 7 0 14 3 
16 0 14 8 12 2 9 5 6 0 0 11 0 15 10 0 
0 0 12 15 0 0 0 0 10 3 0 0 0 0 0 11 
0 0 4 1 11 0 6 8 2 0 0 0 0 12 16 0 
3 0 0 16 7 0 0 0 0 12 8 0 0 0 1 15 
10 4 0 12 0 8 0 0 0 0 1 0 0 0 9 0 
8 0 15 0 6 9 0 0 3 16 2 0 0 7 0 12 
14 0 0 13 0 0 4 12 9 0 0 15 2 0 8 6 
