14 0 0 0 9 12 0 5 13 2 8 11 3 0 0 6 
8 10 0 0 0 0 0 14 6 9 0 12 0 16 15 1 
12 3 5 13 0 15 0 6 0 4 14 0 0 0 11 0 
0 0 16 0 0 0 1 11 0 0 10 15 12 0 5 13 
9 0 13 0 0 10 0 0 4 0 16 0 0 11 3 0 
0 15 2 0 5 14 4 9 0 11 0 0 16 0 7 10 
0 0 0 8 0 11 3 7 10 6 0 0 0 0 2 4 
0 0 10 0 2 0 6 0 3 7 9 14 0 0 0 0 
5 9 0 0 0 6 11 0 0 0 0 0 0 0 12 3 
0 0 8 0 1 9 0 13 0 0 0 0 10 0 0 0 
10 13 3 0 16 0 0 2 9 0 6 5 0 15 4 0 
0 0 0 1 0 8 14 0 15 12 0 7 0 0 0 11 
6 11 0 0 0 0 9 10 12 0 1 0 13 7 14 0 
0 5 0 12 6 0 13 4 0 0 11 0 0 3 0 0 
0 2 9 0 11 0 8 12 0 15 7 0 0 10 0 5 
0 8 0 0 0 0 0 16 5 0 0 0 11 9 0 0 
