1 21 0 4 0 0 0 22 7 24 0 0 3 0 0 12 10 0 14 9 0 0 13 23 16 
0 0 0 0 0 1 0 21 0 17 0 25 2 0 13 15 3 5 20 23 6 0 0 24 8 
17 0 0 0 8 19 2 0 11 0 5 0 20 0 0 6 0 0 16 0 9 0 1 0 12 
6 0 0 25 0 3 13 0 9 12 23 0 1 16 0 21 0 22 0 2 5 0 14 0 17 
0 10 23 12 13 0 0 0 0 0 0 19 17 15 0 24 1 4 0 18 21 2 11 0 3 
19 16 13 0 0 10 8 0 22 0 6 0 9 7 0 0 23 0 0 0 11 12 0 2 4 
18 0 0 24 0 0 0 11 0 0 1 0 4 0 16 2 0 10 3 0 22 0 0 0 0 
3 25 0 0 20 4 6 24 0 0 0 0 8 5 18 16 0 0 9 12 23 0 0 1 0 
11 5 4 0 0 0 0 0 0 0 25 3 23 0 2 0 13 6 18 8 0 14 0 16 20 
7 0 1 21 0 2 16 20 3 0 19 0 14 0 10 0 0 0 22 0 8 6 9 5 0 
0 22 0 0 21 15 3 2 24 20 0 16 0 4 0 0 0 9 0 10 7 0 17 13 0 
0 9 3 16 0 6 0 1 0 22 0 0 13 10 15 0 0 20 0 7 12 0 25 0 0 
0 0 6 0 1 0 0 4 10 14 0 0 11 0 12 0 22 13 5 16 0 24 20 8 0 
20 0 0 0 17 21 11 0 0 8 2 0 0 18 25 0 0 23 0 0 0 16 22 0 0 
15 0 5 18 23 12 0 13 0 9 0 17 7 0 14 0 24 0 0 0 3 1 0 0 10 
4 1 20 6 0 0 0 15 14 0 9 0 10 2 0 0 18 0 0 17 0 3 12 0 24 
0 17 9 0 2 0 0 3 0 0 0 18 0 0 0 5 0 8 25 0 0 20 23 15 11 
0 0 16 5 0 17 25 0 8 21 3 14 6 0 11 9 0 0 0 0 1 0 0 4 22 
0 0 21 0 3 20 18 5 12 0 17 0 0 0 0 0 0 14 0 22 16 9 6 19 2 
14 0 0 23 18 11 0 0 2 6 16 22 0 1 0 13 0 0 0 0 0 0 0 7 0 
16 2 18 0 5 13 9 12 0 3 15 24 21 6 0 22 0 11 0 4 0 10 8 0 14 
24 12 0 8 11 18 21 0 17 0 0 0 16 23 0 0 0 15 0 19 2 0 7 9 6 
23 3 22 0 6 24 0 10 0 0 11 0 0 8 0 7 9 16 0 0 0 21 0 0 1 
0 4 17 7 10 0 0 6 0 2 0 0 25 9 5 23 8 18 0 24 15 11 0 3 13 
0 0 0 1 0 0 0 16 25 11 13 4 22 0 17 10 6 3 2 0 0 23 0 20 0 
