2 0 0 14 0 0 23 0 12 5 0 0 17 18 0 0 20 0 0 0 21 0 0 0 6 
0 0 0 6 0 9 0 11 19 24 0 0 0 23 0 12 0 14 0 21 0 0 7 2 5 
0 0 19 0 0 0 4 10 2 22 1 15 0 13 0 0 0 0 0 9 0 0 11 24 0 
0 0 0 16 0 0 18 0 0 7 0 19 4 0 0 0 0 0 13 1 0 0 12 3 10 
17 1 5 4 10 3 6 8 21 0 12 14 0 9 24 11 0 0 2 0 15 20 13 23 18 
11 0 0 0 0 0 19 0 0 10 0 0 0 0 0 21 16 17 0 0 6 0 8 18 1 
7 10 9 22 1 17 0 2 0 0 16 0 18 12 6 0 0 0 19 14 23 0 25 5 13 
16 0 23 13 5 0 0 15 0 0 0 0 20 0 17 6 22 0 0 0 0 0 10 0 0 
0 0 8 17 0 7 16 0 0 0 19 10 14 0 1 0 11 0 5 25 4 12 15 0 0 
19 0 15 0 18 21 5 0 0 23 0 11 9 22 25 0 12 0 8 0 0 2 17 0 0 
23 6 0 7 0 0 0 24 13 0 15 12 0 19 5 0 0 1 11 8 10 9 0 0 22 
0 15 12 2 9 0 0 4 0 16 6 0 24 0 0 18 21 0 22 5 0 25 23 0 0 
14 0 0 11 0 0 17 9 0 0 10 4 0 3 0 0 0 0 16 0 24 0 20 19 15 
21 24 18 8 0 15 25 6 0 19 0 0 22 17 23 13 10 7 0 12 0 5 0 0 0 
0 13 16 19 3 11 22 5 23 0 2 25 0 14 0 0 17 9 0 0 0 0 0 0 0 
0 19 0 0 15 0 0 0 0 0 0 1 0 25 0 20 8 0 23 16 0 0 14 6 0 
6 2 0 0 0 18 0 16 15 3 0 0 8 0 9 1 14 0 25 0 0 19 0 13 4 
0 0 22 0 0 5 2 25 24 13 14 23 0 20 0 9 0 21 0 0 0 0 0 10 0 
25 11 0 5 0 0 9 0 1 0 4 2 0 0 12 0 13 22 0 10 20 0 0 7 16 
8 17 0 18 20 0 0 14 11 12 7 22 0 16 13 5 15 3 4 24 25 0 0 9 2 
5 0 17 0 16 0 11 23 0 0 0 24 13 0 14 19 3 0 12 4 18 1 0 20 21 
0 7 6 15 19 24 13 17 9 1 5 0 25 0 21 0 0 0 0 18 0 10 22 12 23 
0 20 13 24 0 0 14 0 0 4 0 0 11 1 0 25 9 5 0 0 7 8 0 0 0 
9 0 0 21 8 0 0 22 3 2 0 6 12 10 15 24 1 11 0 0 0 14 5 0 0 
0 23 0 25 11 0 12 21 5 6 3 18 2 8 16 0 7 10 0 17 13 0 0 4 19 
