0 19 13 0 0 0 3 7 0 14 0 16 0 4 0 0 8 0 25 1 24 0 0 17 11 
11 0 6 2 1 17 0 12 0 0 0 22 0 13 19 0 20 0 0 15 0 7 4 0 5 
20 5 0 23 0 4 16 22 0 0 24 11 0 0 0 0 18 0 12 0 2 0 19 0 0 
0 0 3 0 8 0 13 11 0 0 25 0 0 0 23 2 19 24 0 17 20 15 16 9 22 
0 0 0 0 0 9 0 2 19 1 20 7 15 17 0 5 0 14 0 4 21 8 12 0 0 
0 0 21 0 20 0 0 24 4 0 10 2 19 5 25 0 0 0 0 8 15 14 0 11 0 
0 24 4 0 10 7 0 14 18 8 0 20 22 9 0 0 21 0 2 3 16 25 23 19 0 
14 0 9 0 3 0 0 20 0 19 6 12 13 18 11 0 24 1 0 0 8 0 7 22 0 
0 18 5 0 0 0 9 0 0 3 0 24 16 0 21 0 0 15 0 6 13 0 0 20 0 
0 1 8 11 15 13 12 21 2 0 14 3 0 7 0 25 10 9 0 19 4 0 5 0 0 
21 2 0 0 0 0 0 9 0 0 19 0 20 0 0 0 25 6 22 18 14 16 10 8 0 
0 0 10 0 24 12 14 0 22 0 17 0 3 1 6 0 23 8 5 20 9 0 0 21 0 
8 0 12 14 23 10 15 16 7 0 13 0 0 21 0 4 17 3 0 0 0 0 0 24 0 
5 20 0 0 6 0 0 0 0 21 16 0 11 0 0 0 2 10 9 0 1 0 0 3 0 
18 0 0 19 7 0 11 25 0 6 8 4 0 0 9 21 0 0 15 12 23 22 17 2 0 
0 0 22 20 0 0 7 13 0 11 0 8 0 0 14 18 0 0 0 0 0 19 24 4 0 
4 0 0 18 25 0 0 0 0 15 12 0 0 0 0 0 0 0 3 0 17 13 20 0 23 
0 7 23 0 0 22 4 0 0 12 0 0 25 0 1 0 16 0 24 21 11 2 0 15 0 
0 0 0 3 12 18 0 0 16 0 22 0 7 0 0 0 0 4 0 0 5 0 21 0 0 
0 21 0 1 0 6 0 8 0 5 0 10 17 2 0 12 0 7 0 0 18 3 22 0 25 
1 10 25 6 0 20 2 0 12 0 3 13 4 23 24 0 5 17 0 14 0 9 0 0 0 
2 11 17 9 0 16 18 1 13 4 5 0 0 22 0 15 12 20 0 0 0 23 0 14 24 
0 23 18 8 0 0 22 5 0 9 0 17 0 0 20 0 4 2 6 0 10 11 0 0 0 
15 13 24 4 0 21 0 0 11 17 2 0 0 12 18 1 9 19 10 7 22 20 6 5 0 
0 0 20 0 0 19 24 0 0 10 11 14 9 0 16 0 3 0 21 23 25 17 0 0 0 
