4 0 9 0 3 12 0 0 0 6 5 0 0 0 13 16 
6 15 0 0 7 5 0 4 16 2 3 0 0 8 0 10 
0 0 7 3 1 0 0 0 9 0 12 14 0 0 5 11 
0 0 5 0 13 9 14 8 4 0 0 10 0 2 6 0 
10 4 0 0 11 16 0 0 14 15 0 1 0 13 0 0 
0 7 13 0 8 2 1 0 3 9 0 0 6 0 0 12 
2 0 0 0 0 13 0 0 0 0 0 0 0 7 14 0 
14 0 11 0 0 0 0 0 0 13 0 12 10 0 4 0 
7 5 0 0 10 0 0 0 1 0 11 0 0 12 0 13 
16 3 1 14 9 0 13 0 0 7 0 0 0 0 2 15 
11 9 0 0 5 0 0 1 2 0 13 15 14 4 0 0 
15 6 0 13 14 3 2 0 0 0 0 9 8 1 0 0 
3 0 4 0 0 14 7 0 0 0 0 0 0 9 0 8 
1 14 16 0 12 8 4 0 0 0 0 6 0 5 15 7 
0 0 0 7 2 0 0 10 5 4 0 8 12 6 1 0 
8 0 0 0 0 0 0 6 0 3 14 0 0 0 10 0 
