18 9 0 15 20 10 22 11 0 19 0 16 24 8 23 6 14 1 13 7 21 0 2 25 0 
0 22 1 0 0 25 8 5 16 0 6 0 14 0 0 12 21 0 23 20 10 9 19 24 0 
12 23 16 0 6 0 0 0 7 0 0 15 21 0 20 22 25 0 3 0 1 0 17 14 8 
14 0 19 0 0 12 1 0 6 23 0 0 7 25 9 0 10 0 24 0 18 0 22 13 0 
0 24 25 10 13 9 21 0 14 20 0 0 0 1 12 0 19 15 2 16 0 23 0 6 3 
23 3 22 0 19 0 0 0 18 0 7 9 15 0 21 13 17 20 4 12 0 1 8 0 2 
0 6 0 0 5 0 7 0 22 0 25 10 0 20 1 0 0 21 0 19 0 0 4 18 17 
20 0 0 0 10 13 0 4 21 14 22 19 23 11 24 0 18 16 0 2 6 3 0 0 0 
7 0 0 0 0 0 0 19 0 0 0 0 3 0 0 5 0 0 0 0 9 0 13 10 23 
9 0 4 13 15 0 2 3 0 11 8 0 16 5 0 0 0 10 25 6 0 0 0 22 0 
3 0 0 0 23 6 20 21 0 18 16 22 19 0 0 14 0 25 17 0 0 0 15 11 10 
15 21 20 0 16 0 0 8 5 0 9 0 18 0 0 0 23 0 12 10 2 0 0 1 13 
6 0 11 17 0 0 23 1 0 10 24 21 20 14 0 16 0 0 0 0 0 4 0 8 7 
10 0 0 0 0 0 13 0 0 7 0 0 1 3 17 0 8 18 6 0 25 0 0 0 22 
0 0 18 0 8 0 25 0 4 0 0 13 0 23 6 0 20 0 11 0 0 0 16 0 0 
19 15 7 0 0 17 4 18 0 0 0 1 25 0 5 0 0 0 0 21 8 0 3 2 0 
0 1 0 0 17 14 0 20 0 0 0 0 6 4 16 25 3 0 8 0 0 13 0 0 0 
5 0 6 8 22 0 0 24 1 21 2 0 9 19 0 0 0 12 7 0 0 0 23 20 0 
4 0 3 20 0 0 16 0 2 12 15 8 0 13 0 0 0 23 1 24 0 0 0 19 0 
0 16 0 9 0 8 5 6 0 22 23 0 0 21 3 2 0 19 0 11 0 0 1 4 0 
25 8 9 0 1 20 15 0 13 0 3 0 0 16 0 4 12 14 21 0 23 2 0 17 0 
17 0 0 0 11 21 19 0 24 0 0 0 4 0 7 8 0 5 10 3 0 0 0 0 6 
24 0 0 0 0 0 0 25 10 5 1 20 8 9 0 0 2 0 18 23 19 0 0 3 21 
22 7 0 0 2 4 0 0 0 0 21 0 0 0 25 24 0 11 19 0 0 0 0 9 18 
0 10 0 0 0 18 0 22 11 9 0 0 2 0 0 20 6 7 16 0 0 8 14 15 0 
