4 0 0 15 0 0 2 0 0 14 10 0 0 0 13 12 
0 0 0 6 0 3 0 0 0 0 0 4 0 0 5 15 
13 0 0 0 0 0 1 0 5 0 9 0 6 14 0 11 
0 5 16 11 13 10 0 14 0 0 7 0 3 2 0 0 
11 0 9 0 10 6 0 13 0 0 15 0 0 4 0 0 
10 0 6 0 0 0 0 7 13 0 8 3 9 0 0 14 
7 0 15 0 0 0 8 0 0 0 0 10 12 0 3 0 
16 0 14 0 0 0 0 2 0 4 0 0 8 6 0 10 
15 7 0 9 0 1 6 0 4 0 12 2 0 0 0 13 
8 12 2 0 14 0 7 3 11 5 0 13 4 15 0 1 
0 0 1 13 0 15 0 8 10 0 6 9 0 0 12 3 
0 6 4 0 12 13 0 11 0 0 14 0 0 0 9 8 
9 0 12 4 1 0 14 10 8 13 2 6 0 3 16 5 
0 8 0 0 5 0 0 0 0 11 0 15 0 12 0 0 
0 16 0 0 3 4 0 12 1 0 0 14 0 0 0 6 
0 0 0 14 6 8 0 15 0 0 4 12 0 1 0 0 
