0 14 5 0 4 16 11 6 0 0 2 0 0 1 0 7 
0 0 0 0 1 14 0 0 0 0 0 0 11 2 0 0 
0 7 0 0 0 8 12 0 0 0 4 9 0 0 13 14 
0 0 11 0 9 2 10 0 3 0 0 1 12 0 0 4 
0 0 16 5 0 11 14 0 0 0 0 0 0 0 12 0 
0 8 0 0 2 0 1 12 0 10 16 11 4 0 5 9 
0 0 12 0 0 0 0 0 2 3 13 0 6 11 0 0 
11 9 0 0 0 7 3 0 5 0 12 6 0 14 16 2 
6 0 2 0 14 15 0 0 0 16 0 0 0 4 0 0 
0 13 0 12 0 0 9 0 0 6 0 2 16 15 0 0 
16 0 15 0 13 0 2 8 1 14 7 0 9 6 10 0 
0 0 10 8 0 4 6 0 9 0 5 0 0 0 14 3 
5 0 0 0 11 6 0 0 0 12 3 4 7 0 2 0 
13 0 0 0 0 3 7 9 0 0 0 16 0 0 0 8 
0 0 7 0 10 1 0 2 14 0 9 5 0 0 15 13 
9 1 3 14 8 0 16 0 0 0 15 7 10 12 4 6 
