0 14 0 10 12 0 0 7 0 0 0 6 15 16 13 0 
0 7 0 5 0 13 0 0 0 0 0 0 0 0 11 9 
4 16 13 11 15 0 5 9 0 0 10 0 0 0 8 0 
8 0 15 6 10 0 1 0 0 0 2 0 0 0 14 12 
3 8 0 12 9 1 0 0 13 0 14 0 4 7 16 5 
15 1 0 0 0 14 4 2 0 3 0 7 0 0 6 13 
0 0 14 0 0 12 7 8 5 6 16 15 0 9 0 2 
2 6 5 0 16 3 10 13 0 9 1 0 14 15 12 8 
6 9 3 15 0 0 11 12 0 4 0 8 5 0 0 16 
0 2 0 0 0 0 0 15 0 0 0 0 0 0 0 11 
13 0 4 8 3 0 0 0 0 0 0 0 0 12 7 0 
7 12 10 14 2 0 0 1 6 0 9 0 0 0 0 3 
0 0 7 3 0 0 0 0 0 11 0 0 0 0 0 0 
0 0 8 9 0 0 0 0 16 0 0 0 1 0 3 0 
12 0 1 0 0 9 14 0 7 15 5 3 0 8 0 0 
0 0 6 4 0 15 2 0 0 10 8 0 0 14 9 0 
