0 4 3 0 1 0 0 0 11 5 0 10 0 2 9 8 
0 0 1 0 5 0 0 8 7 2 0 0 0 16 0 15 
0 15 0 0 7 10 0 4 8 1 13 0 11 12 0 0 
8 0 0 14 13 2 0 11 0 0 9 3 0 4 10 0 
0 8 0 0 3 15 0 0 0 0 0 0 4 0 7 0 
0 12 13 15 0 11 16 6 14 0 2 0 0 8 1 0 
4 0 16 7 0 0 5 1 0 3 11 15 0 6 0 9 
0 5 0 0 2 0 13 7 10 8 1 12 0 14 0 0 
0 0 0 0 14 0 7 0 0 10 15 9 6 5 0 16 
0 6 0 1 0 5 0 2 16 0 12 8 0 0 11 0 
0 0 15 0 6 13 0 0 4 7 3 0 0 1 8 0 
0 7 4 0 16 1 0 0 2 11 5 0 0 0 13 0 
6 0 0 16 0 0 0 0 0 14 4 0 0 0 0 2 
0 9 0 8 0 16 2 13 12 15 0 1 0 0 0 4 
0 0 0 0 0 0 0 0 3 0 0 2 14 0 15 11 
15 3 0 0 12 0 4 0 0 9 8 0 0 0 5 0 
