15 14 2 0 0 13 4 0 0 6 0 5 7 12 0 0 
0 13 0 7 2 0 1 8 0 0 3 11 9 0 0 0 
0 5 9 0 0 7 0 14 1 0 16 0 0 0 0 0 
16 0 0 1 0 11 15 3 0 0 0 0 10 14 13 5 
0 0 0 0 7 0 0 11 0 0 0 0 0 0 0 16 
7 0 16 0 15 2 6 5 0 0 0 0 0 0 10 12 
4 12 0 0 10 0 16 9 0 11 0 0 5 0 14 8 
8 0 0 10 0 0 0 0 0 5 0 16 0 0 0 0 
0 0 5 0 0 0 8 15 10 0 0 0 11 2 0 7 
14 0 15 8 13 0 11 7 12 0 1 0 6 0 16 0 
0 6 4 0 0 0 5 0 0 7 11 0 3 9 0 15 
0 0 11 12 1 0 0 16 5 9 4 15 13 10 8 0 
0 16 10 0 8 12 3 6 2 0 0 0 0 4 9 11 
6 4 8 0 0 0 7 13 11 0 14 0 12 1 0 10 
12 15 7 0 11 0 9 1 4 0 5 0 0 3 0 2 
0 3 0 0 4 0 0 0 0 0 12 6 0 0 0 0 
