7 0 0 11 0 12 0 2 1 0 0 0 13 8 0 14 
0 0 0 0 0 0 6 0 7 8 11 5 0 0 0 0 
6 16 8 1 4 0 5 0 13 2 0 10 0 0 11 15 
0 0 0 0 11 7 1 0 0 0 16 0 0 0 0 0 
13 7 4 5 9 10 0 0 0 0 0 16 0 0 0 12 
0 0 6 0 0 11 3 15 4 0 0 0 0 0 0 8 
0 9 1 8 13 0 2 16 3 10 0 15 4 0 0 0 
0 0 0 0 0 0 0 4 8 13 5 0 0 0 10 16 
0 0 0 0 0 0 0 0 0 0 0 0 8 0 15 9 
0 0 0 0 1 8 0 0 16 12 2 13 0 3 0 11 
3 0 0 12 10 4 16 11 0 0 8 0 1 0 0 7 
8 0 7 9 14 2 15 0 6 0 3 0 12 0 16 10 
1 0 16 7 5 0 0 10 0 0 0 11 0 15 0 0 
15 13 12 4 8 0 9 0 0 0 7 0 10 0 14 2 
0 10 3 0 2 13 0 7 0 0 15 8 9 0 0 1 
9 8 11 14 6 0 0 0 10 0 0 2 3 7 12 5 
