0 8 0 0 0 0 0 10 3 0 11 0 0 12 0 6 
15 4 5 0 0 14 0 0 0 0 0 2 0 0 11 3 
0 16 0 1 0 0 0 11 0 0 0 14 0 7 0 0 
3 0 0 12 0 0 0 0 7 0 10 0 0 0 0 0 
16 0 14 0 8 13 0 7 9 1 12 0 4 0 15 10 
9 1 15 0 0 12 10 14 13 4 16 0 0 5 2 7 
2 13 0 0 6 1 0 0 5 14 7 0 8 0 0 0 
0 12 0 0 16 0 9 3 0 8 15 11 13 0 0 14 
0 9 0 14 0 4 12 0 0 6 0 16 0 0 0 0 
0 0 1 0 3 7 0 0 10 0 5 0 11 4 0 0 
0 0 0 13 1 9 0 0 0 11 3 4 7 0 14 0 
4 0 0 3 0 15 0 5 14 0 0 7 16 8 0 1 
1 7 0 6 0 0 15 2 16 0 0 13 12 0 0 8 
8 3 0 2 0 10 1 12 0 0 0 15 0 0 7 0 
12 14 0 0 0 8 3 16 0 0 2 0 6 0 13 0 
13 0 0 15 14 6 0 4 11 3 8 0 1 0 0 0 
