0 2 18 23 0 0 0 6 9 0 0 0 13 0 0 15 5 0 7 11 0 1 0 4 0 
0 24 6 13 5 17 15 0 25 20 11 14 4 0 7 3 2 0 0 0 0 12 0 16 18 
4 7 0 0 0 18 0 0 2 0 12 8 16 0 25 0 21 22 20 6 24 14 0 0 23 
0 3 14 12 0 0 16 0 0 0 0 20 0 9 0 0 10 0 0 24 0 0 11 21 0 
0 11 21 22 10 5 12 0 19 13 1 0 0 0 23 0 17 16 0 0 7 8 0 25 0 
25 10 0 11 0 6 13 0 18 24 0 23 0 20 0 5 14 0 2 0 0 0 12 0 0 
22 6 1 20 12 0 11 10 15 16 13 21 18 0 0 0 0 9 23 8 0 0 14 5 2 
7 0 0 0 0 3 0 9 0 12 0 5 14 0 15 1 0 20 16 0 0 0 0 22 0 
23 4 0 16 9 0 2 0 14 5 19 11 8 25 0 22 13 0 21 0 0 6 1 24 0 
0 5 0 0 14 22 0 19 0 0 0 10 0 0 0 0 25 6 0 12 20 16 0 13 15 
6 25 23 1 0 0 5 0 21 19 22 17 11 0 20 24 0 0 0 0 2 0 0 0 9 
0 0 0 0 0 2 14 17 11 0 0 25 19 23 0 0 9 13 3 7 1 5 22 6 0 
3 0 9 0 11 0 0 25 0 15 0 0 0 12 0 0 6 0 5 17 0 0 19 0 8 
0 8 22 2 20 9 0 7 0 0 21 18 0 14 13 11 23 19 0 16 4 0 0 15 0 
0 15 13 21 19 0 4 16 3 0 8 9 6 0 0 2 18 0 0 25 0 0 0 0 0 
0 16 0 0 6 0 0 0 0 18 3 19 0 0 24 25 0 14 13 0 8 0 23 17 0 
0 0 0 25 8 11 0 12 0 2 17 0 0 1 0 0 0 24 18 15 6 0 4 0 7 
0 17 11 19 0 0 0 8 0 3 5 0 0 0 21 0 0 23 4 0 0 24 0 0 1 
1 18 7 0 0 0 17 0 0 9 0 16 2 8 4 19 3 0 0 5 0 25 0 14 0 
15 0 0 3 0 0 0 13 4 25 0 0 0 18 0 0 0 0 8 21 19 22 2 0 5 
24 22 25 5 2 15 8 0 0 21 20 3 0 13 1 18 0 7 0 0 0 4 6 9 0 
0 20 8 0 3 0 0 4 0 10 25 0 5 19 11 14 15 0 24 22 18 21 0 0 16 
12 9 4 15 0 25 1 0 20 0 0 0 0 2 18 0 16 3 0 19 13 0 0 7 14 
0 0 16 0 0 24 18 0 0 7 0 15 21 0 8 9 0 0 0 0 12 3 25 20 0 
0 0 10 0 0 19 0 5 13 22 0 0 0 16 17 6 12 21 25 0 11 15 8 0 0 
