0 16 0 13 0 0 0 0 19 17 20 0 3 25 0 11 0 12 8 0 0 0 9 6 5 
14 0 10 0 0 22 0 0 12 0 0 15 6 21 8 0 4 1 7 0 0 0 25 13 3 
23 8 0 2 0 13 0 20 0 9 19 0 1 14 0 25 0 22 0 5 0 4 11 0 0 
18 1 4 0 0 0 0 0 7 3 24 0 0 9 5 0 0 16 0 15 21 10 0 23 19 
0 0 3 20 5 0 0 0 1 11 0 0 17 4 10 18 0 0 21 0 0 7 0 22 16 
0 10 25 0 0 11 19 12 20 24 13 21 16 0 0 14 0 17 0 0 2 6 4 7 15 
8 18 0 4 0 10 0 1 16 7 14 0 19 0 11 0 0 15 6 3 0 0 17 5 0 
0 0 2 0 24 8 0 0 0 6 0 18 0 0 20 21 9 10 4 19 0 1 0 25 0 
13 21 17 1 6 0 9 0 0 0 0 0 0 8 15 0 0 0 11 0 19 20 0 0 0 
0 11 15 22 19 0 0 0 0 0 10 0 0 6 9 24 0 0 0 0 0 0 3 12 8 
0 3 0 0 10 12 0 0 4 0 1 6 20 0 14 0 0 0 5 0 22 0 18 0 24 
0 17 0 0 14 0 20 6 0 18 22 7 5 12 24 0 0 21 0 13 3 8 10 0 0 
0 0 0 5 16 0 0 0 11 0 8 0 0 23 0 10 0 0 22 0 0 0 0 0 6 
22 20 0 0 0 16 0 0 9 1 17 19 0 15 3 23 25 0 12 6 0 11 7 4 0 
0 0 0 0 1 7 22 5 0 8 21 2 13 11 0 3 19 0 0 4 17 0 12 14 0 
10 19 20 0 0 0 14 0 23 16 4 0 25 0 2 5 3 24 0 0 6 22 21 0 0 
17 22 0 0 0 0 25 0 8 10 15 0 24 1 6 4 21 0 2 16 0 5 13 0 12 
21 0 5 16 0 0 0 0 0 20 7 3 14 19 13 22 0 0 0 11 4 0 0 0 1 
0 4 8 24 0 5 11 0 13 0 0 0 22 17 12 15 1 23 19 0 10 3 16 0 0 
0 7 1 0 13 4 0 0 3 15 5 23 21 10 0 0 17 0 0 0 0 19 0 9 0 
0 13 0 0 11 21 0 0 2 12 25 1 9 24 22 0 0 4 14 17 0 15 20 10 23 
0 0 0 15 21 6 1 10 0 22 16 4 2 0 0 9 0 0 0 25 0 12 19 0 0 
0 25 9 0 0 0 0 13 0 0 6 5 15 7 0 0 0 19 10 0 0 0 2 1 4 
1 0 16 14 4 20 0 0 17 0 12 0 8 13 0 7 0 0 15 21 0 18 6 24 22 
0 0 22 0 0 15 0 9 0 0 11 14 23 3 21 0 13 2 0 20 0 0 5 17 0 
