11 19 0 21 24 0 8 0 0 0 0 12 5 0 0 13 10 0 14 2 16 0 15 1 17 
13 0 0 0 0 15 12 0 14 0 24 17 16 23 6 3 18 0 0 1 21 8 0 0 2 
0 0 0 10 7 24 9 6 0 13 8 0 0 11 15 0 0 0 0 17 0 19 0 12 20 
22 16 12 3 18 0 0 0 0 2 0 10 0 0 13 15 0 0 4 23 5 25 24 0 0 
17 1 0 15 8 23 25 0 0 19 3 0 2 9 21 20 0 12 0 6 0 0 13 18 0 
23 0 7 0 2 0 0 0 9 18 19 11 15 4 5 0 25 1 6 10 0 21 22 0 0 
9 0 1 5 4 0 13 0 0 6 10 2 0 8 0 12 0 24 21 0 23 16 0 0 14 
6 8 0 0 22 0 14 0 1 0 0 3 21 18 16 19 7 0 2 0 4 12 0 5 0 
0 3 0 16 0 0 5 2 15 0 6 7 0 0 1 0 0 0 0 0 9 0 0 25 18 
0 11 0 17 0 0 0 3 22 4 23 24 0 13 0 0 0 16 0 9 0 0 1 0 0 
0 0 0 0 11 18 0 0 0 7 12 8 4 10 0 2 13 0 3 21 15 0 20 0 5 
0 7 24 6 14 0 11 0 0 1 0 0 23 0 0 8 0 4 15 0 17 22 0 0 12 
0 21 0 0 12 0 19 15 0 0 0 0 0 1 3 0 0 17 24 0 0 11 0 8 0 
0 0 8 22 5 10 0 4 17 0 0 0 0 16 9 0 12 0 25 19 0 0 0 0 0 
0 0 0 0 0 14 6 12 8 25 20 0 7 15 17 0 22 23 11 5 3 0 16 0 24 
5 0 0 1 0 0 0 0 6 0 2 9 13 0 0 0 8 0 23 0 20 24 0 0 21 
15 0 0 9 21 1 0 0 0 0 22 23 0 20 10 7 0 0 17 24 0 13 6 14 0 
0 0 2 0 0 3 21 17 0 0 25 4 6 0 0 14 1 0 0 12 10 0 8 11 15 
8 20 14 0 0 11 15 13 18 0 21 0 0 0 0 6 0 0 0 25 12 3 5 0 1 
24 6 18 11 25 9 23 14 19 0 0 0 0 12 8 16 0 0 10 0 0 0 0 17 22 
0 0 0 13 16 7 3 11 25 15 0 14 9 5 0 18 6 20 12 0 8 4 0 10 19 
4 22 10 0 0 8 0 23 0 16 18 15 3 2 0 0 17 7 0 0 0 0 12 24 6 
2 25 0 12 6 5 0 0 13 9 17 20 0 7 0 0 19 3 0 8 11 18 0 22 0 
0 0 0 18 3 0 0 19 0 0 0 25 0 0 4 24 0 0 0 16 0 0 21 20 0 
20 23 19 8 1 0 18 24 10 17 0 21 12 0 0 0 2 0 5 0 0 0 9 0 0 
