0 19 18 0 14 16 5 21 0 0 0 0 7 0 0 2 0 22 25 12 8 0 24 0 1 
8 11 0 16 0 7 1 14 12 4 0 5 17 15 25 21 0 24 0 10 2 0 0 23 0 
0 0 13 15 10 0 11 20 17 8 0 0 0 24 0 9 14 18 23 0 4 0 0 0 0 
7 0 4 23 2 9 19 13 0 18 0 14 0 0 0 0 0 6 16 0 0 12 21 20 0 
12 0 0 1 0 25 0 0 0 0 21 0 8 0 13 0 7 0 0 0 14 0 16 11 0 
13 2 5 8 1 4 0 6 0 0 0 24 15 9 0 0 0 12 22 0 11 0 3 0 21 
16 25 15 10 0 0 7 22 0 3 0 21 11 5 6 14 0 9 19 0 13 17 0 0 0 
22 0 0 0 0 0 21 9 0 0 2 16 0 0 8 13 4 25 0 18 0 14 0 0 23 
14 20 19 21 0 18 2 24 0 16 23 22 25 0 17 10 0 0 0 15 5 0 0 0 4 
0 0 0 0 7 15 0 11 0 19 13 3 14 0 4 0 5 21 6 0 0 0 0 22 16 
0 4 0 0 13 0 8 25 0 11 0 0 0 22 0 3 21 0 5 9 12 0 0 0 0 
0 0 7 0 0 13 0 2 0 0 8 12 18 0 0 0 10 17 0 4 0 0 14 6 0 
2 22 23 12 0 0 0 19 15 6 0 0 24 0 14 16 18 20 0 0 0 1 25 0 9 
0 3 0 14 0 12 4 5 21 0 0 1 13 0 0 11 0 7 15 23 0 24 0 0 19 
0 24 0 11 0 10 14 0 23 20 0 0 5 0 0 1 0 2 12 22 0 3 8 4 0 
24 0 0 0 16 0 25 3 0 0 0 0 0 11 9 0 0 0 13 14 23 0 0 0 0 
23 13 21 5 0 0 9 16 0 0 3 0 1 6 19 4 0 11 0 0 22 7 0 0 0 
6 1 0 19 17 8 23 0 0 12 0 4 0 2 18 0 22 0 21 7 0 16 11 13 14 
11 7 0 0 9 0 22 0 0 24 10 8 23 13 0 0 0 16 18 19 3 21 2 0 15 
15 12 3 22 0 0 0 0 19 0 0 0 16 0 21 24 2 23 0 0 0 4 20 0 0 
3 0 11 0 0 19 15 8 14 25 5 0 0 0 0 7 24 13 0 0 1 10 0 0 12 
0 0 2 0 0 0 18 4 0 23 0 0 3 19 11 25 12 0 1 0 0 0 15 24 20 
9 16 0 13 25 0 0 12 0 22 0 10 21 0 24 18 19 0 2 0 0 23 4 7 0 
0 0 1 24 23 3 17 10 11 21 0 7 6 12 0 0 9 0 14 0 0 2 0 19 0 
10 0 12 20 19 2 0 7 16 0 15 18 9 17 0 6 23 0 3 21 0 0 0 0 0 
