0 0 6 0 7 0 0 1 0 0 4 10 2 0 11 0 
0 0 10 0 9 15 0 0 6 0 13 0 0 14 0 4 
0 2 0 0 10 4 12 16 0 0 15 11 8 0 13 0 
0 4 0 0 0 6 3 2 0 12 1 14 9 15 0 10 
0 0 3 4 12 0 0 0 0 15 0 0 13 0 0 11 
7 0 0 2 11 14 0 15 12 0 0 0 5 0 0 0 
0 0 11 13 2 1 0 3 0 5 0 4 0 9 0 15 
0 0 12 15 0 13 4 0 1 2 11 8 0 10 0 0 
12 7 0 0 1 0 15 5 2 13 0 3 11 16 0 0 
9 0 0 1 0 0 13 0 0 0 0 16 0 5 0 8 
0 0 0 3 0 0 0 12 0 4 0 5 0 0 7 13 
0 0 5 0 8 2 11 0 0 14 12 0 0 6 15 0 
10 3 0 9 4 11 0 14 16 8 0 0 0 0 0 0 
4 6 1 0 15 0 2 8 0 11 0 0 10 0 9 14 
0 8 0 5 3 0 6 10 0 0 0 0 15 0 0 0 
2 14 15 0 0 12 0 0 0 10 0 0 0 11 8 1 
