0 0 2 5 0 14 0 0 0 8 0 0 0 0 0 4 
0 0 0 12 0 0 0 3 0 0 7 0 0 8 0 0 
15 0 0 0 0 11 2 6 0 9 0 0 0 0 0 12 
0 11 0 0 8 10 5 0 4 12 0 0 0 0 15 9 
2 0 0 0 0 0 0 4 12 0 1 0 0 0 3 0 
10 0 3 13 0 1 15 7 0 6 0 8 0 0 4 14 
8 0 4 0 0 0 9 0 7 15 10 0 0 6 16 2 
0 0 9 6 0 16 0 8 0 0 3 0 7 5 13 0 
4 1 0 10 16 2 0 0 15 3 9 6 0 12 11 7 
0 14 0 3 15 6 8 0 0 7 13 2 0 0 0 16 
6 0 11 15 0 0 7 10 0 0 0 16 5 13 9 8 
0 0 0 0 14 12 1 11 8 0 5 0 2 0 6 0 
5 0 15 2 4 0 0 16 3 1 0 0 0 0 12 11 
0 7 0 0 0 0 0 0 0 16 6 0 0 4 2 0 
0 0 14 9 6 8 3 0 13 0 0 0 0 0 1 5 
0 0 10 1 12 7 11 0 9 5 4 0 15 0 8 0 
