0 0 11 24 25 0 23 10 2 0 0 5 9 22 3 20 6 18 0 1 8 7 21 0 13 
2 0 1 22 16 6 0 0 24 5 0 17 25 0 0 13 0 9 14 0 0 20 0 18 0 
21 0 13 5 0 7 14 25 18 0 20 0 4 0 0 19 0 12 0 16 2 0 0 1 3 
0 3 4 15 8 0 0 0 1 20 0 2 0 16 0 5 0 7 0 23 0 14 0 0 0 
0 0 6 20 7 13 0 0 19 0 24 23 14 0 0 2 0 25 21 0 0 9 15 0 5 
18 0 14 0 24 8 22 23 16 10 25 0 0 0 0 0 2 13 12 17 0 5 3 0 4 
13 11 0 0 0 0 0 19 0 6 0 0 18 0 0 4 24 0 0 0 0 0 25 20 16 
12 0 0 7 0 0 15 5 0 3 16 0 0 0 0 18 11 19 0 21 0 13 0 0 23 
0 0 22 0 1 17 0 2 21 13 0 24 0 0 8 3 9 0 25 0 0 6 19 0 10 
3 15 0 19 0 20 0 0 4 24 21 13 0 9 0 6 5 16 1 0 12 8 2 0 0 
11 0 12 21 22 18 8 0 15 0 0 20 24 0 13 17 25 0 0 0 9 0 1 23 6 
10 14 8 23 5 16 13 0 3 2 6 12 21 0 17 9 20 1 11 0 0 0 0 0 0 
0 4 0 18 19 0 25 17 0 0 0 3 15 2 0 0 0 22 6 0 0 16 8 0 21 
0 0 0 25 0 0 0 21 20 0 0 0 0 0 0 0 18 0 0 15 0 17 0 12 11 
9 0 15 0 0 0 6 0 0 0 0 19 0 25 10 8 0 0 0 13 3 0 18 0 20 
0 8 5 2 20 0 0 16 17 0 11 18 0 0 24 25 0 15 19 0 7 23 0 21 0 
15 19 3 14 0 23 2 1 0 12 7 0 8 4 0 16 13 0 18 10 0 11 20 0 24 
0 0 10 0 0 19 0 20 0 14 0 0 3 6 5 0 12 0 23 0 16 4 9 2 0 
7 0 9 4 0 0 0 0 8 15 0 0 1 23 0 21 0 0 0 2 10 0 17 19 25 
0 22 0 0 0 0 10 7 6 25 17 0 0 0 20 0 4 0 9 24 18 0 0 0 0 
8 17 19 10 6 2 0 0 0 0 3 9 0 0 0 22 0 11 0 12 0 24 0 4 15 
25 0 0 0 15 4 0 9 11 22 23 7 0 0 0 0 0 0 10 18 0 19 6 0 2 
16 0 0 9 4 24 0 15 12 0 10 0 20 0 0 23 0 0 13 8 5 0 14 25 22 
0 20 0 0 12 25 0 8 0 23 15 6 16 17 0 24 19 0 2 9 0 0 10 11 0 
0 0 0 11 14 3 0 6 0 21 2 8 22 0 0 0 0 0 0 25 20 0 12 0 9 
