12 6 14 0 8 10 0 13 0 0 5 7 0 0 0 0 
9 0 0 0 0 0 0 0 0 1 0 0 7 0 0 0 
0 0 16 4 0 0 2 0 0 6 0 14 0 0 0 0 
15 5 0 11 16 0 1 9 12 8 0 0 0 14 0 0 
6 2 0 0 12 3 7 0 0 0 16 1 0 15 13 9 
0 0 9 0 0 16 15 2 3 0 4 0 0 6 8 0 
0 0 1 15 9 0 5 10 13 14 0 2 16 12 11 4 
0 0 12 0 0 0 6 0 5 10 0 0 2 7 0 1 
0 0 0 9 2 0 0 0 6 3 10 4 0 0 0 5 
10 0 0 0 14 4 0 0 7 15 9 5 8 2 1 0 
5 4 0 0 6 15 10 0 14 13 12 8 11 0 0 7 
0 8 0 14 0 0 0 5 0 2 0 0 0 0 0 6 
4 0 8 0 0 0 0 0 0 0 0 0 0 3 2 0 
0 10 3 0 0 0 14 8 9 12 2 15 6 4 7 11 
0 12 15 0 0 13 9 0 11 0 0 6 14 0 0 0 
0 9 5 0 4 0 11 6 10 0 7 0 0 0 0 13 
