3 12 14 6 0 0 0 0 0 0 15 7 11 0 0 1 
11 0 16 5 10 6 8 0 2 13 0 0 3 4 0 14 
1 13 0 0 14 3 12 0 6 0 16 11 0 9 0 0 
10 2 0 0 1 4 0 0 12 8 0 14 0 0 0 0 
9 0 0 10 0 0 13 15 8 0 0 2 5 6 0 0 
0 1 6 0 9 0 0 2 13 3 0 0 0 0 0 15 
0 7 0 0 0 0 0 0 10 0 6 0 9 13 0 0 
4 0 0 3 0 7 0 8 15 1 0 9 12 2 11 10 
0 0 1 0 8 5 7 0 9 0 0 15 6 0 10 16 
0 0 7 0 3 12 0 0 16 0 0 0 0 5 4 0 
6 0 0 16 0 0 0 9 0 0 0 0 15 0 0 2 
13 0 0 9 0 0 16 0 5 0 10 0 1 7 14 0 
0 0 0 0 13 0 1 0 11 0 5 10 16 0 9 0 
0 0 0 15 0 0 0 0 0 9 8 13 4 0 2 6 
0 9 2 0 0 8 0 14 7 0 12 3 10 11 5 13 
8 0 3 0 0 0 5 0 1 0 0 0 14 15 0 12 
