13 0 0 0 0 0 0 0 10 0 0 0 0 1 0 8 
9 0 12 6 10 0 0 11 8 7 0 5 16 14 15 0 
0 0 0 0 8 0 0 16 0 9 0 0 0 0 11 5 
4 14 8 0 15 5 1 7 16 13 0 0 0 6 12 9 
8 0 9 0 3 0 10 0 0 4 6 0 0 0 16 0 
0 0 10 12 0 0 0 0 15 5 16 7 8 13 9 14 
0 0 13 7 12 0 0 4 14 10 8 0 0 2 0 0 
0 6 0 5 16 7 9 0 0 0 13 0 11 12 0 10 
0 0 7 4 5 16 6 2 0 0 0 0 0 0 0 0 
0 0 11 0 0 1 0 0 0 0 15 0 5 16 2 0 
0 0 5 0 7 11 12 10 0 0 14 0 9 3 6 4 
0 0 0 2 0 0 0 0 0 12 5 0 1 8 0 0 
0 8 2 0 0 0 11 0 0 0 9 0 15 7 0 3 
0 0 1 0 14 0 13 0 3 0 0 4 0 0 8 0 
0 9 0 13 1 8 16 0 5 2 0 0 0 0 14 0 
0 10 4 14 2 3 0 5 0 8 11 15 13 9 0 16 
