15 7 0 6 0 0 13 0 0 8 0 0 5 0 2 0 
16 4 0 0 3 0 2 10 0 6 0 0 0 13 0 0 
0 0 14 1 6 0 15 0 2 13 16 11 12 4 9 10 
0 0 12 0 14 9 0 0 7 0 0 0 15 0 16 8 
7 0 13 9 0 0 0 1 4 5 0 2 6 0 12 11 
11 15 0 4 9 0 0 0 0 0 8 0 2 0 10 0 
8 5 0 2 11 0 0 0 0 0 0 14 13 0 1 0 
12 14 1 0 0 0 16 0 11 0 0 0 0 5 7 0 
0 0 0 5 0 16 6 8 0 2 11 0 7 0 3 13 
3 0 0 0 13 0 4 0 0 15 5 0 10 0 6 0 
6 8 10 0 0 11 0 3 0 14 1 0 9 2 15 0 
9 13 0 15 0 0 0 12 0 16 6 0 0 0 4 0 
0 0 8 0 2 0 10 16 0 3 0 0 11 0 5 0 
0 9 16 0 7 3 1 0 0 11 0 5 4 0 14 6 
0 10 0 0 4 0 8 0 0 7 9 16 0 0 13 3 
4 0 0 0 0 0 0 0 6 0 10 13 0 0 0 0 
