0 15 0 2 0 8 12 0 0 0 1 7 11 0 0 0 
0 12 9 8 0 10 0 6 0 0 2 15 7 16 14 0 
3 6 1 0 13 7 2 0 16 0 4 0 12 0 0 0 
4 7 14 0 16 0 0 0 11 12 8 0 0 3 0 6 
8 0 0 4 0 14 0 2 9 13 0 12 0 11 0 0 
0 13 0 0 12 0 0 0 15 0 5 11 0 6 8 9 
10 11 16 0 7 0 9 15 0 0 3 0 0 0 0 2 
6 0 5 0 0 0 10 0 0 0 7 0 0 0 0 12 
9 0 0 0 0 12 0 3 0 0 13 4 6 0 0 16 
0 0 0 16 6 11 0 4 10 0 0 1 0 5 12 0 
14 4 0 15 0 2 0 0 0 0 0 16 0 0 0 0 
11 0 13 6 0 5 0 0 7 0 0 8 4 14 0 3 
12 2 4 0 9 16 0 0 1 8 11 6 0 7 10 0 
0 0 6 0 2 3 7 0 12 0 0 0 0 1 16 0 
15 9 0 10 14 0 0 0 2 7 0 0 0 0 4 0 
0 16 8 0 11 0 4 0 5 10 0 0 9 0 6 0 
