8 0 5 23 0 7 22 9 21 17 1 11 0 19 0 16 0 18 13 20 0 0 6 0 0 
0 18 0 0 7 0 0 11 23 10 21 0 0 0 13 0 0 0 8 1 0 22 0 0 0 
22 4 0 2 25 3 16 0 8 0 0 20 9 17 0 0 0 0 21 23 1 0 7 0 18 
9 19 13 21 12 0 0 4 6 18 14 2 8 0 5 7 24 0 0 0 0 17 0 23 0 
0 11 0 6 1 25 0 0 0 2 18 23 0 0 16 4 0 5 0 19 0 0 10 0 8 
24 0 0 16 0 0 21 0 9 6 22 0 0 0 0 3 11 19 10 15 17 1 0 12 2 
0 0 0 10 0 0 24 0 11 16 0 19 0 23 15 0 18 20 25 0 9 8 0 0 0 
11 22 9 0 0 0 0 13 0 0 0 0 6 21 0 8 23 7 0 24 4 18 25 0 19 
0 25 0 18 23 0 20 0 0 19 5 0 10 0 8 0 0 6 4 0 24 0 0 0 0 
20 2 0 19 8 18 4 12 25 0 0 1 0 0 0 21 0 0 14 9 23 0 0 0 10 
0 7 23 25 0 11 0 0 0 0 20 14 16 4 1 19 17 0 0 3 0 0 15 22 12 
0 0 8 0 2 0 0 20 0 0 19 13 22 0 0 0 1 24 7 0 14 25 0 0 0 
19 0 15 11 0 0 0 0 0 4 8 6 21 25 24 0 0 10 12 14 20 16 23 0 0 
14 0 16 0 22 21 18 0 0 15 9 17 23 3 0 13 8 2 11 25 0 4 0 0 0 
13 0 10 0 17 16 25 3 22 0 15 0 5 0 0 20 0 23 18 6 11 0 19 0 0 
0 0 2 13 0 0 0 18 0 0 0 0 0 8 3 0 14 0 9 0 0 5 1 16 7 
0 15 0 0 0 0 6 8 2 25 12 5 0 0 0 24 7 17 16 21 13 9 0 0 23 
12 9 17 7 19 0 14 0 0 0 0 21 13 16 4 2 25 0 0 0 0 6 8 3 22 
23 0 11 22 16 0 12 0 13 9 17 0 2 0 0 6 3 0 0 5 25 0 21 0 0 
0 21 0 24 0 23 0 0 0 0 0 0 0 0 9 10 12 0 20 0 19 0 0 17 4 
10 14 25 3 0 0 2 15 18 0 24 0 0 0 22 0 0 0 6 0 7 0 17 0 0 
2 0 0 9 20 0 0 0 0 0 3 12 0 6 21 18 10 15 0 7 0 0 16 13 25 
7 17 4 12 0 6 0 0 20 0 0 0 0 0 0 0 16 3 1 13 22 10 14 5 0 
1 13 24 5 11 10 0 0 16 0 7 25 17 0 20 14 0 8 0 2 0 12 0 6 0 
6 16 0 0 0 12 7 25 14 0 0 10 0 1 11 5 20 0 0 0 3 0 9 2 21 
