3 0 17 24 0 0 0 0 18 16 1 2 7 5 0 0 0 13 14 0 0 6 0 12 15 
0 12 0 20 15 0 0 2 0 0 9 25 18 0 10 23 0 1 7 0 24 0 13 8 4 
0 0 0 23 0 0 15 1 0 0 0 0 0 0 0 3 0 4 24 0 9 25 7 0 16 
0 2 0 1 4 13 7 9 24 0 0 3 0 22 23 8 16 20 0 0 10 19 17 14 21 
13 16 0 0 0 0 19 0 11 17 4 8 0 0 0 25 0 0 18 0 22 0 2 5 0 
0 0 0 10 16 0 17 21 0 19 0 18 20 3 0 0 15 0 0 0 0 0 0 13 7 
0 8 12 0 21 7 6 23 2 0 0 0 0 0 0 5 0 0 22 24 14 10 18 17 11 
0 6 13 0 0 5 0 8 16 10 12 0 0 0 15 0 0 23 0 14 25 0 0 4 24 
0 0 3 22 0 0 13 0 9 0 24 0 0 25 11 0 8 17 0 21 12 15 20 23 2 
23 0 0 2 18 0 20 12 15 0 17 13 5 14 22 0 4 9 0 0 19 21 0 16 1 
0 17 15 0 0 0 0 7 0 11 16 9 0 12 0 0 0 6 0 3 2 24 22 21 14 
24 0 14 21 7 16 0 15 0 12 13 0 4 0 6 0 9 19 0 8 3 18 0 0 20 
0 0 4 11 8 0 2 0 17 13 0 20 0 0 1 7 0 25 21 0 0 12 0 0 10 
16 0 9 3 23 4 8 18 25 0 7 0 10 0 0 0 24 0 12 11 0 13 0 0 0 
12 20 0 13 2 3 9 14 0 21 0 24 19 11 5 0 0 0 1 0 4 0 16 7 0 
0 15 23 18 0 2 25 0 20 1 22 16 0 0 4 21 19 8 0 0 0 0 12 0 0 
0 0 0 0 1 0 0 0 0 0 0 0 11 20 25 0 0 16 0 18 0 0 0 0 23 
8 5 0 0 22 0 0 6 0 0 0 12 0 13 0 0 14 15 3 0 21 16 4 2 0 
0 0 0 0 11 0 16 13 0 24 0 0 0 0 0 0 22 7 23 0 18 5 1 20 25 
6 3 16 0 0 0 18 0 0 15 2 23 21 0 0 12 25 11 0 0 0 0 0 0 13 
11 0 0 8 19 0 14 16 3 0 21 0 22 0 9 0 10 5 17 23 13 0 0 0 18 
17 0 20 16 25 15 0 0 0 0 3 14 23 0 24 0 0 0 0 0 0 7 21 0 12 
0 0 22 9 0 18 0 10 5 8 0 7 13 17 20 0 3 0 0 25 16 2 14 1 0 
0 0 18 6 0 25 0 0 13 0 0 11 16 2 12 14 7 21 8 20 0 0 0 10 0 
5 21 2 14 13 0 24 17 0 6 10 0 25 18 19 9 12 22 16 0 11 0 0 0 0 
