7 0 14 15 0 0 13 0 12 0 11 3 0 6 0 10 
0 4 6 0 11 0 10 3 2 5 0 13 0 16 9 0 
0 3 9 2 15 16 7 0 8 4 0 10 12 14 0 13 
0 16 11 0 12 0 8 4 15 0 14 6 3 2 0 1 
15 1 0 0 0 0 0 14 3 6 0 5 0 9 8 0 
0 0 7 4 0 0 0 0 9 0 0 14 16 0 0 0 
12 0 0 0 0 13 0 0 0 0 15 0 6 0 0 11 
0 0 0 0 0 0 12 1 0 10 16 0 0 0 0 0 
0 0 2 1 16 0 0 7 0 13 0 15 0 0 12 0 
13 12 0 0 0 10 6 11 1 8 0 2 0 0 0 0 
0 0 8 0 13 12 0 2 0 3 0 11 0 7 0 14 
0 0 3 5 4 1 0 8 0 0 9 12 0 13 0 6 
9 0 12 14 8 0 2 16 0 15 3 0 7 0 0 4 
8 0 0 0 0 4 0 13 0 0 6 9 0 12 3 16 
6 0 0 0 0 0 0 0 0 0 0 0 14 0 0 5 
11 7 0 0 0 0 14 15 10 0 2 16 0 0 1 9 
