0 0 2 0 16 5 6 0 15 14 0 8 10 0 12 0 
0 7 16 0 1 13 8 9 12 5 11 0 0 6 2 0 
0 0 0 0 15 0 11 0 6 0 0 2 0 0 8 7 
13 0 0 6 2 0 0 7 0 0 1 9 15 0 0 0 
1 0 0 3 7 0 0 0 13 2 0 0 8 11 0 10 
0 0 4 0 5 0 0 0 10 7 0 12 0 0 13 14 
0 2 11 0 13 16 0 0 8 0 14 15 12 0 0 4 
10 12 15 13 3 8 14 0 11 0 4 0 0 2 1 5 
0 13 5 15 14 0 2 0 16 0 0 0 0 9 0 12 
0 8 9 0 0 0 0 12 0 13 0 3 1 4 11 0 
0 0 1 0 8 15 0 5 0 0 12 0 2 0 3 0 
0 3 6 12 4 0 0 0 0 0 0 7 0 0 14 0 
0 0 0 0 9 0 7 8 1 0 0 0 3 0 5 0 
8 14 0 0 10 0 0 0 3 15 16 0 9 0 0 2 
6 1 10 0 0 2 3 16 7 0 0 0 0 0 15 0 
0 9 0 0 12 0 0 0 5 8 2 0 0 10 0 0 
