0 13 0 3 7 4 0 20 16 6 8 0 21 5 0 24 0 0 0 9 0 1 10 12 0 
24 17 0 12 5 11 25 0 0 9 0 4 22 0 18 19 0 6 16 3 2 7 0 20 15 
11 9 18 0 0 0 17 0 19 15 0 0 0 6 16 20 0 21 1 0 0 0 0 4 0 
0 19 0 0 0 24 0 0 1 0 0 3 2 0 0 0 0 15 0 17 0 18 0 9 6 
6 0 25 20 4 0 0 3 5 10 1 9 7 12 0 11 18 0 0 14 0 0 24 0 19 
18 24 0 16 0 0 7 21 22 11 17 2 23 0 0 10 0 0 0 25 12 0 0 0 5 
0 0 15 9 8 0 20 0 25 0 22 0 14 7 12 1 21 0 0 0 0 0 0 0 10 
12 0 0 1 0 0 16 2 15 24 10 0 9 0 0 0 0 11 0 7 14 23 13 8 18 
2 0 22 5 0 23 0 9 0 12 3 0 24 21 13 15 0 14 18 4 19 0 17 25 0 
0 14 0 13 0 3 1 0 17 0 18 25 0 0 19 12 6 9 0 0 21 24 16 0 7 
0 3 9 0 0 25 0 0 2 0 0 8 20 13 7 0 0 0 0 16 0 0 0 0 12 
0 0 10 0 0 9 0 0 3 0 0 0 0 18 14 13 22 0 24 12 0 5 21 0 0 
21 0 0 0 0 13 0 1 0 16 0 23 5 2 9 3 7 25 17 10 0 14 22 19 0 
13 0 0 0 17 12 0 0 0 23 0 1 15 22 0 2 4 0 8 0 6 16 7 0 9 
14 8 0 2 1 5 24 22 0 7 4 0 0 0 0 0 0 19 6 15 25 13 0 23 0 
4 16 13 0 0 1 3 0 0 0 23 0 8 0 2 5 0 7 14 22 15 21 25 0 0 
20 0 17 0 0 8 22 7 0 0 0 18 0 11 0 6 24 16 12 2 23 9 1 0 0 
0 0 23 18 14 0 19 5 4 21 0 0 0 0 22 0 15 3 25 0 24 0 20 0 13 
1 25 6 7 0 16 12 0 0 2 0 14 3 24 0 23 0 0 0 13 18 8 0 0 22 
0 0 5 0 0 0 23 0 0 20 0 0 1 25 4 8 19 17 0 18 0 6 3 2 16 
3 1 0 0 21 0 11 18 0 0 2 7 0 10 8 0 0 13 0 19 9 0 6 0 0 
0 22 7 24 0 2 0 0 0 0 0 21 0 0 0 17 0 10 0 0 1 0 4 18 0 
25 0 2 4 0 17 0 0 0 8 0 22 16 3 0 0 14 0 0 21 10 0 0 7 23 
0 0 0 10 0 21 9 0 7 0 5 20 0 23 6 0 0 12 4 24 0 22 0 0 3 
0 0 8 0 0 19 4 0 10 0 14 15 0 0 25 7 0 0 0 11 5 2 0 16 21 
