0 0 0 0 4 10 0 5 0 2 0 0 15 0 7 9 18 20 0 0 0 13 14 0 21 
9 7 0 0 24 20 0 18 0 0 13 17 0 19 2 6 0 0 5 0 0 12 15 11 0 
0 0 6 18 0 0 0 9 0 7 0 0 0 10 0 0 3 0 0 0 1 24 0 2 0 
20 10 12 15 0 0 3 0 0 0 25 9 0 14 0 2 11 1 0 0 7 0 5 17 0 
11 0 23 14 0 24 0 0 0 0 4 0 0 0 1 21 0 0 0 15 9 20 0 10 18 
0 5 0 0 15 6 0 0 16 8 19 0 11 17 0 12 24 9 10 0 14 18 23 0 4 
6 0 0 16 2 0 0 11 0 12 0 0 25 0 20 22 0 0 7 3 0 5 0 0 0 
0 9 24 8 14 21 7 4 5 3 18 13 12 0 10 11 15 0 0 0 0 22 0 19 2 
13 0 0 0 12 15 0 0 1 0 0 0 0 0 0 0 23 0 18 8 6 0 0 0 0 
21 18 3 0 19 22 23 25 24 17 0 14 0 8 4 1 5 0 6 0 10 7 12 13 11 
14 11 0 5 0 0 16 0 0 0 0 0 0 25 8 10 0 0 2 9 24 0 3 0 7 
19 0 4 23 3 9 24 0 0 5 21 0 0 2 6 0 17 0 8 0 0 11 10 0 0 
0 1 8 22 0 7 0 0 0 0 9 16 0 0 0 3 0 5 11 23 25 0 20 0 19 
0 25 9 24 0 0 8 19 11 0 0 20 0 7 0 13 1 16 22 6 5 0 17 0 12 
0 6 7 0 0 0 0 17 0 0 11 0 0 0 14 0 0 4 15 21 23 1 0 0 8 
7 0 21 13 25 0 0 1 0 0 17 0 0 4 0 0 0 0 16 24 12 3 18 20 5 
3 12 2 6 23 18 17 0 0 11 24 0 0 22 0 5 25 15 20 0 0 4 0 14 16 
17 14 16 9 0 0 4 7 10 24 0 0 21 1 13 18 12 6 0 0 0 23 19 25 0 
0 24 15 19 22 16 25 3 0 20 0 0 2 0 0 0 7 0 9 14 0 10 0 0 0 
0 0 0 10 0 23 12 8 15 19 0 0 0 0 0 17 0 21 4 22 2 6 11 24 9 
22 21 0 1 8 0 5 0 0 0 14 4 0 11 23 0 0 0 0 0 0 0 2 0 0 
0 23 18 3 0 0 6 0 4 21 0 0 0 15 5 20 2 17 0 0 11 0 0 12 0 
5 19 0 4 7 0 0 22 8 15 2 1 0 20 24 0 0 0 21 12 18 0 6 23 10 
0 0 14 0 0 0 13 0 7 16 6 0 18 0 0 23 0 22 1 11 3 0 4 0 25 
12 13 0 11 0 25 10 0 2 0 0 22 3 0 19 15 4 24 0 0 20 8 0 7 1 
