0 0 16 5 7 0 13 0 0 3 8 0 12 0 0 10 
8 0 0 0 0 1 0 9 15 0 12 0 0 16 0 0 
14 13 1 0 0 0 12 0 7 0 0 4 0 9 5 11 
0 0 12 0 3 16 0 0 5 0 13 0 0 0 7 2 
0 10 2 0 0 7 9 14 13 15 4 1 0 3 0 0 
15 0 11 14 16 0 0 12 0 0 0 0 0 0 6 0 
0 4 13 0 10 11 0 0 0 0 0 12 0 0 0 0 
12 3 5 6 4 0 15 1 0 7 11 0 9 10 0 0 
13 0 6 11 0 8 0 2 4 0 0 0 0 7 1 9 
0 0 0 0 0 6 11 0 9 1 0 16 2 0 4 3 
10 0 15 4 12 0 0 7 0 0 2 0 16 0 14 0 
0 0 3 0 0 5 4 13 10 0 14 0 15 0 11 8 
0 5 4 0 0 0 10 16 8 0 0 0 3 0 0 0 
0 11 8 16 0 0 0 0 0 9 1 5 7 4 0 15 
0 0 0 0 11 9 0 5 0 4 0 0 13 0 8 12 
7 0 0 13 2 0 8 4 0 11 10 14 0 0 0 0 
