0 7 12 0 15 4 8 0 10 0 0 1 2 0 3 0 
8 0 0 9 12 0 0 0 6 0 0 0 14 0 0 0 
0 16 4 1 6 0 10 2 9 0 0 3 12 0 0 0 
6 5 0 0 0 3 0 0 4 0 0 12 0 0 0 0 
0 14 7 0 0 2 11 3 1 0 0 0 0 0 0 0 
16 0 11 0 1 5 12 6 0 9 0 0 4 13 14 0 
0 9 1 5 10 0 15 13 0 14 2 0 0 0 0 0 
0 0 6 13 4 0 14 0 5 0 10 16 0 0 0 12 
0 0 0 4 5 0 7 8 2 10 0 15 0 3 0 0 
2 6 0 0 0 10 0 16 7 0 0 5 0 8 0 4 
1 15 0 0 2 11 3 12 0 0 0 0 0 7 6 0 
7 10 0 12 14 15 1 0 11 0 6 0 0 0 0 9 
0 0 0 8 0 0 0 0 0 0 0 0 6 0 4 7 
10 4 3 6 7 12 0 0 8 1 0 0 16 0 9 5 
0 1 2 7 8 14 4 5 0 0 0 0 0 12 13 15 
5 0 16 14 0 0 6 0 0 7 4 9 10 0 0 0 
