0 10 20 0 0 0 6 2 3 18 21 16 5 0 0 0 0 7 25 0 0 15 11 17 14 
18 16 19 14 0 10 12 0 7 0 13 8 0 0 11 0 0 0 3 0 25 0 22 23 0 
12 0 8 13 11 25 23 0 9 0 14 7 17 0 20 0 0 0 0 0 18 4 2 0 0 
0 0 0 0 0 22 0 0 0 15 0 12 0 18 0 0 4 14 13 0 0 5 7 6 0 
0 4 0 0 0 14 17 13 24 21 0 9 6 0 0 22 16 0 11 15 12 0 0 0 0 
0 24 1 0 4 0 0 0 0 23 0 10 21 0 17 11 15 9 12 0 0 8 3 14 13 
19 13 18 0 0 0 0 0 0 0 0 0 3 0 0 5 2 0 22 23 24 21 0 25 0 
2 9 25 6 8 0 4 0 5 0 16 0 0 12 24 21 17 20 14 1 0 0 0 15 0 
23 11 3 21 15 13 0 14 0 24 20 0 0 9 0 25 0 4 0 0 16 0 12 5 10 
0 0 16 0 17 0 0 0 12 19 1 15 0 25 0 24 8 0 0 0 7 0 0 0 4 
0 14 0 0 23 0 20 15 16 0 24 1 7 0 0 0 0 22 6 10 0 13 8 4 17 
3 0 0 4 0 0 0 0 0 0 15 17 0 0 10 7 23 0 21 0 19 0 5 16 18 
16 6 21 11 20 18 2 4 23 14 0 5 0 8 0 15 19 0 24 0 0 22 0 0 0 
0 0 0 15 0 0 0 0 17 7 22 19 18 0 4 0 9 16 0 0 6 24 21 20 25 
17 0 7 24 1 5 0 10 0 0 0 0 20 21 16 13 0 0 4 0 0 0 15 0 0 
4 0 0 2 12 19 25 20 18 3 0 0 16 0 0 14 0 11 8 7 0 23 17 10 0 
10 0 0 0 16 0 0 11 8 5 0 0 22 3 14 4 0 0 15 21 20 18 0 19 12 
15 8 11 0 24 0 0 0 0 0 5 0 10 0 0 9 0 0 0 12 22 0 14 3 0 
9 21 0 0 19 23 14 22 0 12 17 20 4 1 15 16 24 3 2 18 0 25 13 11 7 
0 0 0 20 0 6 15 0 0 0 12 0 0 0 0 0 10 0 0 22 0 16 4 24 0 
6 7 0 23 10 12 11 0 2 4 18 3 0 0 0 8 0 5 0 19 0 20 0 13 21 
13 0 4 0 25 0 10 23 20 0 8 0 0 0 5 0 0 21 7 11 0 3 0 0 9 
0 0 12 9 18 0 3 24 22 0 11 0 0 0 0 10 0 0 17 13 5 7 0 2 6 
0 0 15 8 0 0 0 0 21 9 0 0 13 20 7 6 0 24 16 2 0 0 23 0 11 
11 0 0 16 0 0 7 18 0 0 0 0 12 0 0 0 25 23 9 0 15 10 19 22 8 
