12 4 15 0 3 0 0 0 0 9 0 13 0 11 0 0 
0 7 0 16 0 0 1 0 6 10 15 8 0 0 0 13 
0 0 0 0 0 15 0 6 0 0 0 16 0 9 0 0 
0 14 6 2 9 0 0 0 0 1 4 0 0 0 12 0 
0 9 0 4 0 5 7 12 2 3 0 6 0 14 8 16 
2 16 1 15 0 0 3 9 0 0 0 14 0 0 0 0 
7 6 3 5 14 0 11 8 0 0 0 0 0 0 0 0 
13 0 0 8 10 0 0 4 0 0 11 0 0 5 0 0 
0 0 0 0 1 0 5 0 12 16 10 2 0 0 6 9 
0 11 0 0 0 8 0 0 3 0 0 0 15 1 0 0 
0 10 2 13 0 9 0 0 0 11 6 5 12 0 0 8 
0 0 0 0 6 13 0 2 4 0 7 15 16 3 11 0 
1 0 12 0 5 0 16 0 15 6 0 0 4 8 0 0 
3 5 13 9 2 7 0 0 0 4 0 12 1 0 15 11 
0 15 0 0 8 12 6 0 13 7 2 0 5 0 9 0 
6 8 0 0 4 11 0 15 0 5 0 1 2 16 13 0 
