0 21 20 0 10 0 17 23 16 0 4 24 0 25 14 0 0 0 0 18 0 0 0 0 0 
8 4 14 22 0 5 0 24 0 15 0 2 0 0 0 0 23 0 7 0 3 18 21 1 19 
0 0 7 0 15 9 10 0 19 14 0 6 21 0 0 16 22 0 2 1 23 0 0 0 4 
0 0 0 0 2 7 0 11 0 0 8 23 1 0 15 4 0 0 0 3 0 25 17 14 20 
23 25 1 6 12 8 3 2 20 4 17 0 0 0 7 0 0 21 0 14 15 16 10 0 0 
0 8 0 0 0 0 0 20 3 24 0 21 4 7 23 10 0 6 5 13 0 0 0 22 11 
4 0 25 23 3 0 22 0 0 7 0 20 0 0 0 12 9 15 0 16 0 8 0 2 21 
7 18 22 20 0 0 11 0 23 0 6 0 8 10 13 0 24 1 0 25 0 0 15 4 0 
9 11 0 0 0 12 0 0 0 0 0 0 14 0 0 0 0 4 0 0 1 3 20 0 0 
15 12 0 0 24 0 21 0 5 25 9 22 0 0 16 20 11 0 0 23 0 10 13 6 0 
13 19 0 0 16 21 20 5 4 8 22 0 0 9 11 1 18 0 23 24 6 15 0 0 2 
6 22 0 15 0 11 0 0 0 9 14 0 10 24 4 8 20 0 16 0 0 19 1 17 0 
0 23 0 17 0 22 1 0 6 12 0 0 3 8 19 0 10 0 0 0 13 24 0 16 25 
11 9 0 24 0 10 23 14 15 19 0 0 0 16 21 0 4 0 12 17 0 0 22 20 5 
10 14 8 0 1 24 0 0 7 0 0 0 0 0 0 19 6 0 0 15 0 0 0 0 12 
14 0 0 0 22 20 12 8 0 1 0 0 9 0 0 5 15 23 17 0 0 13 0 19 0 
24 17 0 10 25 0 7 0 22 11 0 0 0 0 1 0 0 0 0 0 14 0 0 0 0 
0 3 0 12 8 0 0 19 9 23 7 10 15 0 22 0 16 2 0 20 4 1 0 0 0 
21 1 0 16 20 25 4 0 2 10 0 0 0 17 6 14 8 0 19 7 12 22 23 24 9 
19 0 11 0 0 0 18 0 24 3 20 0 0 0 0 0 0 10 1 22 0 0 0 8 7 
0 0 24 0 0 0 14 4 10 18 21 7 19 6 0 0 12 11 0 0 16 0 0 0 1 
0 10 0 2 14 17 0 21 0 0 23 0 11 1 0 22 7 19 0 9 0 6 0 18 0 
0 6 19 0 0 23 0 0 11 13 25 15 20 12 0 18 0 24 0 0 0 4 2 3 0 
0 20 18 4 0 3 0 22 8 0 16 0 0 0 17 15 14 0 25 2 0 23 12 0 0 
0 7 0 0 0 0 24 12 0 20 18 14 22 4 8 0 0 16 6 0 0 0 5 15 13 
