5 0 0 7 0 0 23 24 19 0 0 22 0 1 16 0 0 12 18 0 13 25 0 9 0 
13 17 0 0 0 0 1 14 0 3 0 18 8 10 0 0 0 0 5 0 0 6 20 0 22 
0 25 0 0 8 0 0 0 0 10 0 0 0 4 0 1 16 13 0 0 0 0 0 2 0 
19 0 18 3 22 2 0 25 13 0 23 0 5 0 0 0 11 7 0 17 15 10 0 0 0 
0 12 0 0 0 0 5 18 17 0 13 0 25 14 2 22 0 0 20 21 0 0 16 3 0 
20 3 13 21 19 25 6 0 16 24 0 0 18 12 0 14 1 8 0 15 17 2 0 11 4 
15 22 23 25 5 1 0 0 14 7 0 13 9 0 24 2 0 0 3 6 16 0 19 8 10 
17 8 0 0 0 13 2 0 12 21 0 0 0 16 6 4 7 0 25 9 0 22 15 18 23 
16 6 0 1 0 0 17 0 0 0 0 20 0 11 3 5 12 0 0 0 21 13 0 0 7 
7 0 0 0 12 0 19 23 0 0 0 8 0 25 4 11 17 16 21 0 24 3 0 0 6 
0 16 0 0 0 0 0 7 20 0 8 21 0 5 0 10 0 22 0 25 0 24 2 0 11 
25 11 21 0 0 4 0 13 0 0 19 9 0 0 0 15 2 0 0 0 0 1 0 0 20 
18 0 17 13 0 10 15 0 1 16 0 4 0 23 0 7 9 21 6 5 0 14 3 0 8 
0 0 0 0 1 14 21 2 8 0 25 0 0 0 7 12 0 3 0 19 0 16 0 6 0 
0 15 12 9 7 0 25 19 23 5 0 10 20 3 1 13 14 11 24 8 0 0 18 17 21 
1 4 0 11 0 16 0 0 25 0 18 0 23 0 0 0 13 0 0 0 0 21 22 7 0 
0 18 6 0 25 0 0 20 0 0 0 0 1 7 17 0 0 5 8 4 0 0 24 19 16 
8 0 0 14 9 5 10 21 0 0 0 19 0 13 0 20 22 0 16 1 2 11 6 0 0 
22 0 0 5 15 24 0 8 4 0 6 14 0 0 0 0 25 23 0 7 12 17 10 13 0 
24 21 16 0 13 17 0 0 0 2 4 5 3 15 0 19 6 14 11 0 8 18 0 20 0 
0 0 0 0 6 0 0 12 5 23 0 0 10 0 21 17 8 2 7 18 4 0 11 0 0 
11 0 0 0 0 0 8 0 2 0 0 3 4 9 23 0 0 6 15 0 0 0 14 10 18 
0 9 0 0 18 0 13 0 0 15 11 0 0 19 5 0 0 1 12 0 3 23 8 24 0 
23 0 0 0 10 3 0 0 0 20 0 0 14 0 0 21 5 9 0 22 6 19 12 16 0 
0 0 0 12 0 18 0 10 7 0 15 0 0 8 0 23 0 0 14 0 1 0 21 22 17 
