16 1 8 9 11 15 0 13 2 12 14 3 10 0 6 7 
7 0 0 12 8 3 9 6 0 16 0 11 0 14 4 1 
0 3 0 15 0 2 0 1 0 6 0 0 8 16 0 9 
0 0 6 4 0 0 0 5 0 8 7 1 15 2 0 11 
0 0 1 0 16 0 0 3 0 15 0 7 0 0 0 0 
2 4 0 0 0 0 11 12 16 10 9 5 0 0 1 15 
15 7 0 16 0 0 5 0 13 0 0 0 0 0 0 10 
12 6 0 0 0 0 15 0 0 1 0 0 5 13 0 2 
6 0 0 13 0 4 7 0 0 0 0 0 12 0 9 5 
0 15 0 1 13 14 3 0 0 7 0 10 0 0 0 0 
0 11 0 5 15 10 0 16 0 0 0 2 0 0 7 0 
3 0 4 7 6 5 0 0 0 0 16 0 0 15 0 14 
0 13 11 0 4 8 0 14 0 0 12 15 9 0 0 16 
0 8 16 14 2 0 1 15 0 0 0 9 7 0 0 0 
0 0 0 0 3 9 16 0 0 11 1 0 0 0 0 0 
0 0 15 6 5 0 0 7 0 0 4 0 0 0 0 0 
