0 8 11 0 22 21 0 10 13 0 16 0 25 2 23 6 0 0 0 18 0 0 0 3 0 
0 4 0 20 17 5 18 2 0 0 21 8 0 15 0 24 25 0 11 0 0 16 12 0 0 
0 0 0 0 5 4 0 0 11 0 0 0 10 0 12 13 20 0 21 0 24 0 0 19 0 
0 0 25 13 0 15 24 17 23 0 0 0 6 0 4 10 7 0 16 0 0 0 9 0 0 
19 0 0 0 0 0 0 0 16 0 0 0 24 13 0 3 4 23 2 0 11 0 0 10 6 
22 17 3 23 0 0 6 9 24 0 25 0 19 10 0 0 0 13 0 2 0 0 14 16 0 
21 0 10 16 7 12 0 18 0 17 0 1 0 20 14 23 0 15 4 0 25 24 0 6 8 
0 19 12 0 18 0 0 13 5 0 0 16 0 6 8 14 0 0 25 11 10 17 21 0 3 
1 0 0 4 24 0 25 0 0 0 0 0 0 23 0 0 12 6 22 3 0 0 0 20 0 
0 20 13 11 6 14 3 22 21 19 0 0 0 5 0 0 8 10 17 16 23 0 4 18 9 
0 24 0 0 20 16 12 0 0 11 2 0 0 0 5 22 0 25 0 4 19 0 0 0 0 
11 0 7 0 13 0 21 24 20 2 19 0 4 0 0 0 15 0 6 14 0 0 8 1 0 
23 0 0 19 0 7 14 15 9 0 0 0 0 17 21 1 0 0 0 24 0 6 25 0 13 
5 0 0 8 0 0 13 1 17 22 24 15 20 11 0 0 0 18 23 0 0 3 7 0 0 
3 12 4 21 0 6 0 0 25 0 18 14 0 1 13 19 17 0 7 9 16 22 2 0 11 
17 15 22 0 19 0 0 0 3 6 0 0 11 8 10 4 18 16 12 13 21 0 0 0 23 
13 0 0 0 0 25 0 19 0 8 0 9 0 0 0 0 0 21 3 17 0 10 24 12 0 
0 0 8 9 0 24 23 7 1 0 3 0 18 0 17 2 5 14 0 10 22 19 0 25 0 
0 0 0 10 0 2 15 4 0 0 6 22 0 0 24 0 0 8 0 0 0 13 11 9 1 
12 6 0 25 14 13 0 0 0 18 0 0 2 0 0 9 0 24 0 0 15 20 3 0 4 
4 7 0 0 25 17 22 23 0 0 5 2 0 14 0 0 0 11 0 21 3 0 0 13 24 
0 13 19 3 0 0 0 21 14 24 12 18 1 22 11 0 16 4 0 0 6 0 0 17 0 
0 18 24 12 10 8 19 0 15 7 4 0 17 0 20 5 0 0 13 0 0 9 0 11 22 
15 0 0 6 11 3 5 12 4 13 10 23 0 0 7 0 1 19 24 22 0 0 20 0 25 
16 22 0 0 9 11 0 0 0 10 0 6 0 0 3 12 23 0 0 0 4 0 0 2 0 
