0 0 1 0 0 5 0 0 10 0 16 0 11 0 6 0 
10 0 16 6 15 0 0 7 0 0 0 4 0 0 14 0 
7 0 8 4 0 0 10 0 6 0 0 0 13 0 0 0 
0 15 0 12 1 0 16 6 0 0 11 0 4 7 8 10 
0 0 3 14 11 4 0 5 15 0 0 1 0 8 16 2 
0 0 0 0 6 0 15 0 13 3 7 0 12 0 0 0 
0 7 0 0 12 1 0 16 0 6 5 0 0 13 4 0 
0 13 0 1 0 7 14 0 11 0 12 0 0 0 15 0 
6 2 12 0 5 9 0 0 4 0 0 13 0 0 0 7 
9 0 7 13 0 15 4 0 0 5 0 0 2 0 0 8 
14 1 4 3 0 6 11 2 7 8 9 15 10 16 0 5 
0 8 0 0 7 0 12 1 2 0 0 10 0 4 0 0 
0 0 0 0 0 0 5 0 0 0 0 0 0 6 7 0 
3 5 0 9 0 0 0 13 16 12 2 11 8 0 0 15 
0 0 15 0 9 16 0 11 0 7 13 0 0 0 2 3 
0 12 0 7 3 0 0 15 14 0 0 0 16 9 13 0 
