0 0 12 0 9 0 0 3 8 0 14 0 0 10 0 2 
0 5 0 0 4 11 0 0 0 0 10 16 8 1 0 0 
0 11 10 0 0 0 2 16 6 0 12 0 0 0 9 7 
0 6 0 7 0 0 0 14 0 0 0 0 0 13 0 0 
8 12 1 0 0 0 0 4 10 5 11 0 13 15 0 14 
7 15 0 0 0 0 14 10 4 12 13 0 0 9 0 0 
0 0 0 10 0 12 8 0 0 1 0 14 3 5 4 0 
0 0 11 14 0 0 0 13 9 0 15 0 0 0 12 10 
0 10 0 11 2 0 0 0 0 0 4 9 7 0 0 1 
1 0 14 0 0 8 4 0 0 11 2 0 6 3 10 0 
0 9 0 0 7 0 15 11 0 14 0 0 12 4 2 5 
5 7 2 4 0 0 1 6 12 16 0 10 9 11 0 13 
0 0 5 0 10 0 0 0 1 0 0 8 0 12 3 15 
9 0 16 0 13 3 12 1 7 10 0 15 0 6 0 0 
0 8 15 0 0 16 11 0 13 0 6 0 0 0 1 0 
0 1 0 0 0 0 9 8 14 2 0 0 0 0 0 4 
