22 25 16 0 19 9 0 5 0 20 0 0 12 0 0 0 21 0 24 3 0 0 0 0 17 
0 13 0 2 14 15 0 18 22 0 5 11 1 0 3 4 0 23 0 0 0 8 0 0 9 
6 17 5 7 1 0 4 14 0 0 9 8 0 0 23 13 0 0 12 11 24 18 25 0 19 
0 11 21 15 18 12 8 16 25 0 0 0 13 17 7 6 10 1 0 0 2 4 5 3 14 
0 4 0 12 0 11 17 1 0 7 15 16 14 18 25 0 5 0 0 8 0 13 20 0 21 
9 0 17 0 21 0 24 0 0 8 2 25 6 13 0 0 20 4 11 19 0 3 22 12 15 
0 8 0 3 0 0 25 0 12 0 19 14 24 0 9 10 0 6 0 18 23 0 1 2 0 
11 15 0 0 0 10 5 0 0 17 20 12 23 0 0 21 0 2 13 7 8 25 9 14 0 
0 0 19 1 2 20 21 0 0 0 16 17 0 0 5 0 0 15 0 0 0 7 10 0 11 
0 22 0 0 5 0 0 0 0 0 11 7 0 10 0 12 14 0 1 16 0 0 0 0 0 
0 0 15 11 22 7 16 0 0 2 8 9 3 23 0 0 12 0 10 20 0 14 0 19 13 
18 0 20 9 3 1 0 0 0 5 0 19 16 0 13 25 22 0 0 0 10 2 23 17 0 
13 0 0 0 0 0 11 17 14 0 0 5 18 12 2 0 23 7 0 0 3 1 15 0 0 
25 16 0 17 0 24 9 0 0 0 14 21 10 0 0 0 0 19 0 1 11 12 0 0 5 
19 0 0 5 12 18 0 0 0 0 0 20 0 7 0 3 11 8 16 0 0 0 24 25 0 
0 0 1 0 0 2 18 13 7 0 17 0 5 0 10 0 6 14 4 0 0 0 3 24 0 
0 18 0 19 17 22 0 0 6 0 0 0 0 0 0 16 8 10 25 0 0 0 0 0 0 
8 0 11 14 6 0 0 0 0 12 0 0 0 1 16 24 7 0 0 0 19 10 13 0 18 
5 12 0 16 7 17 19 0 10 24 0 15 20 9 0 0 0 0 0 0 0 22 2 0 25 
2 0 0 0 0 0 1 21 0 25 3 0 0 0 11 0 0 0 0 0 7 0 0 16 8 
17 19 3 22 0 6 7 12 11 0 24 0 9 25 0 8 0 0 14 10 20 23 18 0 0 
14 1 0 0 8 0 22 0 0 3 18 10 7 16 0 15 0 0 9 0 25 0 11 13 0 
21 0 0 0 11 8 13 2 17 9 0 0 22 0 0 7 0 25 18 0 15 16 0 4 10 
10 9 12 18 0 25 15 23 16 1 0 2 11 0 0 0 4 20 0 21 0 0 0 7 0 
16 7 0 25 0 0 14 0 19 0 12 6 8 15 0 11 2 0 0 0 0 0 0 0 0 
