0 4 0 12 0 0 16 0 0 0 1 15 9 6 5 8 
1 0 3 0 0 0 0 0 0 0 9 12 10 0 11 0 
14 7 6 0 9 0 0 15 0 0 0 0 2 0 0 4 
0 0 0 8 5 2 10 0 0 6 0 0 13 0 1 0 
7 0 0 3 1 0 0 0 0 10 8 6 11 0 14 0 
0 6 0 2 7 0 12 0 1 0 13 9 15 0 0 0 
10 0 0 0 8 0 11 0 14 12 0 4 0 0 9 0 
0 0 8 14 0 6 0 0 3 16 7 0 1 0 4 10 
6 13 9 0 2 0 0 10 0 0 15 0 3 4 0 12 
0 10 14 0 12 0 5 0 6 0 0 0 0 0 0 9 
2 8 0 0 0 0 0 6 0 0 12 0 0 0 0 0 
3 12 0 16 14 0 0 0 13 4 0 10 0 0 0 5 
8 0 0 0 4 9 14 2 12 3 0 13 16 10 6 11 
0 0 0 0 0 8 0 1 11 15 16 0 7 5 13 3 
5 11 0 0 16 0 15 0 0 0 0 1 4 14 0 2 
16 3 0 0 11 5 0 7 10 0 0 14 12 0 15 0 
