15 23 13 24 0 0 12 16 17 0 1 0 25 21 0 0 5 8 4 3 0 0 10 0 0 
11 4 0 25 0 0 23 10 19 0 18 0 2 7 20 0 24 0 0 0 0 0 0 0 13 
0 10 12 22 8 0 13 20 9 0 0 16 5 0 0 14 15 1 0 19 0 0 21 0 24 
2 0 20 5 1 4 21 3 0 0 0 0 10 0 13 16 9 0 23 0 19 0 12 22 25 
21 0 14 0 0 8 0 0 0 0 0 0 23 12 24 13 25 0 0 0 0 9 0 1 4 
0 24 0 1 10 0 0 17 0 0 0 23 0 19 0 0 0 3 0 11 6 2 0 4 7 
4 8 0 7 21 10 15 0 0 24 2 11 14 0 25 23 0 6 18 0 13 0 0 0 16 
0 0 0 3 0 5 8 0 11 13 9 4 0 17 0 0 0 16 10 0 0 22 0 21 23 
25 0 17 19 2 22 0 0 23 0 0 24 12 0 0 0 14 13 15 5 8 3 0 0 10 
9 0 0 23 13 19 0 12 0 1 8 3 21 0 0 0 20 0 0 0 14 15 17 24 18 
23 16 25 10 3 21 2 0 5 0 0 17 0 15 4 0 18 0 0 13 1 24 0 0 12 
0 1 7 0 0 24 0 13 0 0 3 0 0 0 0 11 0 5 9 21 0 0 18 19 17 
17 9 0 20 0 11 19 14 22 23 0 25 0 13 0 10 2 0 16 4 7 6 3 0 8 
0 0 22 0 0 25 1 0 0 3 0 0 0 0 16 0 23 0 20 0 15 0 0 0 0 
0 0 2 13 0 12 17 0 8 9 7 22 0 18 10 0 19 24 3 1 4 20 16 23 21 
3 0 9 0 22 13 5 0 0 7 10 8 0 0 23 20 12 0 0 0 0 21 4 0 19 
0 0 0 12 0 0 0 0 0 2 0 13 4 0 0 3 22 0 17 0 0 0 7 0 0 
19 5 10 0 0 23 24 8 0 17 0 0 3 2 0 0 16 0 0 0 11 0 0 0 9 
18 11 0 0 7 16 9 0 0 0 6 1 19 0 17 5 0 2 0 23 3 12 0 0 22 
20 0 0 0 25 3 22 11 14 0 0 18 9 5 7 4 0 19 0 8 17 16 23 6 15 
0 14 8 0 0 7 20 1 0 0 0 0 0 0 19 2 0 9 6 16 0 10 24 0 3 
0 0 18 0 0 14 0 23 0 0 0 0 0 6 21 0 3 0 22 17 9 0 0 20 0 
0 2 0 0 6 15 18 0 0 12 0 0 0 14 0 24 7 21 0 0 23 17 0 0 0 
0 21 0 11 0 9 0 24 0 6 25 0 17 3 2 8 4 23 14 0 0 0 0 0 1 
7 12 4 15 0 17 3 0 2 0 0 9 0 22 1 0 0 0 19 10 21 5 14 13 6 
