13 0 0 5 0 0 0 0 3 1 0 23 10 6 9 20 7 0 0 0 0 14 19 0 16 
0 12 1 0 24 2 0 0 16 0 8 22 15 0 18 4 5 21 10 3 0 25 6 0 7 
7 14 15 0 0 0 22 9 0 0 2 20 21 0 11 24 0 0 6 0 0 0 5 8 10 
0 0 0 0 0 0 0 0 11 5 0 17 4 16 14 0 19 18 0 0 0 0 0 24 13 
16 3 10 0 0 23 8 6 4 24 0 0 7 0 5 0 0 13 2 9 0 15 22 20 21 
17 7 9 0 0 0 20 0 8 0 13 0 6 0 0 16 11 0 18 15 12 0 21 0 3 
0 0 23 0 3 0 1 4 17 13 25 14 0 0 7 0 0 0 22 0 0 0 24 0 0 
18 0 0 0 25 19 0 2 5 0 0 0 8 12 1 0 0 0 7 0 13 0 0 0 0 
24 0 4 0 14 9 0 0 0 6 0 15 3 22 0 21 0 5 13 17 25 0 0 18 0 
0 0 0 0 0 3 0 18 22 0 23 0 5 0 17 9 0 24 0 14 6 7 0 0 15 
1 0 0 24 6 0 0 16 7 0 5 0 23 9 0 15 10 12 19 13 0 0 25 14 17 
19 5 21 0 0 1 25 20 9 17 0 6 0 0 13 0 0 23 11 0 0 0 15 0 8 
0 4 0 25 0 0 2 0 13 22 1 0 11 14 15 17 24 0 21 6 0 0 0 23 0 
15 18 13 11 0 0 12 8 0 0 20 0 0 17 21 25 0 0 16 0 0 0 0 1 2 
20 0 17 0 7 24 0 0 21 0 18 12 22 0 0 3 4 14 0 0 0 6 9 0 0 
25 11 2 15 18 0 19 0 0 8 0 5 17 0 24 0 13 0 0 0 16 22 0 0 14 
14 17 0 9 0 0 0 23 25 0 0 3 18 10 19 1 0 15 4 0 7 0 11 2 6 
0 0 0 0 0 16 17 14 2 0 7 0 9 8 0 19 0 25 5 11 15 0 23 0 0 
23 0 0 12 19 20 9 7 24 0 0 11 0 15 0 0 6 8 0 0 17 13 3 25 0 
0 0 7 0 0 0 0 0 0 15 14 13 12 23 25 2 16 0 9 10 8 0 20 21 0 
0 0 14 0 15 13 0 0 18 9 0 0 0 7 0 0 22 4 25 0 10 24 0 6 0 
5 25 0 0 17 0 24 22 23 2 10 16 14 11 0 13 0 0 0 1 9 0 18 15 20 
11 0 0 0 21 0 0 0 0 4 0 0 0 24 23 10 0 7 17 0 5 0 0 3 19 
0 9 24 0 1 0 16 25 20 7 19 0 13 5 6 12 15 0 23 18 0 0 0 22 11 
0 23 0 6 20 11 0 0 0 19 15 0 2 21 0 0 8 9 0 16 0 1 13 7 0 
