2 0 13 0 0 5 14 0 0 3 12 7 22 6 18 0 9 19 0 0 24 0 11 16 23 
22 15 16 0 0 9 0 25 0 24 1 4 0 2 0 3 14 0 12 6 0 13 0 7 0 
19 0 14 24 8 0 18 0 23 0 0 0 0 20 17 21 0 7 11 10 4 3 0 5 12 
0 0 7 0 0 0 0 0 13 0 19 0 16 23 0 0 25 0 17 22 9 0 0 1 0 
0 0 0 6 11 0 0 19 0 0 24 10 0 0 0 0 13 4 23 0 0 0 17 15 25 
0 12 0 0 0 6 0 0 21 0 23 22 10 0 0 25 18 0 0 0 5 0 4 0 1 
13 14 0 10 0 18 0 12 0 0 5 8 19 0 16 6 11 0 0 21 23 0 0 3 0 
3 7 24 0 4 23 11 0 0 0 6 2 0 15 0 16 10 0 13 17 18 25 0 20 19 
0 0 21 2 0 13 1 9 0 0 3 18 25 0 11 15 23 0 4 0 0 0 16 10 24 
9 0 18 23 1 2 10 0 16 7 21 0 0 0 20 0 22 3 0 5 0 0 12 11 15 
0 17 0 0 0 3 9 10 25 0 13 0 8 11 6 18 0 0 14 0 22 0 24 0 0 
15 0 11 0 18 0 0 22 0 13 0 9 17 0 19 0 0 6 1 0 0 4 0 2 3 
14 0 0 12 0 8 2 11 0 23 20 1 18 25 4 0 0 16 0 0 0 0 6 17 0 
10 3 19 1 0 7 21 15 6 0 0 0 23 16 14 9 17 11 22 0 0 0 13 18 0 
16 0 0 0 0 0 12 0 18 5 0 21 24 0 0 13 0 0 15 19 7 0 1 0 11 
0 19 2 13 0 0 24 7 15 0 4 12 1 0 10 23 0 0 0 0 0 17 0 6 0 
0 0 0 0 0 0 0 18 22 21 0 3 0 17 0 7 12 0 24 0 0 0 0 9 0 
5 24 12 0 15 25 3 0 20 0 0 0 13 21 0 17 0 0 0 1 16 18 7 4 2 
0 18 3 0 0 1 5 4 14 16 9 0 7 0 0 22 0 15 0 11 0 24 0 13 10 
0 0 10 11 0 17 13 23 0 0 18 24 5 19 0 0 6 25 0 4 0 0 0 22 8 
18 2 4 21 10 24 0 5 3 14 8 0 6 9 13 12 1 22 0 16 11 0 15 0 17 
24 0 0 0 0 19 0 8 0 18 0 16 21 4 7 0 0 0 25 14 0 5 0 0 13 
25 23 0 0 14 0 15 0 0 17 0 19 2 0 0 0 0 21 6 13 0 8 18 0 0 
8 0 6 0 7 12 23 0 0 10 0 0 3 0 22 0 0 0 18 0 0 20 0 21 0 
17 0 0 0 13 0 0 2 7 0 0 20 14 18 12 4 8 0 10 3 0 0 9 0 0 
