8 0 0 18 0 25 2 22 3 20 0 5 0 0 6 21 11 0 0 0 9 16 0 0 0 
14 0 0 0 23 13 18 16 15 17 19 20 0 2 21 10 0 24 0 25 0 0 0 1 5 
16 0 0 0 0 0 1 7 24 0 0 3 12 0 18 13 14 4 23 0 0 10 0 0 19 
4 10 0 0 0 12 0 0 0 0 9 0 16 15 0 20 18 3 1 6 7 0 0 0 0 
0 13 15 0 22 0 10 23 6 0 0 1 0 0 8 0 0 12 0 0 0 24 18 0 2 
0 4 17 2 24 15 11 8 0 23 13 0 3 16 1 0 25 0 0 21 12 7 0 18 6 
0 14 0 0 0 21 0 0 16 0 0 12 0 24 22 18 0 0 7 0 3 0 5 0 0 
18 0 0 10 11 14 19 0 1 0 0 0 8 20 9 23 0 0 13 12 0 0 16 24 25 
25 0 0 9 0 6 3 0 0 13 0 17 21 0 0 0 4 0 0 15 22 20 0 2 23 
0 0 0 0 21 0 4 24 12 0 11 0 7 6 25 0 2 20 16 3 13 9 8 0 0 
12 0 0 0 0 0 24 17 25 3 8 21 0 0 0 16 0 9 0 20 11 0 14 13 0 
5 24 10 0 15 18 0 0 8 6 0 0 0 1 0 11 3 21 4 23 2 19 0 0 0 
9 0 25 0 17 11 0 21 4 0 0 22 0 13 2 0 0 0 0 0 0 18 7 0 10 
20 0 11 8 18 22 7 1 23 14 15 25 19 0 0 6 10 13 17 5 0 12 21 0 4 
0 21 4 0 14 0 0 20 0 16 0 23 24 11 0 2 0 0 0 0 0 0 17 0 0 
19 25 0 0 9 0 0 15 2 0 0 11 18 14 7 0 13 22 6 10 0 1 24 0 0 
1 0 13 6 0 3 14 11 9 0 20 0 10 5 0 25 0 0 8 0 18 17 4 0 22 
0 17 0 0 0 8 0 0 18 5 0 6 13 0 12 0 9 1 14 0 0 0 2 0 20 
23 8 0 0 4 0 16 0 13 0 0 9 2 3 19 0 20 17 12 0 0 0 10 0 21 
0 11 18 0 0 0 20 12 0 0 0 8 0 0 0 0 0 16 0 0 6 0 0 0 3 
0 0 0 0 10 0 6 0 0 0 3 13 0 21 20 0 0 15 0 0 17 5 23 4 9 
0 15 0 1 0 0 17 3 21 9 4 18 6 19 0 5 23 2 10 14 25 0 0 0 7 
3 20 0 4 0 7 23 18 0 0 5 2 22 0 0 0 16 0 21 0 19 15 13 0 24 
2 0 9 11 0 24 0 4 19 10 16 0 23 7 0 8 0 0 0 0 0 0 0 21 12 
17 23 21 0 0 0 12 0 0 0 0 14 9 8 11 4 24 19 3 7 10 2 20 0 0 
