0 0 0 22 0 3 2 9 20 6 0 0 12 14 11 13 0 24 5 0 0 0 25 0 18 
0 0 9 0 14 10 21 15 24 0 0 0 1 25 0 20 18 17 12 0 5 4 2 0 0 
0 2 16 0 0 0 12 1 0 0 21 6 9 19 20 10 15 0 0 23 14 0 0 11 0 
0 12 13 20 19 0 0 11 25 23 0 0 0 7 0 0 6 4 8 0 0 0 10 22 21 
0 25 4 5 24 8 0 0 0 19 22 18 3 0 23 9 21 1 0 11 12 0 15 0 0 
10 14 21 0 0 0 23 24 0 7 1 9 0 12 8 16 0 0 20 0 3 18 19 25 17 
0 24 18 17 0 13 0 0 19 0 0 16 25 15 3 0 0 14 0 0 6 5 12 0 10 
0 0 11 25 23 0 0 4 0 5 10 20 0 0 0 0 3 9 21 0 0 0 0 24 0 
0 7 0 1 12 9 3 8 15 18 6 13 0 0 5 0 25 10 0 0 23 11 4 21 0 
0 0 19 4 0 0 0 10 16 0 11 21 0 0 0 12 0 0 0 18 0 0 0 0 0 
0 4 1 2 10 11 0 0 0 13 0 3 5 22 9 0 24 12 23 0 0 14 0 18 0 
0 0 0 0 6 0 24 18 7 0 19 0 16 17 14 21 1 0 11 0 0 20 13 23 0 
14 0 25 0 11 1 0 0 23 16 0 2 0 6 0 0 0 19 17 10 0 7 0 0 3 
18 9 0 21 0 14 19 5 8 0 24 0 13 0 0 6 22 15 0 25 2 10 11 17 0 
7 17 0 0 0 22 0 3 21 10 0 25 11 0 15 18 0 0 0 0 19 6 1 0 5 
0 1 14 0 22 0 0 6 0 0 0 15 0 16 12 23 10 7 0 0 25 0 0 5 0 
5 0 0 0 15 0 0 14 0 17 0 0 0 21 19 0 0 0 0 8 10 9 20 1 0 
11 18 0 0 0 12 0 0 0 0 7 5 0 20 24 2 9 0 1 21 15 22 14 0 0 
24 0 0 0 0 15 5 19 0 9 25 0 23 0 22 11 17 16 14 3 0 12 0 0 7 
0 19 12 0 17 0 1 21 0 0 9 0 0 11 0 0 0 0 0 0 18 0 23 0 24 
13 3 17 19 21 18 0 22 0 0 15 23 0 5 16 1 0 11 9 24 20 25 0 14 4 
20 10 15 0 0 0 6 0 5 3 0 11 0 0 1 17 0 0 18 0 24 0 22 12 0 
0 8 0 0 7 0 4 0 9 14 0 0 21 3 6 0 0 20 15 0 11 19 0 0 0 
9 0 0 0 0 24 7 0 1 15 2 19 0 13 0 14 4 23 0 0 17 0 0 8 0 
0 0 6 14 1 21 0 0 0 0 20 12 0 9 0 0 19 0 10 0 7 0 18 2 23 
