9 0 11 2 6 0 16 10 0 0 0 4 18 0 12 21 20 19 5 1 0 0 22 7 23 
12 0 5 0 14 2 0 21 20 0 10 11 3 17 8 16 0 0 9 18 0 0 0 19 0 
0 1 7 0 8 3 9 4 23 17 15 22 2 0 19 0 11 13 0 0 21 0 0 0 0 
20 18 0 0 19 24 5 0 0 22 21 0 9 23 25 15 0 0 2 8 4 14 11 13 10 
21 4 0 0 17 0 19 18 0 11 6 14 16 20 0 23 22 3 24 25 0 0 8 1 9 
0 0 0 20 3 0 0 0 10 0 5 15 12 13 0 11 19 9 7 23 0 21 0 8 0 
8 19 0 0 9 0 0 20 1 0 0 21 0 10 6 24 13 0 14 22 0 0 18 2 0 
15 11 24 6 0 16 0 12 14 23 0 2 0 7 1 17 5 21 0 0 19 0 25 20 0 
13 0 0 4 10 15 11 9 0 0 17 24 23 0 0 0 0 18 0 0 12 22 0 5 0 
25 0 22 0 0 0 21 0 13 2 16 19 20 9 18 1 0 0 12 0 10 7 17 0 0 
18 14 1 0 0 0 20 13 2 0 0 0 0 4 23 3 0 0 10 6 0 16 0 0 12 
2 0 25 3 0 9 4 0 0 8 11 10 13 6 16 14 0 0 21 24 0 19 0 22 0 
22 20 4 8 16 0 3 19 25 6 12 0 0 0 0 0 0 0 0 0 0 0 10 0 15 
0 0 0 11 7 21 0 14 0 10 0 0 8 15 0 0 0 0 0 19 18 0 4 0 0 
0 13 19 21 0 0 18 11 16 24 20 0 0 0 5 12 0 8 4 17 0 0 0 0 0 
14 0 0 0 0 0 15 0 21 0 0 0 0 0 0 0 0 11 0 7 9 0 5 17 0 
0 0 0 10 11 13 0 2 0 0 1 6 21 25 4 0 0 20 8 0 0 18 7 0 0 
0 12 0 1 0 7 0 16 17 9 2 3 5 11 24 18 14 4 13 0 25 15 6 10 0 
16 2 0 0 0 0 14 3 0 20 0 23 0 0 0 22 17 10 0 12 13 11 24 0 0 
4 0 13 9 21 0 6 5 0 0 0 0 0 8 0 0 24 0 0 16 0 0 3 23 22 
3 0 9 24 0 0 2 0 0 16 0 7 15 21 10 4 25 14 17 0 22 6 19 12 0 
7 0 18 22 0 0 0 0 0 14 0 8 6 16 0 0 0 0 0 0 11 0 13 15 0 
0 0 0 0 0 0 0 0 3 21 0 0 22 0 0 0 1 0 0 0 17 0 2 4 24 
11 21 14 12 2 4 0 0 18 0 0 0 0 0 0 7 10 0 22 13 0 1 0 0 3 
0 6 17 0 0 0 0 0 0 13 18 12 1 0 20 0 21 24 0 3 0 0 0 25 7 
