10 2 0 4 8 9 19 25 20 0 12 0 0 0 22 0 16 0 0 1 7 21 0 0 17 
12 3 17 0 0 14 24 0 22 0 0 9 16 0 0 15 0 19 10 20 2 0 0 8 11 
20 0 15 11 0 4 18 23 16 12 0 8 0 19 17 0 2 7 21 0 1 0 0 13 3 
19 0 0 24 0 0 0 0 17 0 1 0 25 0 14 0 4 8 0 0 12 6 0 0 0 
9 14 13 0 7 10 6 8 1 2 20 11 0 15 21 3 25 24 0 12 0 0 23 0 0 
13 0 12 17 0 21 15 24 10 0 16 22 18 8 3 1 23 25 0 2 11 5 19 4 7 
0 0 9 16 0 5 0 0 0 0 0 0 0 7 11 0 17 0 19 3 23 10 0 12 0 
23 0 0 1 0 0 0 7 9 13 2 25 0 0 0 0 11 12 18 0 0 0 0 17 0 
22 0 0 0 25 1 0 0 0 16 13 0 0 0 19 24 14 0 0 7 8 9 0 0 15 
0 0 18 7 19 0 22 0 8 0 0 0 23 0 0 20 10 0 15 0 0 0 2 1 0 
6 0 0 23 4 0 0 0 19 20 0 5 0 0 18 12 21 11 2 0 13 3 0 25 0 
24 20 1 22 0 6 23 18 2 0 11 17 0 21 25 0 0 0 0 8 0 0 12 10 14 
17 12 2 18 0 13 0 0 3 4 14 0 0 0 24 19 0 20 6 23 21 0 1 9 0 
5 7 19 0 3 12 21 1 0 10 0 4 0 20 0 25 9 0 0 0 6 2 11 16 18 
0 16 21 10 9 0 8 0 0 0 0 15 12 0 0 0 24 0 1 0 0 0 7 5 23 
0 13 25 19 10 0 0 0 0 3 6 14 0 0 0 9 5 1 11 0 22 17 0 0 0 
0 24 3 0 6 0 0 0 0 1 0 0 0 9 0 0 22 14 20 0 15 23 18 0 12 
11 0 0 8 5 0 13 0 25 0 0 0 21 3 0 23 0 15 24 0 0 0 0 0 9 
0 0 20 14 21 23 0 0 0 18 0 19 22 25 0 2 8 6 0 4 24 11 13 0 0 
0 23 4 0 12 11 14 22 15 0 0 24 0 2 20 0 13 16 0 0 0 7 0 6 1 
0 0 10 25 17 3 11 12 14 22 18 16 0 0 0 0 1 4 23 15 9 13 0 24 2 
0 22 0 12 0 0 4 0 5 8 0 23 0 11 0 6 0 10 0 17 18 14 0 7 0 
0 0 5 13 18 20 0 0 6 23 0 0 0 0 0 0 3 0 22 24 0 0 0 0 0 
4 9 23 6 0 18 0 17 0 0 0 0 0 0 0 0 20 2 0 0 0 0 25 11 16 
3 0 7 0 0 25 0 0 13 0 17 0 2 0 0 11 18 5 8 0 0 0 0 23 6 
