12 0 5 21 0 0 16 0 0 24 10 0 0 14 22 0 0 17 8 0 0 0 0 0 0 
16 0 14 11 13 15 12 2 0 8 4 7 24 17 0 0 0 6 0 0 10 25 23 9 20 
24 0 9 0 10 14 17 7 6 18 0 13 20 11 25 0 0 0 0 0 3 21 5 8 12 
0 7 0 23 0 5 19 0 3 22 16 8 9 0 0 0 10 0 24 12 6 17 11 4 13 
17 0 4 2 0 0 0 0 0 1 19 12 0 0 6 7 0 20 9 5 22 0 0 24 16 
3 0 24 14 0 13 9 12 22 20 0 10 21 23 0 0 0 25 0 0 8 4 0 5 1 
0 23 0 10 0 0 0 4 7 0 0 0 22 5 0 0 8 0 12 1 9 13 0 17 0 
0 2 21 1 0 0 0 0 0 16 11 9 12 0 15 0 0 7 0 0 25 22 3 19 0 
13 0 25 0 4 8 0 24 0 15 0 0 0 0 0 6 0 23 19 20 0 0 7 0 0 
7 15 0 0 0 11 0 0 0 17 13 4 18 0 0 5 0 0 0 0 21 23 12 6 0 
4 14 10 0 7 0 6 0 12 0 21 0 0 0 0 0 0 15 0 3 0 0 22 23 0 
0 20 22 5 9 16 0 0 0 3 0 15 0 4 7 0 0 19 13 11 0 10 0 0 18 
19 11 0 24 21 0 0 0 0 23 3 0 5 0 20 9 12 0 0 10 13 0 0 7 2 
0 0 23 15 12 0 0 0 0 21 22 18 0 0 0 0 0 8 0 0 0 19 25 0 17 
0 18 6 13 0 19 11 8 0 25 0 0 0 0 0 0 7 0 21 22 0 3 4 0 9 
0 0 0 17 24 0 22 0 0 14 25 20 23 0 21 1 2 0 0 0 0 0 6 15 3 
0 0 3 20 14 25 7 21 0 4 1 0 0 10 0 0 6 0 5 23 24 0 0 12 19 
0 0 1 0 23 0 20 0 2 9 12 0 13 7 14 18 3 0 0 0 0 8 17 22 25 
0 0 13 0 0 17 0 6 8 0 5 0 2 15 0 0 25 22 11 14 0 0 1 0 23 
6 0 2 25 15 1 23 11 0 0 0 22 0 0 18 12 0 21 0 0 0 0 14 0 10 
23 0 8 0 11 20 25 1 0 12 17 0 0 0 13 3 5 18 0 0 14 15 0 2 22 
22 13 0 3 2 21 0 15 17 0 18 5 0 0 0 8 20 12 25 0 0 0 0 16 0 
0 25 0 9 0 22 8 14 16 6 0 0 7 24 3 0 4 0 0 13 0 11 0 0 0 
14 16 0 18 0 23 0 3 9 0 15 2 8 22 12 10 1 0 17 21 5 0 0 25 6 
15 0 0 4 1 0 5 0 13 7 23 21 0 0 10 0 19 0 0 0 0 12 9 3 0 
