0 22 3 2 0 15 9 14 12 4 20 16 17 24 1 21 13 0 0 0 0 10 0 0 0 
0 8 14 0 0 0 0 0 3 1 0 0 13 7 12 15 0 23 22 5 0 19 20 21 0 
19 0 0 16 25 0 7 0 2 10 0 0 0 5 22 8 0 0 12 0 0 15 0 0 13 
0 11 0 12 0 0 17 22 16 0 0 0 18 10 8 24 0 2 0 25 23 1 6 0 0 
1 7 0 13 0 0 20 19 0 23 0 0 0 0 15 3 17 14 0 18 22 16 12 11 2 
0 9 0 5 0 21 19 0 11 0 10 8 0 1 24 0 0 0 0 15 6 3 0 4 0 
0 0 0 15 12 1 24 2 4 0 25 20 0 0 0 23 0 7 0 8 13 0 10 0 0 
0 13 25 24 0 0 10 23 22 0 0 0 0 2 0 1 5 0 9 4 21 18 0 8 19 
0 17 0 10 0 9 14 16 5 25 15 0 11 22 6 13 0 3 0 2 7 12 0 24 20 
0 18 0 11 23 7 0 20 0 3 0 12 19 0 0 10 0 22 0 24 5 0 17 15 1 
0 4 0 14 0 8 22 0 0 0 1 13 12 3 0 0 0 6 25 10 20 21 7 19 0 
0 0 0 21 9 4 0 0 19 7 22 0 15 6 0 20 14 0 0 0 0 2 25 0 18 
6 1 0 0 0 2 0 0 14 0 0 4 0 9 0 19 0 13 0 7 0 0 15 12 11 
0 0 10 17 0 11 0 0 0 0 0 0 0 8 14 0 2 0 0 9 3 0 16 6 0 
0 25 12 7 13 0 15 6 17 20 19 24 2 23 11 0 0 0 0 0 1 0 0 14 0 
0 14 15 1 0 0 0 5 0 24 0 22 8 18 0 9 0 10 0 0 0 0 3 23 17 
0 0 20 23 2 0 11 0 0 6 0 15 0 0 19 0 0 5 13 22 4 8 18 0 25 
8 16 11 18 10 0 0 12 7 0 0 14 25 20 2 4 0 0 0 3 19 0 0 1 15 
0 19 0 0 0 0 1 15 0 0 17 5 10 0 7 0 0 25 0 0 2 0 22 20 9 
0 5 0 22 3 0 0 0 25 2 13 1 24 0 0 14 0 8 15 0 0 6 21 10 7 
7 6 0 0 0 23 12 3 18 11 0 0 0 19 21 0 0 0 5 0 8 0 0 22 10 
0 2 0 0 14 17 0 9 1 0 0 0 0 0 0 6 0 0 3 20 16 0 13 25 0 
22 3 0 20 15 13 6 0 24 19 0 0 1 25 0 0 0 0 4 14 17 0 9 0 0 
13 10 21 0 0 0 2 8 0 22 0 3 0 0 20 11 0 24 7 12 14 23 0 0 6 
0 0 0 0 0 25 0 0 20 14 8 0 6 0 10 0 22 0 1 0 15 0 0 2 3 
