0 0 0 0 2 0 0 0 0 0 9 0 12 0 16 0 
0 0 0 10 0 0 0 6 0 0 0 2 0 15 8 5 
0 0 0 9 0 0 0 12 0 5 15 14 0 11 10 2 
0 5 14 0 0 0 15 0 11 0 0 16 0 0 7 0 
0 0 10 3 0 13 5 0 2 0 0 6 0 0 12 8 
7 0 9 1 0 2 16 0 13 15 0 3 0 5 4 0 
14 0 15 11 0 6 12 0 8 1 0 5 2 16 3 9 
5 2 0 8 11 0 0 3 12 0 0 0 1 0 0 0 
8 0 0 0 1 11 0 9 6 0 0 15 16 4 5 3 
0 0 1 5 0 0 0 2 0 0 0 11 10 0 14 0 
9 10 0 0 5 12 0 0 0 0 1 0 7 6 2 15 
12 0 0 0 0 0 13 0 5 3 16 10 0 0 0 11 
11 8 0 13 7 0 0 0 0 0 0 0 3 0 6 16 
0 9 0 0 0 0 0 0 16 14 0 7 13 1 0 12 
0 0 5 7 15 10 9 13 0 8 0 12 0 2 11 4 
1 0 0 15 0 0 4 0 10 0 0 13 5 0 9 7 
