11 0 0 1 2 8 0 13 10 5 0 9 7 0 0 14 
6 0 5 0 7 0 14 0 8 0 11 16 0 13 3 2 
0 0 15 14 0 0 12 16 1 7 0 0 5 0 0 0 
0 0 0 0 1 9 0 5 0 0 0 14 12 15 16 10 
0 14 11 0 3 0 6 12 0 0 8 0 15 2 4 0 
4 7 0 10 0 0 0 0 0 0 14 0 9 16 12 13 
3 0 0 12 9 0 4 0 15 0 16 5 0 11 14 0 
13 15 0 0 10 1 0 14 11 0 4 0 0 3 0 7 
0 1 0 13 16 12 3 9 4 10 0 0 0 14 0 15 
5 0 10 0 0 0 13 0 0 0 0 0 0 0 0 0 
0 0 0 0 0 0 1 0 12 14 7 0 13 0 0 11 
0 0 12 11 0 15 0 10 13 0 0 0 0 1 0 0 
1 11 14 0 0 5 0 0 0 16 0 0 2 8 0 4 
9 0 0 3 11 0 0 0 2 0 0 0 14 5 15 0 
12 0 2 0 0 0 9 0 0 0 0 13 11 7 0 0 
15 0 0 8 13 0 2 0 0 11 1 12 3 0 10 9 
