8 6 4 5 2 0 0 7 0 0 23 0 0 10 0 0 18 25 22 0 16 12 1 14 0 
10 14 19 0 15 0 20 6 12 16 0 0 5 0 0 0 13 23 0 0 25 0 3 0 0 
24 1 25 0 23 0 0 0 0 11 13 0 21 3 20 0 0 12 19 14 5 0 0 0 0 
20 0 0 7 22 25 23 0 2 0 6 0 4 11 12 0 0 0 5 21 13 17 0 18 0 
0 0 0 12 13 0 0 19 21 0 25 0 9 22 1 2 0 24 0 0 20 7 6 23 4 
5 0 22 1 0 14 0 8 13 0 7 3 11 16 4 18 20 15 12 0 0 25 21 0 0 
11 0 24 0 0 17 21 0 0 12 0 1 14 6 0 10 0 0 0 0 4 8 0 0 18 
0 17 10 18 12 0 0 1 19 23 0 25 0 0 21 3 14 8 16 24 2 6 0 5 11 
21 0 8 13 0 0 0 0 24 5 0 19 0 15 2 6 0 0 1 0 0 0 12 16 0 
0 2 0 19 14 3 0 0 0 6 0 24 17 12 8 0 0 0 25 0 22 23 10 0 20 
16 22 0 3 7 24 0 10 8 0 0 11 6 0 0 12 23 5 14 0 0 18 20 0 9 
19 15 0 2 0 6 0 3 14 0 20 9 16 4 5 11 1 21 0 18 0 0 0 0 0 
0 25 17 14 4 21 1 0 22 18 0 0 0 0 0 0 10 0 13 0 0 0 0 0 16 
12 10 0 9 20 2 0 15 0 0 0 0 23 7 13 0 4 0 0 16 1 0 0 0 19 
23 8 5 11 0 0 19 16 0 0 10 18 1 0 22 15 0 0 0 0 6 2 13 4 0 
0 7 21 0 19 0 17 0 0 0 12 20 25 23 0 14 0 18 8 0 11 0 4 6 1 
14 0 0 4 11 9 0 13 1 21 0 5 22 0 0 0 0 7 0 0 0 0 0 0 2 
13 0 0 6 18 0 0 0 5 0 17 21 15 9 24 0 11 0 0 0 14 20 0 0 10 
22 16 9 0 8 0 6 0 0 0 0 0 19 1 10 0 5 0 23 0 7 15 0 12 0 
1 5 0 0 17 23 11 12 10 0 14 0 0 0 0 19 25 16 0 0 21 0 18 0 0 
0 24 0 23 0 0 16 0 0 1 4 10 18 19 0 0 0 6 21 8 12 0 0 20 0 
0 0 14 20 0 0 0 21 0 0 0 22 7 5 0 0 0 9 0 1 0 16 23 0 6 
25 0 2 22 0 19 0 0 6 0 21 23 8 0 14 0 12 4 0 3 10 1 0 9 7 
3 13 0 0 0 11 0 18 23 7 0 0 0 2 0 5 0 0 0 0 0 0 17 21 0 
4 21 6 0 0 0 0 17 20 2 24 0 0 25 9 23 0 19 11 0 0 13 22 15 5 
