0 3 0 0 4 0 0 7 1 0 0 0 11 0 13 16 
0 0 11 0 0 0 0 0 0 15 13 5 8 0 6 0 
0 10 0 14 15 8 0 5 0 6 0 0 12 9 0 0 
6 13 0 0 0 10 11 0 16 0 3 7 0 15 0 5 
0 0 12 16 9 13 2 6 3 5 11 0 0 0 8 0 
1 0 0 0 0 16 0 0 0 0 0 10 9 0 5 13 
8 0 3 0 5 0 0 0 4 0 0 0 0 0 0 12 
0 0 0 13 10 4 7 12 0 16 6 1 2 0 0 15 
0 1 9 4 0 0 15 0 0 10 12 2 13 5 0 11 
0 16 0 0 1 7 0 2 13 0 0 6 15 12 4 0 
0 8 0 0 0 0 0 0 15 0 1 16 0 7 2 0 
0 6 7 2 0 0 4 13 5 11 0 0 1 3 10 0 
0 0 0 0 0 0 0 14 0 0 0 4 7 16 12 6 
0 14 6 5 0 1 0 0 11 2 15 12 0 0 0 10 
11 9 0 0 0 5 0 0 0 8 16 0 14 1 15 2 
0 0 1 0 0 2 16 15 0 0 0 0 0 8 11 0 
