0 0 24 20 1 25 0 7 23 19 0 0 2 10 4 0 5 0 0 21 0 11 8 0 6 
21 6 0 7 4 8 0 0 11 2 23 0 0 0 0 25 20 16 0 15 0 10 3 5 9 
0 23 8 13 5 0 10 9 6 0 0 0 11 15 21 19 0 24 1 0 20 12 0 0 2 
3 0 15 22 19 0 0 24 0 16 8 9 12 0 5 6 4 10 13 0 23 0 0 0 18 
12 11 0 10 0 13 18 15 14 0 0 0 0 3 0 2 22 0 9 0 7 21 19 24 0 
0 0 0 15 0 17 11 0 7 14 0 5 0 24 0 20 9 23 18 0 0 0 22 21 0 
0 14 0 0 0 0 0 0 0 13 19 0 20 17 23 0 0 22 0 0 6 0 0 4 0 
17 3 12 24 0 0 23 1 21 22 4 8 0 9 0 7 2 11 0 19 14 25 0 16 20 
0 16 0 25 0 19 0 0 0 24 13 0 22 11 2 12 6 0 5 0 0 0 18 23 0 
0 0 0 11 23 18 2 0 10 25 0 0 14 0 0 0 15 0 0 16 8 0 0 0 24 
0 7 4 23 22 0 6 0 0 0 10 0 21 13 3 0 0 14 0 18 16 0 0 1 19 
25 0 20 0 0 7 0 0 22 0 0 15 18 0 16 0 0 0 8 12 0 0 0 0 10 
24 1 0 0 13 0 0 16 19 23 0 0 0 12 0 0 7 2 0 0 0 18 0 0 0 
5 0 0 0 2 0 14 0 8 15 0 0 4 22 0 21 0 9 19 20 0 13 0 0 11 
18 12 0 0 15 11 0 25 0 20 0 0 7 0 14 10 23 6 0 0 22 0 4 8 21 
0 10 7 19 16 22 21 8 25 0 12 13 0 0 24 5 17 15 6 0 4 0 0 18 14 
15 0 5 0 20 0 0 0 3 0 0 2 8 0 11 0 0 0 0 0 19 16 25 0 0 
0 4 0 3 12 14 9 0 24 7 22 0 16 5 10 0 0 13 25 1 0 20 0 17 0 
13 0 25 0 0 16 0 2 5 1 6 3 17 21 9 0 10 0 20 0 0 7 0 12 22 
22 24 0 1 0 12 0 23 0 0 7 4 19 25 15 0 0 18 0 2 5 8 6 0 0 
1 25 13 6 0 9 19 0 18 0 0 0 0 16 0 14 0 0 23 8 24 0 0 0 5 
23 0 16 2 0 24 25 14 0 4 3 0 5 0 0 9 1 0 0 6 0 0 12 0 0 
0 5 0 12 24 23 0 22 15 0 11 0 0 0 20 0 0 0 0 0 0 0 7 19 0 
0 20 0 4 7 1 0 11 2 0 0 23 0 0 17 3 24 0 22 0 25 0 14 6 0 
11 0 0 8 3 20 7 13 0 6 14 0 0 0 12 15 0 25 0 5 21 23 10 0 0 
