14 11 19 8 18 0 1 20 25 22 0 0 6 0 0 24 13 0 2 21 0 0 0 16 4 
3 22 0 0 7 0 9 0 0 5 24 0 13 0 0 19 0 16 8 23 11 0 2 0 20 
0 16 0 5 12 0 13 0 17 11 0 21 20 7 0 25 0 0 0 15 19 8 0 23 0 
0 0 2 25 0 0 0 24 0 14 0 8 16 0 0 0 7 17 0 18 10 9 0 0 0 
23 0 9 17 0 4 7 2 16 8 0 0 10 19 3 0 11 0 0 12 25 14 0 24 0 
15 24 18 10 0 22 0 0 0 0 0 2 0 0 0 21 12 19 25 0 0 0 9 14 3 
0 20 0 9 2 0 0 16 0 0 11 22 14 0 0 0 0 4 17 0 8 10 21 0 0 
0 7 22 6 0 8 0 12 0 0 3 17 4 25 19 0 0 23 18 5 0 0 20 0 0 
0 21 0 0 0 5 15 17 19 20 0 9 18 0 12 8 0 24 0 22 0 6 23 1 0 
4 3 8 23 0 0 0 0 0 0 21 0 15 0 5 6 0 10 0 16 13 0 18 0 0 
2 25 0 13 0 14 17 0 12 3 4 0 0 11 0 0 0 18 7 19 0 21 0 10 8 
0 9 20 0 8 0 25 4 1 0 0 3 2 0 10 11 5 12 22 0 14 7 13 15 0 
0 17 15 0 5 0 16 8 0 0 23 0 12 0 0 3 0 13 0 0 0 22 0 0 0 
19 10 0 11 3 0 0 21 22 0 6 0 1 13 0 23 0 0 0 14 17 0 16 25 0 
16 0 0 12 0 11 0 13 0 0 0 0 0 15 8 10 17 20 9 0 2 24 4 0 0 
0 0 21 22 25 13 0 10 0 0 0 5 0 17 6 0 3 8 15 2 16 4 19 20 11 
13 0 0 0 14 16 0 0 23 0 0 10 24 4 25 0 0 0 0 7 6 15 0 9 17 
0 0 5 0 0 0 22 0 15 6 0 1 11 0 0 14 20 0 23 10 24 13 0 0 2 
0 2 0 15 9 0 0 0 0 1 13 12 3 0 7 16 0 25 6 0 0 23 5 21 10 
0 0 10 0 0 0 0 0 8 4 15 0 0 2 0 0 19 0 21 17 0 0 25 22 14 
0 4 0 0 0 0 19 0 11 10 0 13 0 0 0 0 0 7 0 3 23 1 0 5 0 
25 19 0 1 15 23 0 3 9 17 5 0 0 0 16 0 6 14 10 0 12 0 0 7 18 
0 0 7 2 0 25 18 0 5 16 1 4 0 0 0 12 23 21 0 9 0 19 11 6 13 
0 0 0 3 23 1 0 7 0 12 9 6 0 18 0 0 25 0 13 11 21 0 10 8 0 
0 12 0 18 11 0 20 6 0 13 0 14 7 0 0 5 0 0 0 8 3 25 0 4 15 
