0 7 10 0 0 4 0 0 5 14 0 0 13 2 9 0 
15 0 8 0 16 0 5 2 6 0 3 9 14 0 10 12 
0 14 11 16 15 0 0 7 12 0 13 2 5 0 0 3 
9 5 0 12 8 3 0 0 4 7 10 1 6 11 0 16 
0 0 0 8 0 0 15 1 7 0 0 0 0 0 0 0 
11 0 13 0 0 0 0 0 0 0 0 8 7 14 5 4 
0 0 14 0 0 2 7 4 0 0 1 0 8 0 0 0 
7 0 0 5 0 6 0 8 0 13 0 12 0 0 1 0 
0 0 0 2 0 0 0 0 0 0 0 10 0 8 7 0 
0 11 6 0 0 8 4 0 0 15 12 0 0 0 0 0 
0 4 0 0 7 0 12 3 8 2 5 0 0 0 0 0 
0 8 0 10 0 13 9 0 0 1 7 4 0 15 0 0 
4 0 0 1 5 0 8 0 14 6 9 13 0 10 0 7 
10 15 0 0 3 16 1 14 2 4 0 0 0 0 12 11 
8 0 0 0 0 7 13 0 0 0 15 0 1 4 0 2 
3 6 0 14 4 0 0 9 0 0 11 0 0 5 8 13 
