22 19 0 13 0 23 6 0 14 20 15 0 24 25 0 0 17 9 0 0 11 0 16 5 12 
0 0 12 0 2 0 11 0 0 18 0 20 0 0 16 13 25 21 14 7 1 0 23 4 3 
23 25 0 16 20 15 10 5 0 3 21 1 0 0 11 19 0 12 0 0 0 0 13 2 0 
0 0 24 3 11 22 0 0 0 0 0 17 0 0 0 15 20 18 0 16 14 0 21 0 0 
14 4 8 0 0 0 0 24 25 16 0 18 2 13 0 0 11 23 0 0 0 10 20 0 19 
9 0 22 24 0 14 4 15 23 6 0 13 25 0 1 0 0 11 0 10 17 19 0 0 0 
0 16 19 11 14 0 25 20 0 0 8 12 3 0 0 23 1 4 7 5 13 2 24 0 0 
0 1 10 0 0 13 0 0 5 0 0 0 17 0 24 22 0 2 16 9 0 8 6 14 0 
17 0 0 0 23 0 0 0 11 22 0 0 0 0 18 25 0 0 19 0 0 0 15 0 0 
0 0 4 0 6 9 0 1 16 0 11 10 0 15 0 14 12 0 0 0 0 0 0 0 0 
0 0 7 5 9 17 20 6 18 25 24 3 0 4 0 0 8 0 21 19 0 0 0 16 0 
16 17 20 0 0 0 3 14 0 2 0 5 12 0 13 0 18 7 0 0 0 23 19 6 0 
18 6 2 15 13 0 0 21 8 0 22 16 7 9 0 3 23 14 25 0 20 11 0 0 0 
0 22 0 19 3 16 0 4 24 23 0 6 14 0 21 0 10 0 11 0 0 9 8 0 2 
8 11 0 21 24 19 15 0 0 7 20 0 0 10 23 4 0 0 0 17 0 0 18 3 0 
11 24 17 0 19 0 21 18 0 8 0 0 10 0 20 7 0 25 12 0 0 0 9 0 16 
0 12 23 0 0 0 0 0 19 24 0 0 0 0 0 21 0 0 0 11 0 13 22 18 25 
0 0 0 25 22 0 0 0 15 11 4 0 21 18 0 8 0 0 0 0 19 6 2 0 14 
4 0 21 9 0 20 0 13 0 5 0 23 6 11 25 0 22 3 0 18 0 1 12 0 7 
0 0 5 0 0 0 22 0 1 10 0 14 15 24 0 0 0 0 23 0 0 0 0 20 0 
10 0 0 0 0 0 19 17 0 9 0 21 13 12 8 0 2 15 24 0 6 20 0 0 22 
0 0 11 0 1 7 0 22 0 15 0 24 0 0 9 20 0 0 18 14 10 4 0 0 8 
19 9 0 22 5 0 24 0 20 0 1 25 18 3 14 0 6 10 0 0 16 12 0 0 0 
24 0 16 0 4 0 0 0 0 14 0 11 22 2 10 0 7 8 0 23 9 15 1 19 21 
25 0 6 17 0 3 0 0 0 21 7 15 16 20 4 12 9 0 1 22 2 0 5 13 0 
