0 7 13 15 0 0 1 16 4 10 5 14 9 12 0 6 
0 2 0 8 11 10 0 13 0 9 0 1 0 0 3 0 
16 5 9 12 14 7 0 0 0 0 3 0 0 0 2 1 
0 10 6 0 0 0 8 0 15 11 0 0 0 0 14 0 
6 9 10 7 16 13 11 1 0 0 0 0 0 0 0 0 
0 14 0 0 4 0 2 6 0 8 0 9 0 13 0 0 
0 0 0 2 0 14 3 0 6 0 4 0 16 0 5 0 
13 0 0 0 5 15 10 8 2 0 0 11 7 6 0 0 
0 0 8 0 15 4 7 0 11 0 0 0 0 0 16 0 
7 11 0 0 3 16 9 14 0 1 6 0 0 0 13 0 
0 13 0 9 0 2 5 12 0 0 10 3 0 0 0 11 
0 0 3 0 6 1 13 0 0 0 9 0 0 0 12 0 
0 0 0 14 0 5 12 0 10 0 8 0 6 16 11 0 
0 0 4 0 0 11 0 0 9 2 0 0 5 0 7 14 
12 0 0 11 0 8 0 4 3 5 0 0 0 9 10 0 
0 8 0 0 10 6 0 0 1 7 11 13 0 0 0 4 
