14 15 23 19 17 5 10 18 0 0 0 12 20 0 0 8 0 0 22 13 0 1 3 0 4 
9 4 0 2 20 16 12 8 11 17 3 0 14 0 19 1 0 0 15 24 0 22 0 7 23 
13 3 8 0 10 0 14 22 23 24 7 0 21 1 2 0 11 20 12 16 0 19 18 0 17 
0 24 0 18 0 0 15 7 0 19 4 13 0 0 0 17 5 0 21 3 8 0 14 11 0 
25 0 0 22 5 0 21 3 1 0 17 0 0 0 8 0 0 14 9 2 12 0 0 0 16 
0 2 0 1 25 8 16 24 0 3 0 0 0 0 14 20 23 0 13 12 19 17 0 18 15 
0 12 22 0 6 0 23 0 4 0 16 0 8 13 15 5 14 17 0 9 11 0 1 0 0 
4 0 0 0 0 0 0 12 0 9 2 0 0 0 20 0 0 0 11 0 0 0 0 5 0 
19 14 9 0 23 0 0 17 13 0 0 0 11 25 12 0 24 0 0 15 16 0 4 22 0 
0 5 20 0 0 0 11 15 0 0 22 19 0 0 3 0 16 1 0 0 0 8 9 0 25 
15 9 0 4 3 22 0 1 12 0 0 2 0 8 17 0 0 0 19 0 20 0 0 16 6 
22 1 0 12 0 19 0 0 0 0 0 21 9 20 25 0 4 0 6 8 3 0 5 13 2 
8 0 19 5 11 0 9 0 24 20 15 0 0 12 1 3 0 0 0 0 4 23 22 25 0 
16 0 0 0 21 3 2 0 6 14 19 0 22 11 0 12 0 9 24 7 15 18 10 0 8 
2 0 24 23 0 11 17 25 0 8 0 16 0 0 0 15 22 13 0 0 0 0 12 0 1 
0 0 0 0 0 0 22 0 0 0 0 23 15 4 5 0 19 21 7 0 0 0 0 0 0 
6 25 0 0 0 0 8 0 16 11 0 0 1 2 18 0 12 24 0 0 0 4 17 0 0 
23 17 2 0 22 0 0 21 0 0 0 11 12 7 13 16 0 0 5 25 9 24 19 0 18 
3 0 0 0 1 0 19 20 0 15 14 0 0 21 0 0 6 22 4 0 23 5 7 8 12 
0 21 0 7 0 0 0 0 0 12 0 17 19 0 0 0 8 18 3 0 0 0 15 14 0 
11 18 0 0 7 12 0 9 14 16 0 24 3 19 0 0 0 4 8 0 0 0 0 0 5 
0 19 3 0 0 0 0 11 8 0 23 0 17 18 7 0 0 2 10 0 1 12 16 0 14 
0 0 14 0 15 23 0 6 19 18 0 20 0 16 10 24 0 0 0 11 7 0 0 3 9 
10 23 1 8 0 15 0 0 0 22 25 0 0 14 11 0 0 0 0 21 24 0 0 0 19 
0 0 12 16 0 0 0 0 10 0 0 8 6 0 9 23 0 3 14 19 0 0 11 4 22 
