3 0 4 0 0 0 5 0 0 16 8 9 13 1 0 14 
0 13 0 0 3 8 0 0 0 14 0 0 7 0 0 0 
0 14 0 15 0 0 0 16 0 0 6 0 0 0 0 8 
7 10 0 16 0 14 1 0 13 12 2 15 5 0 4 3 
0 12 0 0 16 0 8 0 1 6 10 0 9 7 0 5 
0 0 11 3 0 1 4 5 0 13 7 0 0 0 6 10 
13 0 1 0 0 7 6 0 0 0 0 0 14 0 12 4 
0 0 0 0 15 0 0 2 5 4 0 0 0 0 8 0 
0 0 5 0 0 15 11 0 6 0 0 0 3 12 1 7 
0 9 0 0 1 0 0 0 0 0 16 0 11 8 13 15 
0 15 0 12 8 0 9 0 0 3 11 0 16 0 0 0 
11 0 7 10 12 13 0 3 0 0 0 5 0 0 9 6 
15 5 14 0 0 0 0 0 16 0 12 0 6 10 7 1 
0 7 0 0 6 0 3 0 0 5 4 0 8 0 11 0 
0 3 2 0 0 0 15 1 0 11 13 7 12 0 0 0 
12 0 16 13 7 0 14 0 15 8 1 6 0 0 0 9 
