7 16 25 0 18 0 17 3 0 0 9 0 19 8 0 0 0 24 0 0 0 0 13 0 23 
0 0 14 0 0 0 2 19 16 0 20 3 0 15 24 8 6 18 23 22 0 0 0 17 0 
9 1 19 0 0 0 23 0 10 24 14 12 11 0 0 21 0 4 0 0 0 0 0 0 8 
13 20 0 10 8 18 0 7 11 0 0 0 21 6 23 0 5 14 16 0 0 0 0 3 19 
21 3 23 0 0 22 0 0 8 20 10 16 13 0 0 1 0 19 7 17 12 24 5 11 0 
10 23 12 0 0 0 0 0 3 0 0 24 0 9 0 25 8 5 0 0 6 13 0 4 7 
0 2 0 20 0 6 11 0 0 0 0 23 0 0 0 0 0 0 0 10 0 1 14 8 0 
11 0 1 0 0 10 0 16 12 0 13 5 20 0 0 0 0 0 0 0 9 23 0 0 0 
17 8 0 16 0 14 5 9 19 13 0 0 0 21 6 4 23 7 0 20 0 12 11 25 24 
14 0 0 0 0 0 25 0 24 0 0 15 0 0 7 19 0 1 21 0 5 0 0 10 17 
8 9 0 25 11 24 13 6 0 10 0 14 17 0 0 0 0 0 19 0 18 3 1 23 22 
0 7 15 19 5 3 9 21 18 0 0 13 4 11 0 0 0 23 17 0 0 0 0 20 6 
20 24 3 0 10 0 0 0 23 16 0 9 22 0 1 2 0 0 0 0 19 7 0 0 0 
0 6 0 0 14 0 20 0 0 0 7 25 0 24 0 3 10 8 0 0 0 17 12 9 2 
0 17 0 0 0 0 22 25 0 0 0 0 2 23 19 18 20 9 0 21 11 4 8 5 10 
23 0 0 17 20 16 0 2 6 0 0 0 0 5 11 0 0 3 0 0 22 15 0 0 12 
24 18 16 14 0 0 0 0 22 0 0 0 6 20 25 23 1 0 0 5 0 0 17 0 4 
0 0 2 9 15 0 14 11 20 4 0 7 16 1 0 0 0 22 10 19 8 0 18 6 0 
0 0 8 7 12 0 15 0 25 17 0 2 0 14 3 0 18 0 0 0 0 11 0 0 0 
0 19 0 1 6 0 0 13 7 5 0 0 15 0 0 12 16 2 0 4 0 10 3 14 9 
0 0 10 0 0 0 18 12 13 14 0 4 1 0 0 6 21 17 0 9 0 8 23 7 11 
18 12 0 0 16 25 0 0 5 11 0 20 23 13 0 0 0 0 1 24 0 19 4 22 0 
6 11 0 0 23 0 0 0 15 8 0 21 25 10 12 0 0 13 0 0 0 0 0 16 20 
1 13 0 2 25 21 0 0 9 0 22 19 0 0 14 11 12 20 4 0 3 5 10 24 15 
0 14 20 0 0 19 10 22 1 7 5 11 8 3 9 0 0 25 0 0 0 18 6 12 13 
