10 0 12 6 0 13 0 0 0 0 0 7 0 16 0 14 
0 0 0 9 0 7 0 0 10 0 13 0 0 0 11 0 
8 14 2 0 0 0 10 9 12 16 0 0 13 5 4 7 
1 13 4 0 8 14 16 0 0 3 0 11 0 0 9 0 
0 0 6 13 0 0 0 0 0 11 3 9 0 0 0 4 
0 8 0 0 0 3 15 0 16 0 12 10 0 6 5 13 
11 15 10 3 16 0 0 0 6 13 5 1 9 0 8 0 
0 0 0 0 11 1 0 0 0 2 7 14 15 10 3 0 
0 0 9 10 0 2 0 0 0 15 8 0 0 0 13 0 
13 11 0 0 0 0 0 0 0 0 0 2 0 0 12 0 
0 0 0 0 14 6 3 11 13 0 16 12 0 0 0 0 
0 2 0 16 0 0 0 13 0 0 0 5 0 0 14 3 
0 0 14 8 12 0 2 1 0 7 11 0 4 0 0 0 
0 0 11 12 0 4 9 3 0 8 0 0 0 14 0 0 
4 9 16 2 0 0 6 15 1 5 14 13 3 12 10 8 
0 1 13 0 0 16 8 0 0 12 6 4 2 0 0 0 
