0 2 0 5 0 0 0 0 3 11 0 15 0 4 0 13 
16 15 6 0 0 0 14 2 4 0 7 0 0 8 12 3 
0 4 11 13 16 15 0 0 9 14 0 8 1 0 7 5 
3 0 0 7 4 0 0 0 13 1 0 0 2 14 10 0 
0 1 9 0 0 0 0 0 8 0 3 0 5 10 6 0 
0 3 0 0 7 8 6 0 16 12 0 0 13 1 11 0 
13 0 12 0 0 3 1 0 2 0 5 14 0 0 0 4 
14 16 0 8 0 4 0 0 6 0 0 0 0 3 0 0 
0 0 7 0 0 11 10 0 0 16 0 0 0 0 13 0 
0 0 3 10 0 16 13 5 7 0 11 0 0 0 0 0 
1 8 0 0 6 12 4 0 14 0 0 0 0 0 0 10 
2 14 16 0 0 1 9 0 5 3 0 13 0 7 4 0 
11 0 15 0 8 5 7 1 10 4 0 0 0 0 0 6 
0 7 0 3 0 9 11 0 15 5 0 12 0 13 1 16 
0 0 0 0 0 10 15 0 0 0 16 2 0 5 0 7 
0 10 0 0 12 0 16 0 0 0 13 0 0 11 0 8 
