0 0 12 0 0 0 0 25 9 6 22 0 1 0 16 0 2 14 5 0 23 0 20 4 0 
23 14 0 17 0 13 8 0 0 0 21 12 0 24 25 0 11 0 0 0 2 0 0 6 0 
22 2 0 19 11 0 0 0 0 21 0 0 0 9 5 13 0 0 0 24 10 15 1 18 16 
0 0 13 0 18 24 10 1 0 22 15 0 0 2 0 23 0 0 0 17 0 0 19 0 14 
0 6 0 0 20 14 0 23 0 0 0 0 0 0 8 18 15 21 16 10 22 24 17 12 9 
0 0 14 10 16 18 12 17 7 0 0 0 0 6 9 5 21 0 0 0 15 23 0 8 19 
3 11 7 0 17 0 1 0 19 0 16 21 10 5 0 8 25 12 22 6 0 0 0 0 0 
0 4 19 23 13 21 0 14 0 24 0 7 0 11 0 0 0 15 0 0 0 5 0 17 3 
0 0 0 21 0 20 11 6 0 23 14 0 13 17 12 0 24 19 0 0 4 0 0 9 1 
0 22 20 0 2 3 5 13 8 9 19 0 4 15 1 17 0 0 18 23 25 0 0 10 7 
19 25 0 7 0 10 18 0 0 0 0 11 0 16 0 12 13 0 14 0 0 8 22 0 20 
0 0 16 0 22 0 0 0 0 0 17 0 0 18 6 11 19 2 3 7 5 0 4 0 12 
0 0 0 0 14 4 0 0 23 0 25 0 0 8 22 24 9 0 6 18 16 0 10 11 17 
0 0 0 0 0 0 24 0 1 0 0 0 0 14 0 20 0 0 0 0 0 21 15 23 0 
0 9 0 0 10 5 0 11 12 0 20 0 3 1 0 0 0 0 0 22 7 0 0 0 0 
11 0 0 18 0 12 0 0 0 19 0 0 15 23 0 1 7 6 17 0 0 0 0 0 22 
0 1 24 0 19 6 23 10 21 14 5 0 7 0 17 16 22 0 9 13 3 0 8 15 0 
17 13 21 0 6 0 25 0 15 0 0 0 0 19 0 14 23 18 0 12 9 7 0 2 10 
7 23 0 0 0 22 13 0 0 18 11 16 14 0 0 0 20 0 8 2 0 1 12 25 0 
0 0 0 0 0 0 20 9 24 0 0 0 6 12 0 0 0 3 10 25 0 0 13 19 23 
13 0 0 0 0 15 0 20 0 11 12 5 24 7 19 6 8 17 23 0 18 0 9 22 2 
0 20 6 22 0 0 0 18 13 10 9 0 21 4 15 2 3 5 19 14 11 12 0 0 8 
0 0 0 11 9 1 6 8 3 0 10 23 25 22 14 0 4 0 0 20 17 19 0 5 0 
0 0 0 5 7 16 9 0 0 2 6 8 0 3 0 0 1 0 0 15 0 4 23 24 0 
10 0 0 25 23 19 7 0 0 5 0 0 16 20 2 0 0 9 0 11 1 6 0 0 15 
