12 0 10 0 0 9 5 0 19 0 0 17 0 25 0 0 0 15 2 0 3 0 21 0 0 
0 0 3 20 13 0 12 25 0 0 4 0 0 0 0 0 0 22 23 8 9 0 5 0 0 
0 15 25 9 24 10 0 0 0 0 11 12 0 5 0 6 0 14 0 20 8 2 4 18 0 
17 0 0 0 6 18 8 0 1 11 7 20 0 21 23 0 3 19 0 13 0 15 0 14 0 
18 0 0 21 0 0 0 23 20 24 0 0 0 0 0 12 25 4 0 5 17 0 19 13 0 
3 0 12 0 21 0 0 10 0 0 0 6 20 0 0 17 0 0 24 19 0 5 8 2 18 
7 25 0 0 15 0 18 8 17 12 0 11 4 0 9 0 1 16 0 10 0 21 23 20 14 
13 20 24 0 0 15 0 5 0 9 0 0 12 14 10 8 0 6 3 4 0 0 0 25 0 
0 0 19 4 17 25 20 0 0 6 8 0 21 23 5 14 15 0 0 12 0 0 13 0 10 
8 0 14 0 9 0 1 0 4 2 13 25 3 18 0 21 0 0 20 0 0 24 0 0 6 
0 0 16 0 0 22 2 21 0 7 20 10 8 0 12 4 0 24 14 23 0 0 9 0 0 
0 24 6 2 0 0 14 9 0 17 0 3 7 0 18 0 0 0 15 0 0 0 0 4 21 
0 21 0 5 22 24 3 15 13 0 0 16 23 0 4 9 19 20 0 17 2 0 14 7 0 
15 7 20 13 0 11 4 0 0 16 0 9 0 0 21 5 0 0 0 6 23 3 0 0 19 
0 0 17 0 4 0 0 1 0 0 0 15 0 13 0 0 7 21 0 0 0 22 11 8 20 
2 0 0 0 16 0 25 24 0 0 6 23 5 0 22 0 0 8 0 9 0 0 0 12 17 
0 4 8 17 5 0 23 0 14 22 0 24 0 3 7 13 10 12 21 15 0 25 0 0 0 
0 9 0 7 25 13 15 18 11 0 12 19 0 8 1 20 4 17 6 14 0 23 0 22 0 
0 0 22 0 0 0 0 6 0 1 0 13 2 0 0 0 0 23 0 0 21 8 15 19 0 
6 0 23 12 0 0 9 20 8 0 17 0 0 0 0 22 2 3 18 1 0 0 7 0 13 
1 6 15 0 0 12 17 22 0 18 0 0 0 9 0 0 16 10 0 24 0 13 0 0 8 
0 8 9 19 14 4 0 13 10 15 0 0 22 16 0 0 20 0 17 25 0 18 6 23 0 
0 0 13 24 2 8 16 0 7 0 0 0 0 0 0 23 6 0 0 21 0 0 0 9 25 
0 10 7 0 12 0 24 11 0 25 0 4 13 0 20 3 14 9 8 0 16 19 0 17 0 
4 16 11 0 0 0 19 14 0 0 0 5 0 0 8 0 0 13 22 18 0 1 3 21 2 
