12 6 15 23 3 0 17 7 0 0 0 2 16 18 22 1 9 11 24 4 13 5 0 19 0 
17 0 0 5 24 0 0 12 23 1 0 6 0 25 0 20 0 0 0 7 0 16 0 10 0 
8 0 0 0 25 0 0 2 0 5 0 0 3 0 11 0 21 0 0 0 0 0 0 0 7 
0 0 0 0 4 14 0 6 0 21 5 0 7 0 15 25 12 19 8 0 2 0 0 0 22 
22 7 10 0 0 11 0 13 18 0 0 0 21 14 12 0 16 23 0 0 0 4 0 0 0 
0 8 22 4 0 10 0 0 12 0 3 0 0 0 0 7 0 0 13 25 16 9 0 6 0 
16 24 25 0 11 21 0 14 0 22 0 20 0 0 0 8 15 0 0 3 0 17 0 18 12 
0 18 7 21 0 0 0 9 20 24 0 0 0 15 16 22 19 0 0 0 5 3 2 0 13 
13 12 0 3 15 6 4 18 16 17 7 14 25 5 8 0 11 0 23 0 1 24 20 0 0 
14 0 17 9 5 0 1 0 0 0 12 22 0 0 24 0 6 16 0 18 11 19 21 8 0 
5 22 0 0 0 0 0 20 0 0 13 18 0 21 23 0 4 9 0 15 0 10 0 0 19 
0 0 0 0 16 0 15 0 0 0 6 3 0 24 0 21 0 0 7 20 12 0 5 11 23 
23 0 4 0 0 0 0 10 0 0 0 19 0 0 0 17 5 0 16 0 18 15 6 9 1 
15 0 0 0 0 17 0 0 5 0 0 0 2 0 10 0 22 12 19 0 25 20 3 24 0 
0 0 0 2 0 18 0 11 0 0 0 5 12 16 0 6 10 3 0 0 22 21 0 0 4 
2 5 0 11 0 7 14 24 0 0 25 12 9 0 0 19 1 22 17 13 0 0 0 0 0 
0 0 21 18 13 22 0 0 4 0 23 7 15 0 14 10 0 0 11 16 19 0 0 3 0 
4 9 0 0 17 2 21 25 0 11 16 1 19 3 0 23 7 18 14 0 0 13 0 12 0 
25 19 0 12 22 0 20 23 1 6 18 21 24 0 17 0 0 5 0 0 14 7 10 0 8 
0 0 23 15 0 0 18 16 0 0 0 13 8 22 2 12 0 4 21 6 24 25 11 0 0 
6 0 0 22 0 1 2 19 0 0 24 0 0 7 3 0 0 15 0 0 0 0 4 13 0 
7 11 0 20 10 24 8 0 0 0 2 0 23 19 0 0 18 21 0 0 15 0 0 0 0 
21 0 14 24 0 5 0 0 25 15 0 11 0 0 18 16 8 7 0 12 10 6 19 1 0 
0 0 0 17 1 0 0 3 0 0 0 0 5 0 0 14 13 0 4 19 7 22 25 16 0 
3 0 0 16 19 0 6 21 7 14 22 10 4 8 13 24 17 25 0 1 23 0 18 2 0 
