9 11 24 0 0 19 21 25 0 12 0 23 0 22 3 8 4 6 18 0 10 0 16 0 7 
21 0 0 2 0 1 0 23 0 7 19 14 0 0 9 3 15 0 5 10 6 0 13 0 8 
8 6 0 0 0 9 24 15 0 0 0 7 1 13 5 0 12 0 2 0 0 21 0 22 19 
12 15 0 0 0 16 5 0 0 0 0 10 0 4 8 0 21 23 0 13 0 0 0 0 14 
13 10 23 1 0 0 0 14 6 8 0 21 0 0 20 24 25 19 22 7 0 9 0 0 0 
23 13 0 0 2 25 0 8 17 0 5 0 0 19 0 16 0 21 0 6 7 0 4 0 9 
22 0 3 0 8 0 0 0 0 6 0 0 0 0 4 15 13 17 0 5 21 0 0 0 24 
0 1 0 19 7 0 0 3 20 15 17 0 16 25 21 0 22 24 4 0 18 8 5 6 10 
0 17 0 0 0 5 0 24 0 23 1 0 14 18 6 19 0 7 0 9 0 12 11 0 13 
24 0 0 6 0 0 0 19 7 21 13 22 0 0 0 25 20 8 0 0 0 0 0 0 0 
7 0 0 24 0 0 1 0 11 9 0 25 10 8 12 0 0 5 17 3 0 18 19 21 0 
2 0 21 0 0 0 10 22 15 5 14 6 0 20 0 0 11 9 0 0 24 13 17 16 1 
1 19 0 0 0 6 3 13 0 4 0 5 15 23 0 0 7 0 0 18 14 0 0 0 20 
0 0 0 15 0 0 17 21 18 0 7 4 9 1 19 0 0 20 0 0 0 0 8 3 2 
0 3 0 0 0 24 0 0 14 19 21 0 13 17 0 4 0 0 0 0 5 0 0 0 0 
0 0 0 0 1 0 0 0 0 0 0 0 8 6 17 7 10 4 25 0 0 14 0 18 12 
0 25 4 11 0 14 0 0 16 2 3 0 5 0 0 0 8 18 0 24 1 0 21 13 22 
0 0 15 12 0 17 25 0 23 0 2 18 20 21 1 0 19 13 6 16 0 5 3 7 0 
5 23 7 16 13 3 8 6 21 18 0 24 0 11 25 9 14 0 0 1 0 2 10 15 17 
18 2 8 17 20 4 19 10 1 11 9 0 12 14 0 22 0 0 3 0 25 24 6 0 0 
0 0 6 25 0 21 0 2 19 0 0 17 23 0 0 10 16 1 0 11 0 0 22 8 0 
0 8 2 21 0 0 6 7 0 0 0 0 0 0 0 18 0 14 0 0 15 0 20 10 11 
11 12 1 0 15 0 0 4 10 0 6 0 0 9 0 0 0 22 0 19 17 0 24 0 0 
0 0 10 23 18 20 0 0 25 0 0 12 22 2 16 0 0 3 0 0 0 0 0 0 21 
17 24 5 14 0 0 0 1 12 3 0 15 0 0 0 20 0 0 0 8 0 0 2 0 23 
