0 0 14 7 9 0 0 2 10 3 8 0 6 0 4 0 
10 0 0 2 0 0 7 12 0 0 0 15 14 1 13 16 
12 0 0 16 15 0 14 0 0 0 0 0 0 0 9 3 
0 0 0 0 0 11 13 0 0 0 0 0 0 10 0 12 
11 10 0 0 13 0 2 0 0 6 0 0 3 0 0 0 
14 0 0 4 10 3 15 0 1 0 0 13 8 0 0 0 
1 3 2 8 5 0 0 4 0 10 7 0 16 12 0 13 
13 0 9 6 0 0 0 0 0 0 11 0 4 0 10 14 
2 0 0 0 6 0 8 7 0 0 3 16 11 0 0 10 
0 0 8 11 14 13 10 0 0 0 2 0 12 0 16 1 
0 0 10 0 0 2 0 0 0 1 14 0 9 0 0 0 
3 12 4 9 11 16 5 1 0 13 0 0 7 14 0 6 
0 15 16 10 0 5 0 0 0 0 0 3 1 2 14 9 
0 2 0 5 0 0 0 0 0 0 0 9 10 7 6 4 
7 9 13 0 2 6 0 0 4 0 10 0 0 16 3 11 
0 0 0 0 1 0 9 0 0 0 0 2 13 0 12 8 
