17 7 0 0 18 0 0 15 0 14 22 5 0 0 6 10 0 3 8 9 0 2 16 23 12 
19 20 16 0 15 0 5 6 0 10 0 2 11 0 0 21 0 0 0 0 0 0 0 22 24 
0 0 12 0 3 2 24 0 0 25 10 0 8 15 0 0 20 16 0 0 7 0 9 0 0 
10 5 1 2 8 17 0 4 0 9 0 24 0 0 0 0 23 13 22 7 0 25 20 15 19 
0 0 22 13 9 0 16 0 0 18 21 0 1 17 0 0 5 0 0 0 0 0 8 0 10 
0 12 0 24 4 0 0 9 18 0 19 1 0 3 7 14 10 0 13 21 0 8 11 0 0 
0 1 0 19 0 0 23 17 13 0 0 0 2 0 24 0 0 5 0 0 9 0 12 10 22 
7 0 17 0 20 19 11 12 10 21 13 8 0 0 0 0 2 0 0 0 0 0 4 0 3 
2 0 23 5 0 0 0 8 0 3 6 4 0 0 15 11 9 1 7 0 0 0 0 0 0 
3 0 0 0 0 4 14 2 1 6 5 0 12 0 0 0 22 0 23 0 0 7 0 0 0 
1 0 18 0 0 3 25 0 15 0 0 12 5 24 14 0 0 7 0 0 10 11 0 0 21 
0 0 24 10 0 0 12 11 23 7 17 6 15 0 0 13 21 0 0 0 3 0 0 0 8 
0 0 20 0 17 22 21 0 0 0 0 0 4 7 13 0 18 8 0 0 25 12 0 0 0 
13 9 0 25 2 14 0 10 24 8 0 0 23 16 21 15 0 0 0 17 6 0 22 0 0 
0 16 21 7 0 13 1 18 6 0 8 22 3 19 0 0 11 10 14 0 15 9 24 4 17 
0 0 2 0 7 5 0 23 12 4 15 0 13 20 0 1 3 0 19 18 0 21 6 0 14 
0 0 15 8 19 0 0 0 0 0 0 0 0 9 1 2 14 25 4 0 20 16 0 12 7 
21 18 5 14 11 6 2 25 0 1 0 0 0 0 8 17 0 9 0 23 0 0 0 0 0 
0 3 4 20 12 0 0 0 17 11 16 14 0 2 5 0 6 0 0 0 0 23 1 0 18 
9 0 13 1 6 15 0 20 14 0 18 0 21 12 0 0 16 0 0 8 0 10 0 17 2 
8 0 0 16 21 11 0 14 5 0 2 0 24 0 22 3 17 18 9 4 0 19 0 25 0 
0 0 0 0 24 18 0 22 19 0 0 0 9 23 0 25 0 0 6 1 5 0 10 2 0 
0 0 3 0 0 25 10 0 4 0 14 21 19 6 0 8 15 11 12 20 0 0 7 0 0 
23 11 9 0 13 0 0 1 7 12 25 20 17 8 10 22 19 0 5 0 4 24 0 0 15 
0 0 7 12 0 20 0 0 9 0 4 15 18 5 11 0 13 0 0 24 0 1 0 0 0 
