16 15 13 0 8 0 14 0 2 0 9 0 7 5 4 6 
0 3 0 10 0 0 0 5 0 0 14 7 2 8 12 1 
12 0 0 4 0 13 0 0 0 15 6 1 0 16 0 0 
7 0 0 0 0 0 2 0 5 16 0 0 0 0 0 11 
0 0 16 0 0 11 15 0 0 13 3 2 4 0 1 0 
0 0 0 0 5 0 13 0 16 0 0 0 0 0 11 0 
0 0 0 0 0 0 4 16 10 5 8 0 9 0 2 0 
0 0 0 2 0 8 0 6 9 0 1 0 10 0 16 0 
0 7 0 0 10 0 0 0 0 0 2 9 0 0 8 0 
11 2 0 0 16 14 6 12 7 0 4 10 0 1 5 0 
8 16 0 0 0 0 0 2 0 0 0 3 0 0 0 0 
1 0 0 0 15 4 5 0 11 14 16 13 6 0 7 0 
14 0 1 16 7 0 0 15 0 2 0 0 5 11 0 4 
4 0 3 15 2 6 0 0 0 0 0 5 0 7 13 16 
6 11 0 13 1 5 8 4 0 0 12 0 0 0 15 2 
0 9 5 12 3 0 11 0 0 0 7 15 1 14 0 8 
