12 6 8 16 17 2 21 0 9 0 7 24 0 5 0 20 15 0 19 1 18 0 11 0 14 
0 3 18 0 1 0 0 17 0 0 14 13 21 4 10 2 5 0 12 11 23 7 15 16 0 
4 20 14 0 0 0 0 0 0 12 6 17 0 19 18 7 13 22 25 0 0 0 8 0 3 
0 0 5 7 2 3 25 0 4 0 0 0 1 0 15 8 0 0 0 6 0 17 0 19 0 
21 23 15 25 0 0 0 14 0 0 0 0 8 0 3 0 24 10 4 18 0 0 6 13 0 
0 0 19 0 5 7 0 0 3 0 23 10 4 6 0 13 9 0 14 12 22 24 16 0 17 
23 4 3 22 0 5 0 0 24 6 0 0 0 21 0 16 0 0 0 2 12 1 10 25 13 
0 11 13 0 10 12 0 18 17 16 19 0 0 0 0 23 21 0 6 22 3 9 7 2 8 
6 0 0 0 0 13 2 0 0 11 15 0 22 12 0 3 20 8 5 0 4 0 14 21 0 
0 25 0 8 0 21 0 0 22 0 0 2 0 3 0 1 0 0 0 19 0 18 0 0 0 
2 0 9 0 0 0 13 0 0 7 5 4 19 8 0 6 0 0 17 0 0 12 3 24 1 
0 16 7 0 14 8 12 0 23 5 0 0 10 0 20 19 0 0 1 0 0 15 0 4 18 
1 0 0 10 4 9 0 0 2 0 0 0 0 0 0 0 14 23 7 5 16 25 0 0 20 
5 12 0 0 0 0 6 11 0 0 0 0 0 16 24 0 22 18 0 0 7 0 0 0 0 
17 18 22 0 0 0 0 0 0 0 0 0 15 7 14 9 3 12 21 0 8 11 0 6 5 
7 13 10 15 25 0 4 3 0 14 21 19 0 0 8 0 0 17 0 16 0 6 0 12 0 
0 17 0 0 16 0 0 10 0 24 0 0 0 23 12 14 0 7 2 0 1 0 4 11 15 
3 14 0 0 18 6 19 0 13 9 20 0 5 10 0 0 0 0 0 24 25 8 0 0 16 
8 0 0 12 0 11 0 0 0 25 0 0 17 2 1 18 0 19 20 0 0 0 9 23 22 
9 0 0 0 22 23 17 12 0 2 25 0 0 0 16 21 0 0 13 0 20 0 18 7 19 
16 0 0 0 8 0 0 6 1 21 24 3 11 14 0 5 19 2 18 0 0 0 23 20 0 
0 0 0 4 0 19 0 2 0 0 13 5 16 17 23 0 8 20 9 14 6 0 24 0 11 
0 24 0 0 3 16 0 0 14 0 0 0 0 15 19 4 0 21 0 23 0 5 0 0 7 
14 19 20 5 0 0 0 9 11 15 10 0 0 1 2 0 0 6 0 0 0 0 25 18 0 
11 15 6 13 23 0 22 4 0 3 9 0 7 18 0 0 0 0 0 0 0 14 12 0 2 
