0 0 0 0 23 0 6 20 0 0 13 1 3 7 11 15 0 14 0 24 16 0 0 0 21 
0 0 0 0 20 19 25 0 21 0 0 12 0 0 8 1 17 3 5 0 0 6 7 0 10 
9 16 6 24 0 3 0 7 0 0 0 0 25 2 4 19 0 0 0 0 0 5 12 13 8 
8 12 14 0 0 0 15 5 4 17 18 0 19 9 0 0 20 25 0 22 2 0 0 11 0 
0 18 0 7 0 8 0 13 9 0 0 17 5 0 0 6 0 0 16 2 15 19 14 0 4 
18 1 25 0 0 5 20 4 0 0 0 0 0 3 0 8 0 24 0 0 11 2 10 6 0 
0 9 0 0 0 0 0 0 0 7 21 0 18 10 5 16 6 19 3 12 0 0 24 1 15 
20 0 10 0 0 9 21 1 0 0 8 0 6 12 24 0 0 13 0 0 23 0 0 19 0 
16 0 7 0 6 10 0 14 0 0 0 19 13 0 1 11 25 21 0 20 0 22 18 0 0 
11 0 15 0 0 18 0 6 16 0 25 0 0 0 0 10 2 0 1 0 13 0 3 21 0 
12 0 24 0 0 0 0 8 17 0 16 9 0 1 6 0 19 0 11 15 7 13 4 0 22 
0 0 0 13 14 4 19 0 18 6 0 0 17 25 2 20 0 0 0 5 0 11 0 9 0 
17 0 19 9 0 0 16 10 0 20 4 0 7 0 13 18 8 0 0 25 24 0 5 12 0 
21 0 16 0 4 22 0 11 5 0 0 8 0 19 23 24 13 0 2 0 18 25 0 14 17 
7 0 0 25 1 0 0 0 23 24 5 15 0 18 0 4 0 0 10 0 0 0 19 2 16 
4 0 2 6 13 11 8 0 25 0 0 14 9 23 0 0 10 12 21 7 1 0 22 16 0 
0 0 12 0 15 0 13 23 20 9 1 0 0 4 17 0 14 16 0 6 0 8 0 7 0 
24 7 3 16 0 12 4 0 10 21 22 0 8 6 0 13 0 1 0 0 14 0 2 25 19 
0 10 0 1 0 7 18 0 0 0 0 5 12 21 0 2 0 22 0 0 17 4 0 0 0 
23 21 0 0 8 0 0 0 0 22 0 16 24 13 0 17 0 20 19 9 12 0 11 0 0 
2 23 0 19 16 0 11 0 0 0 6 25 1 17 20 0 5 15 24 13 0 12 0 0 3 
3 0 0 0 12 0 5 19 6 15 2 13 0 0 7 9 1 0 0 0 25 0 16 0 11 
1 11 9 0 0 0 0 25 0 0 0 0 21 5 0 0 0 0 20 19 0 0 13 4 0 
5 0 0 0 7 1 0 0 22 13 3 24 15 16 12 23 0 0 0 0 0 14 20 0 0 
6 13 0 15 0 20 0 2 24 0 9 0 14 11 19 25 0 0 17 0 0 1 23 0 0 
