0 0 5 2 0 11 0 12 4 6 10 0 0 0 0 9 
15 6 16 0 2 0 7 0 0 13 0 0 5 3 0 1 
0 3 4 10 5 0 0 16 2 0 1 0 0 15 12 11 
0 0 13 0 0 10 1 9 0 0 0 16 0 2 0 0 
0 0 0 8 0 0 5 1 0 0 12 0 0 9 0 0 
6 10 12 1 0 3 0 0 15 5 8 0 7 13 0 0 
0 9 15 4 14 0 0 0 0 10 0 0 0 0 0 3 
0 7 14 13 6 0 0 0 0 3 2 4 1 11 0 12 
4 14 3 9 0 0 11 0 0 12 15 0 8 5 0 0 
0 0 0 15 12 0 0 3 0 0 9 8 0 16 11 13 
8 0 6 0 16 0 0 7 0 0 0 0 10 14 1 2 
0 0 0 0 8 0 4 0 0 1 0 14 9 12 0 15 
0 0 9 0 0 16 8 15 14 0 6 0 12 0 0 5 
0 12 10 14 0 0 9 0 8 0 0 3 11 0 0 0 
0 15 2 5 0 0 3 0 11 0 7 12 14 0 9 0 
11 16 0 6 0 0 0 0 0 0 5 0 3 0 15 0 
