0 0 3 0 15 0 0 6 0 0 12 0 7 14 0 9 
9 15 7 12 0 0 0 1 0 0 0 6 0 0 10 0 
0 0 4 2 9 0 0 12 0 16 0 0 5 3 6 0 
0 0 1 16 3 0 0 13 10 0 0 4 0 12 15 0 
6 0 0 9 0 0 12 16 0 0 0 1 14 10 11 0 
1 4 0 3 0 10 6 7 0 13 8 9 0 16 2 12 
8 0 5 0 4 2 0 15 0 0 14 11 3 6 0 0 
0 14 0 0 0 0 5 3 2 0 6 16 13 0 0 4 
0 13 6 0 16 15 9 11 8 12 0 3 0 5 14 0 
0 12 8 15 1 0 2 10 0 0 13 0 6 0 0 0 
0 0 0 0 12 4 0 5 6 0 9 14 8 0 0 16 
0 0 0 14 0 13 3 0 0 1 10 7 4 0 12 0 
0 0 13 0 5 12 16 0 0 0 15 10 9 0 0 0 
15 9 0 6 0 0 0 0 0 0 0 0 0 0 1 0 
0 0 0 5 0 6 13 4 9 14 0 0 16 0 0 15 
0 0 14 0 0 0 0 9 0 2 0 12 0 0 0 6 
