6 8 0 10 0 7 1 0 15 5 9 0 11 16 0 14 
2 16 11 5 14 0 6 4 0 0 0 12 0 0 15 13 
0 0 13 0 16 0 12 0 0 0 0 6 2 1 0 9 
0 9 7 12 15 11 10 2 0 0 0 3 0 6 0 8 
7 1 2 9 0 15 0 0 16 0 5 13 12 8 0 0 
0 10 3 13 0 0 0 6 0 0 12 14 0 4 0 0 
0 12 0 14 0 0 0 0 9 0 4 0 0 0 1 5 
4 0 16 0 0 8 0 0 6 0 10 0 0 14 0 0 
0 0 0 0 0 0 0 0 0 0 3 0 7 0 0 4 
0 0 14 4 0 6 0 12 0 13 0 10 0 0 0 1 
10 0 0 0 0 3 0 15 2 0 0 4 14 0 0 0 
12 0 8 3 0 16 0 5 0 1 14 7 6 0 10 0 
0 3 0 0 0 0 0 13 7 10 1 5 8 0 11 0 
0 5 0 0 0 0 16 0 0 14 0 9 0 3 2 15 
0 4 0 7 5 0 0 11 3 0 2 0 1 0 14 6 
14 6 0 16 0 2 15 0 0 0 8 11 0 7 5 0 
