17 0 0 19 24 20 2 25 0 18 16 4 22 0 0 6 15 0 13 0 0 0 8 9 0 
7 0 0 23 0 0 0 16 0 0 1 0 0 0 0 0 4 2 8 0 19 25 6 14 18 
0 25 0 2 14 23 0 3 0 0 0 12 0 0 18 20 0 0 0 21 13 11 4 0 0 
4 11 13 0 0 14 1 10 12 0 2 6 0 17 25 0 0 3 0 0 21 0 0 15 7 
22 3 0 16 0 24 0 0 0 15 5 0 0 21 0 25 19 1 9 14 10 23 17 2 20 
0 13 6 0 0 0 0 0 11 0 0 7 18 12 8 0 21 0 17 15 0 4 20 3 1 
23 12 0 18 19 0 8 1 0 0 17 15 0 0 16 13 3 6 25 10 0 9 7 11 21 
0 16 17 0 1 0 18 7 25 0 0 19 10 0 0 22 0 20 0 9 8 0 12 6 0 
0 0 20 9 0 5 0 17 6 0 3 11 1 13 0 2 7 18 4 0 16 0 0 0 0 
0 0 2 11 7 0 22 19 13 0 6 20 23 0 0 0 1 12 24 16 5 10 0 0 0 
1 19 0 7 0 6 0 0 9 0 8 16 0 0 0 15 20 10 0 0 0 0 23 0 0 
18 0 9 21 20 25 0 0 1 17 0 0 0 6 22 7 0 0 14 12 3 5 11 0 16 
10 22 24 25 15 13 7 0 19 0 18 21 3 4 20 9 0 5 0 6 0 12 0 8 17 
2 0 5 17 0 0 0 0 21 0 11 0 0 1 14 3 0 24 0 19 0 7 0 10 6 
16 6 14 4 0 0 5 8 0 0 0 0 0 23 10 0 0 25 18 1 0 20 0 19 24 
9 1 19 13 0 0 0 0 16 0 22 5 12 0 15 10 6 0 0 0 0 0 0 0 3 
25 0 0 0 17 7 0 12 0 0 0 0 21 19 0 0 24 15 0 0 0 16 0 20 2 
12 20 10 24 0 3 13 11 15 1 25 9 17 0 2 0 0 16 0 4 6 19 0 0 0 
0 0 16 0 0 0 21 5 0 20 0 0 0 3 13 0 9 0 0 0 0 0 25 1 4 
0 0 0 0 0 0 6 18 0 25 20 1 14 0 0 0 0 0 0 0 9 21 13 22 0 
19 0 23 0 16 0 4 0 0 8 0 14 0 0 17 0 25 0 0 3 0 0 15 0 0 
0 4 0 0 6 0 0 20 23 0 0 0 16 0 5 11 10 0 19 0 0 8 0 12 22 
0 17 22 1 0 11 0 14 7 19 13 10 0 0 0 24 12 8 15 23 0 0 21 5 0 
24 15 0 12 3 9 0 13 0 5 23 22 0 8 0 4 0 21 1 0 20 2 0 0 0 
0 0 25 8 5 10 0 0 0 0 0 24 2 0 0 0 22 17 7 20 0 14 19 0 11 
