0 5 0 19 7 16 0 12 0 17 18 20 0 0 22 13 0 23 6 0 21 3 0 25 1 
0 0 15 21 0 0 0 0 2 0 24 17 0 10 3 0 16 0 0 0 0 0 0 13 0 
6 0 0 17 0 4 13 0 7 24 1 25 0 11 23 19 0 3 5 0 18 0 0 9 16 
0 23 16 13 0 0 18 0 5 25 0 7 0 21 2 12 24 0 11 9 17 19 0 22 15 
0 12 0 0 22 0 3 9 0 0 13 4 19 16 5 0 0 0 0 7 23 2 0 0 0 
13 25 0 15 0 0 11 0 0 0 0 0 0 0 0 0 0 0 0 4 0 18 21 0 3 
0 9 4 20 14 0 5 0 21 22 7 0 25 2 18 0 0 15 0 0 0 0 13 0 0 
0 0 21 12 0 0 0 15 0 4 11 10 0 0 6 17 0 0 7 1 0 22 0 0 23 
11 0 0 7 24 0 12 2 8 6 22 9 3 17 0 0 0 0 0 0 0 0 0 15 14 
16 0 0 22 0 17 19 0 13 0 21 0 0 15 20 11 14 12 24 3 2 7 0 0 0 
4 0 0 0 0 18 15 21 0 12 5 24 0 0 19 0 9 7 0 17 0 0 25 0 0 
12 0 17 23 0 0 6 5 0 11 0 2 0 13 8 0 0 0 25 15 0 16 0 18 4 
5 24 0 16 0 0 2 7 0 20 0 0 11 25 0 0 18 13 12 14 0 10 0 1 17 
18 0 8 14 25 24 0 23 0 0 12 3 0 0 0 10 22 4 19 0 5 6 0 21 13 
22 21 0 0 0 0 1 0 0 0 17 15 0 18 4 0 0 5 0 24 9 0 0 0 11 
0 8 0 18 5 0 0 0 16 23 0 6 0 4 14 24 0 0 1 10 15 13 0 0 12 
23 22 12 6 0 9 0 1 15 13 16 5 0 19 0 3 4 0 14 20 7 17 0 0 2 
0 0 0 24 17 6 21 19 0 2 0 0 0 9 0 16 7 22 15 0 0 0 0 4 20 
0 2 13 0 16 14 4 8 0 5 0 12 0 7 0 0 23 0 17 0 10 9 0 0 0 
10 0 14 4 15 0 7 18 22 3 20 21 17 0 0 5 11 0 13 0 16 24 0 0 0 
24 4 18 10 0 2 0 0 0 14 9 0 5 22 15 0 0 0 0 23 0 0 3 0 19 
21 20 0 0 0 0 0 0 18 19 0 13 0 12 24 4 1 0 0 5 14 0 0 0 9 
14 0 7 5 0 15 0 0 23 0 0 16 8 3 25 9 20 17 18 19 0 21 6 0 0 
0 16 0 8 0 13 0 0 12 21 4 0 1 0 0 14 10 0 0 6 11 0 0 5 18 
1 0 19 9 0 5 22 10 25 0 14 18 0 23 0 0 12 11 0 13 4 20 8 2 24 
