0 12 8 15 0 0 13 0 4 2 0 0 14 6 3 0 
10 0 0 7 0 12 16 8 3 0 13 5 4 0 0 0 
2 4 0 0 3 7 0 15 0 11 0 0 0 13 0 16 
0 0 0 3 0 0 0 0 1 15 10 0 0 5 8 7 
7 0 4 0 10 8 0 0 2 0 0 0 15 3 6 0 
15 3 0 0 0 0 6 0 0 9 8 0 0 0 0 0 
0 16 6 0 14 0 0 9 5 0 0 3 10 0 0 1 
13 2 0 14 15 0 4 0 0 0 0 10 0 9 0 8 
0 0 0 0 0 11 0 13 15 7 0 6 0 0 4 5 
0 0 13 0 6 15 9 0 0 0 0 0 0 0 0 0 
0 7 5 1 0 0 0 10 0 4 0 16 13 11 15 6 
14 0 3 0 0 16 5 1 11 8 0 0 7 0 0 0 
0 0 15 13 16 0 8 0 7 3 0 14 0 10 0 0 
0 0 9 12 7 0 11 0 16 1 0 0 3 0 0 13 
6 11 7 0 13 0 0 2 0 0 0 0 9 1 0 4 
0 10 2 4 0 0 1 0 13 6 11 15 0 16 7 12 
