1 19 4 13 0 0 0 5 0 7 11 0 0 0 0 18 22 0 0 3 6 0 0 20 24 
0 11 15 5 0 16 13 12 23 17 24 0 0 19 0 7 0 0 0 21 9 0 8 0 0 
0 0 9 21 10 3 0 1 0 4 0 7 0 0 22 8 0 0 12 0 0 23 0 0 0 
0 0 20 0 23 0 0 6 19 21 8 0 0 0 0 10 0 0 24 5 13 0 0 15 14 
0 16 0 0 12 15 20 0 18 14 23 0 21 0 9 0 0 17 0 0 3 0 5 7 1 
0 18 0 2 0 19 0 0 20 8 9 22 16 15 0 3 10 25 17 6 0 5 11 0 0 
17 9 12 0 0 0 6 15 14 18 0 0 5 0 7 0 20 1 8 0 0 25 16 19 0 
23 0 0 14 0 10 3 21 0 0 4 0 0 13 8 12 0 16 19 0 0 0 15 1 0 
0 10 0 0 3 0 16 2 0 5 1 24 17 0 0 0 0 21 11 0 0 6 0 14 0 
0 7 0 11 25 0 17 0 12 1 21 19 6 0 0 14 0 18 15 2 0 8 3 13 0 
4 0 13 19 11 0 0 17 0 6 0 23 0 0 0 0 0 0 22 0 10 9 24 2 0 
8 1 0 15 0 18 0 10 4 13 0 14 0 2 11 9 23 24 0 12 0 16 20 25 21 
16 0 0 20 0 0 15 0 25 0 0 6 24 7 0 0 0 13 0 0 0 0 0 8 17 
25 0 0 3 9 21 0 7 16 0 0 0 8 0 17 0 18 10 5 0 1 15 4 6 11 
10 0 7 22 21 20 0 0 0 0 0 0 9 1 0 0 19 0 6 0 0 0 18 5 13 
20 13 18 1 22 5 0 0 0 3 2 21 7 0 6 0 0 12 10 16 0 0 23 11 4 
0 2 0 6 15 7 11 0 0 0 19 5 0 0 13 1 21 0 18 0 25 17 14 3 20 
0 0 3 23 16 0 18 0 0 25 15 0 22 24 0 0 13 14 0 11 2 1 7 0 12 
0 4 11 0 0 0 0 0 2 0 0 0 0 9 3 0 0 5 7 25 22 0 6 21 0 
0 0 0 0 0 0 23 0 0 0 12 0 11 0 0 19 3 6 0 0 0 24 13 18 16 
0 6 0 12 0 11 21 0 0 19 0 13 0 14 0 5 16 3 0 0 0 7 1 0 25 
3 5 24 18 17 13 0 25 0 0 0 2 10 0 0 21 12 0 0 0 8 14 9 23 15 
0 22 25 4 19 1 0 0 5 0 7 0 23 0 0 2 0 15 14 8 11 0 10 17 0 
0 0 21 0 20 0 0 24 0 9 22 11 0 4 1 0 6 19 23 18 16 0 2 12 0 
11 15 0 0 1 0 2 23 0 0 0 0 12 8 5 25 0 7 9 0 0 13 0 4 0 
