0 0 0 0 0 14 13 20 0 0 23 1 2 12 0 4 0 0 0 18 16 9 0 21 8 
3 0 0 6 0 11 0 9 2 5 7 21 0 0 8 14 19 0 20 12 22 0 0 23 0 
16 0 7 0 0 24 0 0 25 19 22 20 18 0 4 13 9 23 0 15 1 0 10 5 0 
0 0 0 0 12 0 10 0 8 0 0 0 14 0 11 0 0 17 16 5 0 18 0 2 0 
0 8 0 23 0 1 0 0 0 0 9 13 0 17 0 0 0 0 10 0 0 0 19 14 20 
6 22 0 0 25 0 0 0 17 13 1 11 7 0 0 0 24 0 0 0 9 0 3 0 15 
11 7 0 1 5 9 12 8 0 10 0 14 0 13 16 0 0 15 19 23 21 17 0 24 0 
24 0 15 21 18 6 7 0 23 20 12 0 17 22 9 25 0 3 0 0 11 8 5 19 0 
0 0 0 10 20 0 21 11 24 0 18 4 0 0 0 17 5 22 12 0 13 1 25 7 14 
0 0 4 17 13 0 14 0 15 25 0 8 0 6 21 7 10 0 1 11 0 0 0 0 23 
7 15 20 0 0 16 19 0 0 23 0 0 0 14 0 0 0 5 2 22 25 21 0 0 0 
0 1 13 0 0 0 6 25 18 0 11 7 4 0 0 10 0 0 21 0 12 15 0 0 19 
12 0 22 0 23 0 5 24 0 2 0 0 0 19 0 9 20 0 4 1 6 16 0 17 0 
17 0 0 0 0 20 8 0 1 0 10 0 0 16 23 0 0 7 3 0 14 0 4 9 5 
8 5 0 3 0 0 0 0 4 14 20 0 9 0 0 6 25 19 0 16 0 0 11 0 1 
0 0 14 8 7 0 3 16 0 1 0 0 0 0 0 12 0 0 9 0 17 23 0 25 21 
18 6 0 0 17 0 20 0 0 22 8 0 12 0 10 0 14 0 15 19 0 3 0 0 24 
22 0 0 15 11 18 9 0 0 0 0 17 13 7 14 0 0 0 5 0 20 10 6 1 0 
0 0 1 5 0 25 24 0 21 6 16 23 0 0 0 0 0 0 0 0 8 0 12 11 7 
0 0 24 0 21 0 0 0 13 8 19 0 6 25 0 23 1 0 7 20 2 14 22 15 0 
1 0 17 7 4 0 25 0 0 0 3 0 21 18 6 16 2 11 23 9 10 20 14 12 22 
15 0 12 0 22 0 1 0 19 11 14 0 23 0 0 20 0 8 6 10 0 7 21 0 2 
0 24 0 9 0 0 2 12 0 17 0 0 25 0 0 0 0 0 0 0 15 4 23 8 11 
14 16 2 11 10 0 23 0 0 9 4 0 0 8 0 19 0 0 0 0 3 0 0 13 0 
0 23 0 0 0 0 0 15 16 18 0 12 10 11 1 21 3 4 24 14 19 25 0 6 0 
