0 21 3 0 19 0 0 0 7 10 0 0 4 22 0 0 12 6 24 0 9 0 14 0 0 
15 17 11 0 22 12 19 0 0 0 0 0 8 2 5 25 20 0 14 23 0 0 21 24 10 
0 0 6 5 4 0 9 0 0 0 0 0 21 0 0 0 8 0 10 0 19 12 1 25 22 
14 23 0 10 7 8 0 25 15 0 0 0 0 16 11 0 9 19 4 21 0 0 0 0 0 
0 8 0 24 13 21 0 5 0 1 6 9 7 0 10 22 3 17 11 0 20 23 16 15 18 
5 16 0 0 23 10 0 0 22 11 4 0 0 18 2 0 7 0 0 0 14 0 25 0 21 
0 0 0 0 0 15 0 0 20 0 23 0 0 0 14 0 4 0 5 22 10 1 0 0 0 
0 4 14 6 0 0 0 12 9 0 8 0 10 0 0 0 0 0 17 24 13 0 19 0 23 
0 0 1 0 12 4 3 0 0 13 21 24 0 25 15 0 0 8 0 0 0 9 17 22 20 
21 0 15 0 0 0 25 0 0 0 0 19 6 11 0 16 18 13 0 0 5 4 8 7 12 
0 25 22 0 8 16 18 0 2 0 10 20 0 4 21 0 0 0 23 19 3 0 7 5 0 
10 3 0 0 15 19 24 7 0 21 5 0 0 0 0 6 0 0 0 8 0 0 0 9 0 
24 12 5 0 16 25 0 1 14 0 19 0 11 17 3 10 21 7 18 0 8 22 2 0 15 
6 0 0 7 0 0 23 8 0 0 0 15 0 14 0 24 0 5 0 25 21 0 4 1 19 
0 11 0 2 0 6 10 4 0 22 7 18 0 8 1 0 17 20 13 15 24 16 0 14 25 
13 0 0 25 0 20 0 22 8 4 15 0 23 0 0 0 0 21 9 0 12 0 0 17 0 
22 20 7 0 17 3 0 13 0 5 14 4 0 0 18 0 0 0 15 0 0 11 0 0 24 
19 0 0 3 9 0 0 23 6 17 11 12 0 21 0 0 0 4 8 7 22 0 20 0 14 
0 0 0 0 10 0 0 0 24 0 0 0 0 0 0 0 14 22 0 17 15 2 0 13 5 
16 0 8 12 11 9 15 18 10 14 0 22 0 24 7 0 0 25 6 3 0 0 0 21 0 
12 24 0 20 3 0 7 9 0 19 13 21 15 6 0 4 0 0 22 1 0 5 10 18 0 
0 18 0 15 2 17 13 6 0 0 0 0 0 0 0 8 0 10 21 11 25 14 0 0 0 
9 22 21 0 5 0 1 0 0 12 25 0 0 23 0 14 2 0 0 0 6 8 0 20 0 
0 14 0 0 6 22 5 0 11 0 24 0 18 0 12 0 15 0 20 9 0 0 0 0 1 
11 0 0 23 1 24 4 0 21 8 16 2 0 0 9 0 0 18 25 0 7 17 22 19 0 
