1 21 0 0 0 7 0 0 18 9 19 13 24 6 8 25 0 0 4 0 0 20 12 22 2 
0 0 13 0 12 0 16 0 0 3 10 15 0 0 25 17 18 0 7 19 0 9 14 24 23 
4 24 15 10 16 8 0 19 23 5 18 12 17 2 20 9 0 22 0 0 13 6 0 0 11 
0 6 25 0 7 4 10 17 24 12 0 0 21 11 0 13 0 2 0 20 0 15 0 0 3 
17 0 19 23 18 0 0 0 0 0 22 7 3 0 14 11 6 0 15 24 0 4 0 16 8 
22 0 0 0 0 10 19 20 25 14 3 16 2 0 5 15 0 0 0 17 23 11 8 0 13 
0 10 0 15 21 0 17 0 0 22 11 0 7 0 24 0 0 0 1 0 0 0 3 0 19 
0 16 0 0 3 6 0 11 4 0 25 0 0 10 0 19 24 9 0 21 2 0 0 0 0 
19 17 0 0 9 0 24 0 0 0 12 20 6 0 0 14 13 0 0 0 10 0 0 0 0 
0 14 8 0 13 23 0 7 16 2 4 0 15 9 19 20 0 0 10 22 0 0 0 0 0 
7 0 0 17 4 0 21 0 8 6 13 0 10 0 1 24 5 20 11 0 22 0 2 0 16 
25 0 16 6 0 0 0 22 0 23 14 0 20 0 0 0 15 10 9 0 12 19 5 17 24 
0 0 0 21 10 16 0 0 0 0 0 0 19 0 0 0 0 4 0 0 20 23 6 8 9 
15 0 12 20 22 19 0 10 11 0 0 0 5 3 0 0 0 14 0 6 0 0 21 1 25 
24 0 9 3 8 0 25 5 20 15 21 22 0 4 0 0 0 0 0 0 0 0 13 0 18 
16 0 0 0 24 13 22 0 19 0 20 21 23 0 3 10 9 0 0 15 1 8 0 0 7 
13 18 0 4 19 0 1 24 0 8 0 0 11 0 12 0 23 0 0 0 3 0 0 21 5 
0 0 22 9 11 17 0 0 0 0 0 0 8 0 0 0 0 24 0 1 25 0 0 0 0 
0 15 0 8 0 0 23 21 0 7 17 2 9 0 0 0 19 0 6 5 14 16 0 18 0 
3 7 0 0 17 15 0 0 0 10 24 18 0 0 13 2 4 21 0 0 0 0 11 6 12 
14 0 0 16 5 21 13 0 6 19 7 3 25 0 15 4 10 18 23 9 0 12 20 11 0 
0 0 24 19 23 0 5 0 14 0 2 0 12 17 0 7 20 1 22 0 15 10 0 13 4 
10 3 0 0 0 0 0 0 0 0 0 0 14 18 0 0 0 0 0 13 9 21 19 0 6 
12 25 0 18 0 0 8 4 10 17 1 0 0 0 0 6 21 19 0 11 16 2 23 0 0 
11 4 0 13 0 0 9 0 0 20 0 10 0 0 0 0 0 0 2 14 7 0 25 0 1 
