10 22 5 4 0 21 0 14 0 0 0 1 12 0 6 0 0 20 0 8 0 7 0 0 0 
7 6 0 8 18 1 0 9 24 17 5 14 20 0 0 0 12 25 4 0 0 0 22 19 2 
11 0 25 17 0 0 7 23 6 0 0 0 0 0 0 0 9 0 0 24 4 18 20 0 0 
0 0 0 21 2 18 11 0 22 0 25 0 0 4 9 13 0 6 23 0 0 12 0 10 17 
15 0 13 9 0 0 0 10 12 20 0 0 2 19 17 7 21 0 0 0 0 24 6 23 0 
20 17 0 24 4 7 3 6 0 0 8 16 14 10 11 5 18 13 12 21 1 0 19 0 25 
25 19 0 0 5 0 14 2 1 11 0 0 22 3 12 0 0 23 8 0 13 0 0 7 10 
0 0 0 0 8 0 0 19 0 4 18 21 6 2 0 0 0 15 0 0 0 0 23 0 0 
0 23 0 11 13 17 0 18 16 15 0 0 7 5 20 0 0 0 22 2 6 8 0 0 0 
6 0 0 0 0 24 0 21 0 25 0 4 0 23 0 16 0 10 17 0 2 20 0 11 0 
0 0 16 19 1 9 2 0 7 0 0 12 0 0 4 3 0 24 0 0 17 0 25 20 14 
0 2 0 3 17 0 0 8 0 0 7 9 0 0 5 25 23 0 0 11 21 19 24 0 22 
0 20 0 18 25 23 21 0 10 0 19 17 0 0 0 0 0 0 0 0 8 2 0 0 0 
4 15 0 7 11 19 0 0 0 0 0 2 18 14 0 6 8 1 0 10 0 13 0 0 3 
23 24 0 14 6 0 1 16 0 22 0 0 0 8 13 17 2 4 19 0 7 0 11 18 0 
0 0 0 0 0 2 0 0 0 0 12 25 0 6 18 0 0 5 24 0 22 0 7 0 0 
14 12 18 0 10 0 6 7 11 0 0 13 21 0 0 19 0 0 25 23 5 0 0 4 20 
9 25 0 20 7 0 0 4 13 0 0 24 0 0 0 0 0 21 0 17 18 0 1 0 0 
0 0 0 23 0 0 18 12 0 1 14 0 4 20 0 8 0 7 2 13 15 11 16 0 9 
2 13 0 5 0 0 0 20 17 14 1 0 0 7 0 18 0 22 16 0 12 6 10 24 0 
18 4 15 2 0 0 19 13 9 16 11 0 3 0 0 21 10 12 0 25 20 0 5 6 0 
21 0 17 0 9 15 20 22 14 7 0 23 0 12 0 0 0 0 13 0 0 0 0 8 18 
0 8 3 0 14 11 24 1 0 0 0 20 5 0 16 23 15 17 6 0 9 0 0 13 7 
0 10 11 25 20 6 23 0 0 5 0 18 0 21 0 0 22 0 0 4 0 0 0 0 16 
1 7 19 0 0 0 0 25 0 21 10 6 0 0 15 20 5 8 0 18 11 0 17 22 23 
