0 0 0 0 0 0 0 12 0 0 7 0 0 15 16 0 
8 15 14 11 13 0 0 0 9 0 1 0 0 6 0 4 
5 0 1 0 0 0 0 0 13 6 0 4 0 11 10 9 
12 0 0 0 11 16 6 0 2 15 0 0 13 3 8 0 
15 0 9 12 0 0 0 0 6 1 16 13 4 2 14 0 
0 6 0 0 14 7 15 0 5 0 8 0 0 16 0 12 
0 0 7 0 12 0 16 9 0 3 4 15 6 13 0 0 
4 0 16 5 2 6 0 0 0 14 0 0 15 8 0 0 
0 0 5 15 7 4 0 0 0 13 0 3 0 9 0 14 
0 1 3 0 9 2 0 0 4 12 10 0 0 0 11 0 
10 0 0 9 0 0 0 6 7 5 0 0 3 12 15 0 
0 0 0 0 3 11 0 5 15 0 0 0 1 7 0 0 
11 4 15 14 0 12 0 16 0 7 0 0 0 0 2 6 
9 0 12 16 4 15 0 0 0 11 6 10 0 0 13 3 
1 0 0 3 0 0 7 11 14 0 15 0 0 4 0 16 
0 7 0 0 0 0 0 0 0 0 0 5 0 0 9 15 
