9 0 0 0 24 0 14 0 10 11 0 0 12 0 1 23 0 4 0 25 2 5 22 16 8 
0 0 0 5 16 0 0 0 0 15 13 0 0 6 0 24 0 14 0 20 0 0 17 0 0 
0 3 14 0 6 16 0 0 0 12 11 5 7 4 25 0 15 13 9 0 23 0 0 24 20 
19 0 15 17 8 0 23 13 0 25 24 0 0 0 9 0 11 18 0 16 0 7 3 0 1 
0 0 0 0 0 0 0 24 0 0 0 16 0 20 0 0 17 0 5 0 11 13 9 14 15 
0 22 0 0 4 0 0 25 0 0 16 0 2 0 23 0 5 11 24 0 3 0 0 8 0 
12 0 7 0 14 10 2 11 0 0 1 0 9 3 0 8 0 0 0 0 0 25 0 0 5 
0 19 17 0 0 15 0 0 0 16 14 0 0 0 8 0 21 25 23 7 0 0 0 4 0 
8 0 16 0 0 5 0 1 18 23 20 0 0 7 4 0 2 0 6 0 12 15 24 0 0 
0 0 0 0 5 0 0 8 17 4 0 0 0 0 0 1 9 10 20 19 22 0 14 0 13 
4 16 0 2 7 9 18 12 0 24 21 17 0 0 0 19 6 0 0 5 8 22 0 13 0 
17 0 25 0 15 0 0 0 11 0 22 0 0 0 5 0 8 24 13 0 0 9 6 1 0 
0 5 18 21 12 8 10 16 0 0 15 11 0 9 13 17 0 0 0 22 25 2 0 7 0 
0 14 8 0 1 3 13 0 21 0 0 12 6 10 0 25 0 2 7 0 24 0 0 15 17 
13 0 0 6 9 7 17 0 1 22 0 0 3 8 0 21 12 0 0 0 5 14 0 18 4 
0 8 22 0 18 11 12 5 0 3 6 0 10 0 0 20 13 0 0 0 19 24 15 17 0 
5 0 9 7 13 0 15 10 8 1 25 4 11 19 3 16 0 0 12 21 14 20 0 0 18 
0 1 0 14 0 13 24 9 20 7 12 8 0 18 22 11 19 5 0 3 10 4 0 0 25 
15 0 0 0 21 18 6 23 4 0 5 24 20 14 16 22 0 8 0 0 13 0 1 11 9 
10 20 11 19 0 22 0 2 0 21 0 9 13 17 7 18 24 1 0 15 0 8 0 0 16 
1 18 2 0 17 23 16 0 0 0 9 20 0 22 6 7 25 21 8 24 0 0 0 0 0 
0 0 5 0 19 1 11 3 0 0 0 0 0 0 0 6 0 0 15 0 0 18 13 20 0 
0 0 3 24 0 0 22 18 0 17 0 0 0 25 0 0 0 0 0 13 0 6 0 10 0 
0 15 0 0 22 0 4 21 0 14 8 0 17 24 0 0 20 0 11 2 0 0 12 5 23 
6 21 4 16 23 24 5 20 15 0 0 13 0 0 0 3 0 0 18 0 0 0 0 0 0 
