13 1 18 0 0 0 0 8 2 0 0 10 0 0 3 21 0 25 7 0 19 6 0 0 22 
0 0 25 0 16 10 0 0 0 13 6 0 0 0 20 18 0 22 24 0 4 2 0 0 0 
0 0 11 2 0 0 22 0 19 0 0 0 4 0 1 3 13 15 17 14 20 0 25 0 5 
4 0 6 0 20 0 5 16 21 0 15 7 22 0 0 0 19 1 9 2 0 13 10 12 8 
0 21 24 0 8 0 0 0 20 9 0 12 0 18 23 0 4 0 0 16 11 0 7 0 17 
1 0 22 4 24 21 23 9 0 16 3 0 17 8 18 0 10 19 13 0 0 15 0 2 0 
2 0 15 14 19 0 0 0 24 11 13 1 20 0 22 23 0 8 21 0 0 4 0 0 3 
0 17 10 0 12 0 0 0 3 15 14 0 6 19 0 0 16 24 0 5 8 0 0 0 21 
16 7 0 0 18 20 19 0 0 0 21 0 0 23 12 4 0 0 1 9 14 0 0 0 11 
21 6 0 13 23 0 0 14 4 8 7 9 10 5 0 0 11 0 3 15 22 25 0 1 19 
0 2 1 0 5 0 8 15 6 0 12 0 25 0 11 22 14 0 0 0 0 21 18 0 23 
18 13 0 22 0 14 4 2 12 20 8 17 19 16 0 5 24 0 0 0 1 0 0 3 0 
0 0 17 24 4 16 3 0 25 0 0 0 0 22 15 13 12 23 11 0 0 0 0 5 0 
0 19 0 0 0 13 21 7 11 1 5 0 0 20 2 0 0 0 18 8 0 24 22 25 0 
0 0 0 20 0 0 24 23 0 0 0 0 0 0 14 0 15 2 25 3 17 0 0 8 0 
15 4 3 25 11 19 14 21 18 6 0 16 7 12 0 8 0 0 20 10 24 0 9 0 2 
17 24 2 7 1 4 0 0 0 0 0 0 3 0 0 0 0 0 23 25 6 19 13 0 0 
10 0 14 12 0 1 0 0 13 0 9 25 2 15 0 24 5 11 0 6 0 0 8 0 20 
5 0 0 16 9 17 0 3 8 25 4 20 0 6 0 0 0 0 0 22 21 1 11 0 12 
0 0 13 0 0 0 2 0 0 12 19 18 1 11 0 7 0 3 4 17 0 0 14 0 10 
0 22 0 8 0 25 0 20 0 21 17 15 0 0 10 9 0 0 5 24 0 0 19 6 18 
0 14 0 18 0 22 0 0 1 19 20 0 12 0 6 0 23 0 2 7 0 8 0 0 25 
0 0 16 0 0 23 0 0 0 2 25 0 0 0 24 0 0 18 8 11 0 7 1 0 0 
0 0 5 0 0 0 13 6 16 0 18 0 0 2 0 0 22 10 0 19 0 3 0 0 0 
0 0 9 0 0 18 0 5 15 3 11 0 0 4 0 0 0 0 14 13 16 10 21 0 24 
