23 0 5 25 0 0 6 21 3 0 20 15 7 0 0 0 0 12 0 10 13 17 19 0 0 
20 0 12 0 0 22 0 14 10 0 23 0 0 25 0 0 16 2 18 0 3 6 0 0 0 
0 19 11 15 1 18 0 23 17 0 21 0 0 0 10 0 5 6 0 0 0 0 8 12 0 
14 0 0 0 0 0 0 0 20 0 16 6 0 9 0 0 0 17 13 0 0 0 2 11 4 
0 0 6 3 9 2 0 7 16 8 11 0 17 0 1 19 0 20 0 0 24 23 18 0 0 
0 20 0 11 0 16 23 0 0 0 0 0 0 15 0 25 0 14 0 5 0 0 0 7 24 
0 17 7 16 10 25 0 11 22 6 8 3 23 0 9 0 0 24 0 0 14 21 1 19 5 
1 23 14 5 0 12 15 0 19 0 0 0 0 0 0 0 0 18 7 0 11 0 13 10 0 
12 25 0 8 0 7 0 24 0 0 0 20 0 10 0 9 13 0 0 11 2 16 0 17 0 
0 0 13 22 21 17 0 0 0 0 7 12 14 16 11 0 23 0 10 0 4 0 25 20 6 
22 18 0 0 7 0 14 0 0 21 25 9 16 19 20 8 0 0 1 0 0 5 3 2 11 
0 12 0 13 0 0 0 17 0 18 4 11 0 21 6 20 0 0 16 0 1 22 14 0 0 
17 3 0 0 20 19 7 16 11 0 18 0 5 1 2 0 14 10 12 0 0 0 0 13 21 
24 14 23 0 5 0 0 0 0 25 0 0 10 0 3 21 0 13 11 0 0 0 12 16 0 
21 0 8 6 0 0 2 0 1 24 0 0 0 12 23 0 0 3 0 0 7 0 0 0 0 
0 5 10 2 22 9 0 20 0 0 6 4 18 0 8 12 0 0 23 0 16 14 21 0 0 
0 11 0 23 0 4 0 19 0 15 14 0 9 7 0 0 0 1 5 6 22 2 0 0 17 
19 0 21 4 0 14 10 18 5 2 13 22 25 0 0 17 20 0 0 0 0 0 0 0 0 
7 9 0 0 0 11 3 0 12 0 1 17 0 5 16 10 21 0 0 18 15 8 4 0 13 
0 15 0 0 0 21 8 0 6 7 2 24 0 0 12 0 4 9 0 16 0 10 0 25 0 
9 2 20 18 25 0 21 0 0 12 0 23 22 6 24 14 0 5 17 3 0 4 16 1 0 
11 0 22 19 13 0 25 0 0 17 9 18 15 4 0 23 0 16 0 1 21 0 10 0 12 
0 0 17 0 24 20 22 0 7 0 0 0 11 8 13 18 0 4 0 0 0 15 6 0 14 
0 8 3 14 15 23 0 0 0 16 0 25 0 0 7 24 10 19 21 13 18 11 0 22 0 
0 0 16 0 23 24 0 10 0 11 0 0 21 20 0 0 6 0 0 0 17 13 9 8 0 
