9 0 0 2 23 18 0 6 11 10 7 22 0 0 4 19 0 3 24 16 8 0 14 0 15 
17 0 0 0 0 0 0 0 0 8 11 10 0 0 0 0 6 0 0 12 0 24 4 7 2 
22 8 0 14 0 12 0 16 0 4 0 24 9 1 17 2 0 0 21 18 3 23 0 5 19 
4 7 15 0 3 24 0 0 1 0 0 14 18 0 0 10 23 0 5 9 0 0 17 16 0 
0 18 0 0 16 3 21 20 0 0 5 2 12 15 23 0 4 8 0 22 9 0 1 6 13 
23 17 11 22 0 25 0 0 0 0 0 0 0 2 0 15 0 18 6 0 0 0 10 1 4 
10 0 0 4 8 15 11 0 0 18 16 0 6 17 21 0 0 5 0 25 12 19 9 22 0 
25 9 20 0 19 5 1 0 4 2 0 11 0 12 10 0 0 24 0 13 6 0 3 8 0 
0 1 21 5 0 7 0 12 6 14 4 8 22 9 0 3 20 0 19 0 0 0 15 0 16 
18 0 6 0 15 0 22 0 0 9 1 25 0 20 7 12 0 0 23 4 0 0 13 24 0 
13 0 7 0 14 16 0 0 0 0 12 15 0 0 0 11 22 1 0 23 19 21 0 0 0 
0 5 0 0 0 23 0 0 0 0 0 0 0 13 25 20 12 6 0 24 0 1 7 0 0 
21 0 0 0 0 20 19 1 17 7 0 0 8 0 6 4 13 0 0 0 11 5 0 10 0 
0 4 0 0 0 0 0 13 0 0 0 0 0 7 0 21 0 0 25 5 15 8 16 17 0 
1 23 0 0 0 0 9 10 3 6 20 5 24 4 11 7 0 19 8 17 14 0 18 0 12 
0 0 0 0 6 11 0 7 10 0 9 4 20 23 0 0 25 0 17 0 16 2 0 0 21 
0 0 23 0 5 0 6 0 22 0 8 1 0 0 0 16 0 0 10 0 0 11 12 9 0 
14 0 17 12 0 8 0 0 23 0 0 0 21 24 16 18 0 0 9 0 20 0 19 15 5 
0 24 2 0 0 13 20 0 16 0 0 0 11 0 0 23 0 21 12 0 10 4 0 14 0 
0 10 22 20 0 19 4 0 0 21 0 13 7 0 12 24 0 2 11 6 0 3 8 25 0 
6 16 9 23 0 10 0 8 20 0 24 12 0 21 5 17 0 0 4 0 0 15 25 11 0 
0 0 10 0 0 0 0 19 0 23 0 20 14 0 15 9 5 0 22 0 7 16 21 0 0 
0 0 24 3 22 0 7 0 0 16 25 9 4 10 13 14 0 0 20 1 17 0 0 19 0 
5 0 18 19 0 0 0 14 21 22 23 0 0 11 8 0 3 0 0 0 0 0 0 0 1 
12 14 4 17 0 9 0 11 0 0 19 0 0 22 0 0 0 16 15 21 0 6 20 0 0 
