13 0 0 7 25 0 1 0 0 20 18 11 0 19 2 3 21 0 24 8 4 0 0 0 0 
0 3 0 22 8 21 18 24 0 0 4 14 0 23 6 0 0 0 20 0 11 0 0 0 0 
0 0 0 0 0 25 0 22 19 15 12 0 0 0 0 16 18 13 23 6 10 0 21 0 14 
21 0 12 0 0 8 0 0 9 13 10 1 16 0 0 0 19 17 4 11 24 0 0 0 25 
0 10 24 11 0 0 0 0 4 0 9 22 13 0 21 0 0 0 25 1 8 23 0 0 0 
5 8 25 0 19 0 0 0 13 0 17 15 0 0 10 0 24 0 3 12 20 0 0 23 21 
14 2 16 21 22 0 0 0 5 17 13 7 1 25 0 4 0 0 0 18 3 6 9 12 0 
15 6 0 0 11 3 0 23 8 16 0 18 0 21 24 20 0 0 9 0 19 2 0 17 0 
0 7 1 0 20 19 0 25 12 9 22 0 0 0 3 0 15 0 5 14 0 0 10 0 0 
0 4 23 3 17 6 0 0 0 0 19 16 9 12 8 0 25 21 13 0 1 0 0 0 0 
0 21 3 0 0 0 0 0 18 19 0 0 10 22 0 0 5 23 0 0 2 25 0 20 0 
0 0 2 0 14 13 0 12 11 10 0 17 0 0 0 0 0 0 16 19 6 1 5 3 0 
6 11 0 0 23 0 25 2 14 4 7 0 0 5 0 0 22 10 0 15 0 13 8 9 24 
0 5 0 0 0 0 0 0 3 22 0 0 15 4 0 21 0 0 0 0 0 10 0 14 7 
0 25 7 13 10 0 5 0 1 0 6 0 0 16 14 0 0 12 8 4 18 11 22 0 0 
0 0 5 0 16 14 0 4 20 0 24 19 12 7 17 0 8 0 0 0 0 3 6 0 0 
0 0 8 20 2 16 19 1 0 5 0 0 3 10 23 6 12 14 15 0 7 0 18 0 17 
0 15 0 17 3 11 8 0 0 0 0 9 22 0 0 24 0 0 0 0 16 12 0 10 2 
12 24 0 0 7 2 3 0 0 23 15 4 6 0 18 25 0 20 11 16 5 0 1 0 0 
0 19 0 0 4 0 0 9 17 0 21 0 0 13 16 23 7 0 22 0 0 0 14 0 20 
2 0 22 0 24 1 0 0 25 0 3 6 0 17 0 8 16 4 0 0 0 21 13 5 10 
0 12 0 23 0 15 0 18 0 6 2 20 8 0 0 19 0 5 0 24 0 0 7 0 1 
0 17 9 0 0 4 0 21 0 0 0 0 0 0 19 22 6 11 7 0 15 0 3 16 18 
0 0 6 25 15 0 22 17 7 8 0 0 23 11 0 1 9 0 18 0 14 19 0 24 0 
7 16 0 10 5 12 20 19 0 0 25 21 18 1 0 0 0 2 0 23 9 4 11 0 6 
