0 0 5 0 0 0 11 0 0 10 6 8 3 0 15 0 
0 0 3 0 0 16 9 5 0 7 0 12 8 2 0 4 
2 10 4 0 0 15 0 7 0 1 11 16 0 12 0 0 
8 9 0 0 6 0 12 1 15 0 2 5 0 14 0 7 
0 2 16 0 15 0 0 0 0 0 0 0 4 0 0 10 
0 0 0 0 0 9 0 0 5 11 0 0 0 0 16 0 
1 0 0 0 12 0 0 0 0 0 0 0 0 0 13 9 
9 0 0 8 4 7 0 0 13 15 0 3 0 0 2 5 
10 12 14 0 11 0 0 0 6 0 0 0 0 13 4 0 
0 16 2 0 3 13 4 10 0 14 5 11 6 1 0 0 
0 13 8 4 2 0 15 0 0 0 16 0 14 7 9 11 
11 0 1 0 8 12 14 9 4 13 0 2 5 0 0 0 
0 5 0 2 7 0 3 4 1 0 0 0 0 0 0 0 
4 8 11 10 0 14 1 0 16 0 0 7 0 0 3 2 
0 0 0 1 5 0 10 15 0 2 0 0 16 0 0 0 
14 7 15 3 0 0 0 0 0 5 0 10 0 9 8 1 
