0 17 11 0 0 7 0 20 0 19 0 5 0 3 0 25 9 0 0 0 10 21 0 1 18 
0 21 0 20 0 0 0 23 0 0 0 0 0 0 17 5 14 0 0 0 0 13 11 0 2 
0 0 0 0 0 0 16 9 11 0 2 0 23 21 13 0 0 0 0 0 14 6 0 7 4 
2 25 7 18 0 0 0 0 0 0 0 8 0 9 20 13 15 11 12 21 0 23 0 19 17 
0 0 0 14 0 0 15 12 0 0 7 1 25 0 0 0 18 24 4 16 0 20 22 0 5 
13 0 18 11 20 25 0 0 4 0 0 0 0 7 0 22 12 0 9 2 15 5 0 24 0 
25 0 3 0 19 0 23 21 0 0 1 13 9 10 0 0 11 5 17 4 0 16 18 14 0 
1 7 0 15 21 0 0 0 13 0 18 12 0 0 23 8 0 0 14 0 20 4 2 0 0 
0 0 0 16 12 8 2 0 0 0 14 19 0 22 0 10 21 13 18 3 11 7 1 0 9 
0 9 8 0 4 16 0 0 0 0 0 20 0 17 0 0 0 0 0 25 0 0 19 23 0 
23 19 25 0 24 4 13 0 0 20 5 14 18 15 8 12 0 1 0 0 0 3 7 0 6 
0 0 0 0 0 0 18 0 0 23 0 0 19 1 10 4 13 0 15 14 25 0 17 21 0 
18 0 0 13 0 0 25 3 15 2 23 0 21 16 4 24 0 6 5 0 19 22 0 10 0 
0 10 0 5 0 0 11 24 6 16 3 17 7 2 12 21 23 20 25 18 1 8 0 0 0 
0 0 21 0 11 17 0 7 0 12 13 0 20 25 24 3 0 9 0 22 5 18 0 16 15 
12 6 0 23 17 2 19 0 25 0 24 0 11 0 7 9 0 0 22 0 0 0 0 0 21 
0 2 0 0 5 0 0 0 0 0 25 3 17 13 0 6 0 0 8 23 0 15 12 0 0 
15 13 0 0 16 18 12 17 0 24 0 23 14 0 21 11 0 0 0 0 8 9 5 3 1 
0 11 0 0 0 23 21 6 0 15 9 18 2 8 5 14 10 4 16 0 13 17 0 20 19 
0 0 9 0 0 20 4 13 5 0 19 10 16 0 22 0 1 0 0 0 23 11 0 2 0 
17 0 2 0 25 13 20 0 23 0 0 0 1 0 18 15 4 10 6 9 0 0 0 0 0 
20 0 0 7 8 15 22 0 12 0 4 0 0 0 19 0 0 14 0 0 17 1 0 0 23 
19 15 13 9 23 24 7 11 0 4 17 0 10 0 0 0 0 2 3 0 12 25 8 6 20 
24 0 0 1 0 0 0 0 19 0 15 0 0 20 9 0 0 0 0 0 21 0 4 13 0 
11 4 0 0 6 0 0 0 0 17 0 0 13 23 3 16 0 0 21 20 0 2 10 15 24 
