15 7 12 0 0 14 0 3 5 2 0 13 6 0 0 9 
0 6 0 11 0 8 0 7 10 3 15 0 0 12 1 0 
0 8 0 13 0 0 15 12 0 14 0 6 0 7 0 11 
0 3 1 9 6 11 4 2 16 12 0 7 14 13 0 5 
0 0 0 3 11 0 0 0 7 5 0 1 16 0 0 13 
13 0 7 1 0 3 0 4 6 0 0 8 9 0 0 10 
0 15 0 0 7 0 6 0 2 0 10 16 0 0 0 0 
0 0 0 16 10 5 9 0 14 13 0 11 0 1 7 15 
7 13 0 5 15 0 0 0 0 16 14 12 0 10 0 0 
6 0 0 0 13 9 1 0 0 0 5 0 0 0 0 0 
16 12 0 0 0 7 0 0 0 0 0 2 0 14 0 0 
0 11 8 2 0 0 0 0 0 0 7 3 13 0 16 0 
9 1 0 0 0 6 0 0 0 0 16 5 0 2 0 14 
0 16 11 0 3 0 10 0 12 0 0 0 15 0 9 0 
0 0 0 0 0 0 5 0 13 0 6 0 11 16 4 1 
4 0 13 0 0 16 0 14 11 0 0 15 8 0 0 12 
