0 0 0 0 0 5 14 21 0 7 25 15 20 0 0 1 0 16 17 4 0 10 2 22 3 
0 0 7 0 0 8 4 0 18 9 0 0 16 0 0 0 0 13 20 22 0 11 0 0 0 
0 0 0 0 4 0 0 0 11 0 1 7 0 0 0 0 9 21 0 2 0 0 13 0 15 
1 0 0 0 0 2 24 15 0 20 10 0 0 0 18 0 12 3 25 8 5 4 6 0 9 
8 20 25 0 9 22 0 0 0 10 0 0 12 3 11 7 14 0 0 5 19 0 17 23 21 
0 5 23 25 0 0 0 0 15 2 13 18 17 0 20 0 0 0 0 0 9 0 11 0 10 
20 0 8 14 3 9 1 13 0 0 12 0 2 0 7 0 16 19 4 15 22 6 0 24 0 
22 0 24 2 18 0 0 12 10 0 5 19 0 0 0 0 0 6 8 0 21 17 20 0 16 
10 0 1 0 0 11 0 17 0 8 0 0 0 0 0 0 18 2 23 0 25 19 7 0 14 
9 0 0 0 19 0 0 0 20 23 0 0 11 14 22 0 25 0 3 0 0 5 0 1 2 
0 16 20 10 25 0 23 0 22 5 21 0 18 17 0 0 15 8 0 0 0 7 0 0 4 
17 0 0 0 22 20 0 8 0 0 3 0 25 0 23 0 7 5 16 10 0 0 14 0 0 
0 0 0 3 5 17 7 2 4 11 15 1 0 0 8 0 19 0 21 14 10 0 0 12 20 
0 4 0 0 11 25 10 19 0 0 6 0 5 2 16 0 22 20 13 3 17 15 23 21 24 
13 15 19 23 0 0 3 0 24 16 7 0 0 0 0 0 17 1 6 11 0 8 25 0 5 
23 2 12 0 7 0 0 9 8 19 0 14 21 0 0 16 20 0 15 25 18 1 0 0 6 
3 0 17 1 0 0 13 4 0 0 0 0 0 16 0 6 0 0 0 0 0 2 5 19 0 
15 0 0 0 20 0 6 11 12 25 0 0 0 7 4 0 0 10 19 17 13 0 0 14 22 
14 0 13 0 0 0 21 0 17 15 0 23 6 18 1 24 3 11 0 0 0 0 10 20 25 
11 0 16 6 0 0 0 20 7 0 0 5 0 0 12 13 0 9 14 0 15 24 21 4 0 
0 8 0 0 0 0 17 5 0 22 0 25 0 0 0 20 0 7 0 19 0 0 9 0 1 
25 24 10 20 0 19 9 0 16 0 22 0 0 0 15 14 8 18 2 6 23 21 0 5 7 
0 23 0 5 0 18 0 6 1 0 20 9 0 0 14 22 13 24 10 0 16 0 19 8 17 
0 0 9 0 1 0 0 0 0 0 19 8 0 5 24 15 0 0 0 16 6 22 12 2 0 
0 22 4 0 12 0 8 7 0 24 0 0 10 6 0 3 5 0 1 0 0 0 15 0 13 
