0 7 0 11 16 5 12 15 0 0 14 0 4 1 0 0 
0 9 15 5 0 6 0 14 0 10 0 4 2 0 0 0 
16 0 4 0 0 0 2 10 0 13 6 0 8 0 15 7 
0 2 6 0 0 11 0 4 0 15 0 0 0 5 0 13 
0 0 0 4 0 15 0 6 10 11 0 0 0 0 9 8 
1 13 16 6 14 0 0 5 15 7 8 2 11 4 12 0 
9 3 10 2 1 0 0 0 5 14 0 0 15 7 13 16 
14 15 11 0 0 0 0 13 12 16 3 0 5 6 0 0 
0 0 2 0 0 0 9 7 8 0 0 16 0 0 0 4 
0 0 1 16 0 8 15 0 4 0 9 0 0 13 5 0 
0 14 0 0 0 0 0 0 6 12 15 0 9 0 0 2 
5 0 0 9 11 0 0 0 0 0 0 0 12 8 0 15 
0 0 0 0 0 16 0 9 0 8 0 0 14 10 0 6 
6 0 0 0 7 4 0 0 0 9 0 0 0 0 8 11 
15 1 9 13 6 0 10 8 14 0 0 0 0 0 3 0 
2 0 0 7 0 0 0 12 16 0 10 0 0 0 4 0 
