0 19 22 1 21 16 4 5 12 2 3 8 14 13 15 25 0 0 20 18 10 17 11 7 9 
0 15 9 16 0 10 18 0 0 0 17 0 0 20 0 0 14 0 1 3 22 0 6 0 4 
14 0 8 0 0 0 0 20 0 0 18 19 10 25 11 4 12 0 24 0 21 0 16 0 0 
0 6 11 0 0 0 0 22 0 0 5 0 1 0 23 17 0 0 0 2 0 0 12 0 24 
17 0 3 0 0 23 1 0 0 0 22 6 12 9 0 21 0 0 0 0 8 2 0 13 0 
18 2 0 17 9 19 3 23 22 0 25 20 0 0 0 0 10 14 4 24 0 0 0 0 13 
0 14 24 0 11 0 0 9 0 7 15 10 0 0 0 0 0 1 3 0 0 0 0 20 25 
15 10 0 0 0 0 25 0 0 1 23 0 0 0 0 18 20 0 11 6 24 22 2 4 21 
0 20 1 19 3 15 6 11 0 16 0 0 8 0 0 0 0 0 23 25 12 18 14 0 10 
4 0 25 0 0 0 0 0 0 10 11 9 0 0 14 0 0 0 12 16 3 15 17 0 0 
0 0 19 0 0 0 0 0 0 0 9 12 23 15 0 0 24 5 0 4 13 0 18 10 0 
21 4 12 14 15 5 0 25 0 0 0 0 0 0 1 19 0 0 0 0 0 24 23 0 17 
0 0 23 0 10 0 0 0 16 0 20 0 17 0 24 0 0 0 15 0 1 4 5 2 0 
0 17 20 18 0 21 0 10 0 15 13 11 4 0 0 1 0 0 16 9 14 12 0 6 7 
0 0 0 0 1 2 20 12 11 4 0 0 6 5 0 14 0 18 0 0 15 9 0 0 0 
8 0 6 0 25 0 23 0 1 0 2 21 0 0 0 24 3 20 14 5 0 13 10 0 15 
0 7 14 4 0 9 0 2 8 0 1 23 20 0 0 22 0 11 18 15 5 0 3 24 0 
0 0 5 12 18 7 13 15 10 3 24 14 25 4 17 9 0 6 0 23 0 16 8 0 0 
0 3 0 24 13 0 0 0 20 0 0 15 0 0 6 0 0 0 0 8 9 21 0 17 0 
10 1 15 9 0 0 11 0 0 5 19 0 18 8 3 0 2 0 0 0 23 7 0 14 20 
2 8 0 0 23 18 10 0 0 13 6 3 0 0 20 16 11 0 0 19 7 0 15 25 12 
16 0 18 20 24 12 0 21 9 0 4 0 15 0 10 0 0 7 25 0 0 8 13 5 0 
0 12 10 15 0 25 0 16 2 20 0 5 0 24 0 0 9 0 0 1 18 19 21 23 11 
0 25 7 0 0 0 14 0 0 0 0 0 0 18 12 0 5 0 21 20 0 0 9 22 16 
0 0 17 0 19 6 15 8 0 0 14 16 0 0 25 12 18 2 13 10 0 20 24 0 0 
