11 12 0 0 0 18 13 0 0 15 3 0 7 14 25 21 22 24 0 8 17 4 0 23 0 
0 7 21 0 8 0 0 12 9 4 0 0 2 17 15 14 0 0 10 0 16 18 0 0 24 
0 6 0 24 0 0 0 0 10 2 11 0 23 19 5 0 12 9 0 4 22 0 21 0 0 
0 0 0 14 25 21 24 0 1 0 0 0 4 12 10 23 2 11 0 15 13 8 0 0 0 
4 0 0 10 0 0 19 0 25 14 6 24 21 0 0 0 18 0 7 0 0 2 9 15 12 
12 0 22 0 0 14 16 0 0 5 24 0 10 0 0 25 23 15 0 18 4 0 20 2 1 
0 0 4 11 14 6 9 24 13 10 15 0 3 2 23 22 20 0 0 0 5 19 18 0 7 
0 0 0 0 2 15 25 4 18 0 13 19 0 0 1 0 9 14 11 0 21 0 0 0 22 
0 15 0 18 21 0 0 1 0 12 25 0 0 0 22 8 0 17 0 2 0 13 10 9 0 
10 0 0 0 0 0 11 0 0 20 17 14 0 0 0 0 0 0 12 7 0 3 8 0 0 
0 0 0 15 6 3 14 25 11 17 4 0 22 24 0 0 21 0 0 23 0 16 7 12 0 
18 0 0 20 24 0 0 0 16 1 0 11 0 13 0 0 0 25 0 0 3 9 23 0 15 
0 0 0 0 3 4 0 0 15 0 0 17 9 10 6 0 0 7 18 0 1 0 0 0 21 
0 0 7 8 0 9 18 10 0 6 21 0 25 3 0 17 0 12 22 0 20 11 0 5 14 
21 25 11 9 0 0 0 0 20 22 0 1 14 0 0 0 13 0 0 19 0 0 0 8 4 
0 0 25 0 0 22 15 14 3 23 19 0 24 4 2 7 0 0 0 0 0 1 5 11 17 
6 0 0 0 11 0 1 0 0 24 16 0 0 5 0 0 19 0 15 0 0 0 14 22 18 
0 0 12 0 22 10 4 0 0 9 18 3 17 0 0 16 0 5 24 11 0 20 15 0 8 
0 18 0 0 7 20 2 11 0 0 0 0 1 15 0 3 0 22 4 12 23 21 6 0 0 
23 10 5 17 0 0 12 7 8 0 0 0 11 0 0 2 0 0 21 0 19 0 0 3 16 
0 0 15 23 0 0 20 18 2 21 14 0 0 25 0 19 0 0 0 0 9 0 12 4 6 
0 16 0 4 20 23 10 8 7 0 0 22 0 0 3 12 0 0 9 0 24 0 17 18 19 
8 0 14 0 0 1 6 9 12 3 5 0 20 0 0 18 0 21 23 24 10 15 13 0 25 
0 0 10 1 18 0 0 13 0 25 12 23 19 0 9 4 15 20 0 0 0 0 11 21 3 
5 21 9 25 0 0 0 0 4 0 0 10 13 0 24 11 14 3 0 0 7 0 0 0 0 
