0 0 0 9 5 2 10 0 0 6 0 13 4 7 1 0 
13 0 0 10 0 11 0 16 8 0 0 1 0 14 0 5 
0 0 0 5 0 0 6 0 0 0 11 10 12 15 2 0 
12 0 0 6 0 14 1 13 0 0 3 7 0 0 0 0 
2 5 14 13 0 0 0 9 0 0 10 8 11 1 0 15 
0 0 11 0 8 0 0 0 13 0 0 0 0 5 10 6 
0 0 8 0 10 0 4 11 0 1 0 0 0 2 0 16 
0 10 1 0 2 0 14 5 3 11 7 0 13 4 0 12 
4 0 0 0 11 0 0 7 1 13 15 0 0 8 0 9 
0 16 0 0 0 0 13 0 10 0 0 0 0 0 0 0 
0 13 12 8 0 1 16 10 2 7 9 0 0 0 5 4 
5 0 0 0 6 9 0 0 0 0 12 11 7 0 3 0 
9 8 13 0 0 0 0 14 11 0 2 0 5 12 0 7 
10 3 4 0 0 7 0 2 9 5 8 0 0 16 0 14 
0 15 0 0 1 0 0 0 7 12 0 14 0 3 4 0 
14 0 0 2 0 0 5 12 0 0 1 15 0 0 0 0 
