3 4 15 14 0 1 11 0 13 0 0 5 8 2 0 10 
12 0 0 0 16 5 4 15 8 0 0 0 3 1 0 6 
0 0 0 0 14 0 7 0 1 0 12 0 0 5 16 0 
0 0 7 1 0 3 0 0 0 0 4 0 12 0 0 0 
14 0 9 3 10 4 8 0 0 1 0 13 0 7 0 0 
0 0 6 2 0 14 12 0 5 0 0 3 13 16 10 0 
15 0 0 0 13 0 2 3 0 0 0 0 11 0 6 8 
13 0 4 10 0 6 5 11 0 0 16 8 0 0 3 1 
0 6 10 15 0 2 0 0 0 0 0 16 0 0 11 0 
0 9 13 0 4 0 15 0 10 0 2 1 0 0 0 0 
0 3 0 7 11 0 0 0 6 0 0 0 0 14 13 0 
0 0 0 12 5 16 3 6 7 13 0 11 2 10 8 0 
10 0 16 0 2 0 14 0 12 0 3 0 0 11 4 13 
11 7 0 4 3 13 0 5 0 0 10 14 16 0 1 0 
1 14 0 0 0 0 0 0 4 0 0 0 0 0 2 0 
0 0 0 8 12 15 10 0 16 11 0 0 0 6 0 0 
