7 4 0 2 3 11 12 10 0 5 16 6 0 1 0 14 
0 12 0 0 0 14 7 13 0 15 0 1 8 0 0 0 
0 0 0 16 0 15 0 0 0 7 2 0 0 9 0 11 
0 1 15 14 0 0 0 16 0 12 0 0 2 0 0 0 
0 16 0 0 4 8 0 0 0 0 0 3 5 0 9 0 
8 0 13 0 0 9 0 0 12 0 0 5 0 0 16 1 
12 2 5 0 14 0 15 7 0 9 0 16 10 11 0 13 
9 0 4 0 0 0 13 5 0 0 10 8 0 3 6 0 
2 0 12 0 0 0 11 15 0 6 8 4 0 0 14 10 
0 13 11 0 9 0 16 14 10 0 0 0 6 0 3 4 
16 0 0 0 5 6 1 0 0 3 11 0 0 0 15 0 
1 6 0 15 10 4 0 0 16 0 13 0 0 0 0 7 
0 7 2 0 16 0 5 0 14 8 3 13 0 0 0 0 
0 9 1 13 0 0 14 0 6 0 0 11 0 0 4 0 
6 10 0 11 15 3 0 0 2 4 7 0 16 0 0 5 
3 0 16 0 0 0 6 0 0 0 0 12 7 0 0 0 
