0 0 1 2 5 0 12 17 6 3 9 13 8 18 0 0 14 0 0 11 25 20 0 0 0 
25 10 23 0 0 0 0 0 0 8 0 20 5 7 12 0 19 17 0 0 13 0 9 0 0 
3 0 9 12 0 10 0 25 0 0 19 0 15 22 0 20 0 0 0 0 0 0 7 0 0 
0 15 0 20 13 19 18 7 14 9 0 11 0 0 0 0 0 0 8 0 6 21 0 22 3 
0 0 18 0 22 13 20 0 0 15 17 14 3 0 25 0 5 0 0 0 0 11 23 10 12 
0 12 0 0 0 0 1 3 0 10 8 0 9 0 23 4 0 0 0 13 2 0 11 0 24 
0 23 0 9 2 0 0 21 0 0 10 4 0 5 13 0 0 15 20 3 0 19 0 0 0 
21 22 13 0 0 0 19 6 0 0 11 0 20 0 17 8 0 16 25 2 0 14 0 3 0 
0 0 0 0 6 17 2 9 0 4 0 0 25 1 0 24 12 18 19 10 22 23 21 13 20 
7 3 0 16 0 20 25 23 24 0 0 2 18 12 19 0 21 9 11 0 0 4 8 5 6 
4 0 0 0 0 5 3 1 9 0 13 0 0 0 22 2 11 21 24 0 0 12 0 0 10 
0 1 0 21 0 0 4 8 22 0 20 0 11 15 3 0 0 0 10 9 0 0 0 16 23 
22 0 10 11 24 0 23 2 25 0 18 9 0 0 4 0 0 19 12 0 0 3 0 0 15 
0 5 12 6 8 0 13 20 11 24 1 19 0 10 0 18 3 0 16 4 21 0 22 17 25 
23 13 0 0 0 6 0 19 10 0 24 0 0 0 0 0 0 0 17 0 0 0 2 4 11 
8 17 6 0 0 0 14 0 0 20 23 0 0 0 0 22 0 5 7 12 3 0 0 11 21 
0 25 0 5 14 9 15 10 3 2 0 12 13 4 0 23 0 0 0 17 20 0 0 1 0 
15 0 0 13 12 23 7 0 16 25 22 0 1 3 0 9 10 0 2 14 5 6 0 19 4 
10 0 16 3 0 0 6 5 0 22 0 0 0 9 11 13 0 20 4 19 14 0 25 0 7 
20 4 0 7 9 0 0 11 17 19 5 16 0 14 18 3 15 0 1 25 10 22 0 23 0 
0 21 0 19 20 0 0 24 0 0 0 0 0 6 0 0 0 0 13 0 0 0 0 25 2 
0 0 4 0 0 2 10 0 0 16 25 24 0 0 0 0 17 3 0 7 23 0 13 9 14 
0 2 5 23 0 8 11 4 0 1 0 18 7 0 0 19 0 0 0 21 0 0 0 0 22 
0 0 3 24 0 0 9 14 0 7 0 10 22 0 5 0 0 2 0 0 19 0 4 0 17 
0 0 8 0 25 3 17 15 13 6 2 23 0 0 1 12 24 0 0 0 0 16 20 0 0 
