9 11 22 15 7 1 25 0 0 24 10 23 2 13 14 0 21 0 3 0 16 18 0 0 0 
17 0 20 0 0 0 0 11 0 0 15 0 8 18 0 2 0 14 0 7 10 0 23 25 21 
25 6 0 8 0 0 17 21 0 2 12 0 0 0 20 1 0 0 23 16 13 9 7 5 0 
18 13 24 0 5 6 23 19 0 20 7 22 16 0 17 25 10 9 15 8 0 14 11 12 0 
10 2 0 23 19 15 22 14 0 7 0 5 25 9 0 0 0 0 18 0 4 0 0 1 24 
0 0 0 0 0 11 0 0 7 10 1 9 0 0 16 3 19 8 4 22 0 0 25 6 0 
19 7 0 1 3 0 24 0 9 8 2 10 22 0 15 6 12 11 25 5 14 0 0 17 0 
6 10 0 5 18 0 19 0 20 0 11 0 21 0 3 14 0 0 17 0 0 0 13 0 4 
0 0 25 0 0 12 0 0 6 14 5 0 18 17 0 0 0 16 0 9 22 0 24 19 10 
22 23 8 16 20 25 4 0 0 3 0 14 0 19 0 0 13 0 0 0 0 1 0 0 0 
0 0 17 0 10 0 12 0 0 21 23 16 7 5 0 18 0 0 0 0 20 24 0 13 9 
3 0 0 6 0 0 0 0 13 9 4 12 11 0 0 0 14 0 0 0 0 0 0 0 0 
23 0 0 0 16 0 18 24 11 1 0 19 0 14 0 15 25 4 0 21 0 12 10 7 6 
0 4 0 12 8 17 2 0 14 0 24 0 6 0 0 9 0 0 7 0 3 0 0 22 16 
24 14 11 0 0 0 0 0 0 0 3 2 0 0 0 0 0 19 0 0 0 4 8 0 0 
13 20 0 17 0 23 0 3 18 5 0 0 0 0 0 24 0 21 8 0 0 15 0 0 0 
14 12 0 9 2 24 21 10 0 0 8 7 0 0 18 22 0 25 0 0 1 0 0 0 17 
0 0 0 7 1 0 15 0 8 16 0 0 4 0 0 0 9 10 0 20 6 19 18 0 2 
0 24 18 0 0 0 0 25 17 4 14 20 15 0 10 5 2 1 0 6 12 0 21 3 8 
0 0 0 11 25 0 20 6 0 12 0 21 0 16 0 19 0 0 14 23 24 0 0 0 7 
1 0 0 25 17 14 0 0 0 22 0 0 10 23 0 0 20 0 11 2 0 6 4 0 13 
5 0 19 0 0 0 0 1 23 0 0 0 9 0 12 0 4 6 0 0 21 7 0 24 22 
2 22 15 10 9 0 0 0 21 17 18 0 14 8 4 23 0 12 5 19 25 0 1 11 20 
4 16 21 24 0 10 0 0 2 25 0 0 0 0 11 13 0 22 1 0 19 17 0 15 0 
0 18 0 20 11 4 0 0 0 19 16 0 0 22 2 21 0 0 0 0 8 10 5 0 14 
