8 9 0 0 2 14 16 10 0 0 12 0 0 13 15 3 
0 12 0 14 0 0 0 3 5 9 0 15 6 0 2 1 
0 0 4 0 5 7 1 15 6 0 10 11 0 0 14 0 
0 0 0 0 0 9 6 11 0 3 14 13 5 0 4 8 
0 1 3 0 0 0 11 14 9 6 13 0 7 2 0 0 
10 4 0 15 1 16 9 0 12 0 0 0 0 0 0 6 
0 6 16 0 0 2 8 0 15 4 0 14 1 0 10 9 
0 14 7 2 4 0 0 0 0 1 0 0 15 0 16 13 
0 0 0 0 0 10 2 0 16 0 5 0 0 3 13 0 
0 2 0 0 0 0 0 7 13 0 0 1 0 5 0 0 
0 11 0 0 0 13 0 0 0 10 6 0 0 0 9 15 
16 0 13 0 0 0 0 8 0 0 2 9 12 14 6 0 
6 7 14 10 0 0 0 1 0 13 0 2 3 4 0 0 
0 3 0 0 14 0 0 0 11 0 15 10 0 0 0 0 
15 16 8 1 0 0 0 0 14 0 7 0 10 0 0 5 
0 0 2 0 9 6 0 0 0 16 1 3 0 0 0 14 
