0 0 0 0 0 13 19 18 24 0 0 3 0 14 22 0 0 25 0 23 5 0 0 10 9 
8 18 15 5 14 16 3 9 0 2 10 17 0 0 6 13 19 0 22 4 23 12 24 0 0 
0 0 0 0 2 0 14 0 0 7 23 0 0 0 9 17 5 0 0 0 0 0 20 19 22 
0 9 23 0 0 22 15 0 20 1 0 0 18 4 0 12 10 0 2 24 13 8 0 0 0 
0 12 24 20 10 0 25 4 5 0 0 7 0 0 13 16 8 0 18 9 0 3 6 15 17 
15 25 22 14 21 5 1 24 7 8 0 2 19 0 23 0 0 0 3 0 0 0 0 0 0 
0 0 17 18 0 19 0 11 0 23 0 0 0 1 8 15 0 24 0 0 3 0 0 0 0 
0 13 3 2 0 6 4 0 9 17 18 0 24 10 12 0 0 0 0 0 21 0 25 0 11 
0 19 0 0 24 0 0 13 0 18 0 0 0 16 0 0 0 2 0 0 0 0 0 8 0 
0 4 0 6 1 25 21 12 0 0 0 9 0 7 0 5 13 19 14 10 15 0 0 23 18 
2 5 0 0 0 0 0 14 19 0 0 15 6 8 0 0 11 0 16 3 10 21 18 24 12 
19 24 13 0 0 0 23 0 12 20 9 25 5 22 0 10 0 0 0 0 8 11 0 6 0 
0 6 18 0 0 21 10 0 22 3 20 16 0 2 0 1 24 13 9 19 17 5 0 14 0 
0 10 14 1 0 24 0 2 18 9 0 0 0 23 0 7 0 0 0 0 22 0 13 0 20 
4 17 0 8 23 15 5 16 11 0 0 0 3 0 14 0 0 21 6 20 2 1 0 9 19 
0 0 0 0 0 0 2 0 0 4 1 0 22 0 0 20 0 0 0 0 7 14 8 5 0 
5 2 6 4 0 9 16 10 0 24 0 8 23 25 0 0 21 0 19 1 0 0 17 12 0 
0 14 21 7 18 0 12 19 0 0 13 0 4 17 16 0 3 5 10 25 0 22 0 0 2 
0 8 16 10 12 20 7 0 0 0 15 24 0 5 0 9 23 0 4 0 0 0 0 0 21 
24 15 20 23 17 0 18 5 1 14 12 6 21 0 19 2 7 0 13 8 0 0 9 4 0 
10 22 5 25 13 0 0 1 0 0 16 0 0 11 4 0 0 0 0 0 0 20 0 0 6 
0 20 11 0 0 0 0 22 17 0 2 0 25 0 3 6 4 16 5 13 24 0 10 0 1 
0 0 1 0 6 7 24 0 0 0 0 13 8 15 20 3 25 10 0 2 0 9 0 22 0 
17 3 0 0 0 0 0 0 6 0 0 1 0 21 24 0 22 20 0 0 0 0 0 0 0 
12 23 2 0 0 3 13 20 0 10 6 22 9 0 0 0 0 8 1 7 0 17 11 0 4 
