0 0 0 0 15 0 0 0 11 9 16 19 0 0 0 18 0 0 20 0 7 6 5 23 0 
0 18 1 0 9 10 0 0 3 6 12 4 7 22 0 0 0 25 11 23 17 20 16 21 14 
0 3 0 10 14 0 15 0 16 12 0 0 0 20 0 22 8 0 0 19 25 0 0 0 0 
22 0 12 16 23 0 0 0 4 14 0 0 0 0 11 21 10 0 5 24 0 0 3 0 0 
7 13 0 19 20 0 0 0 22 5 0 15 0 0 6 0 16 0 1 3 10 0 4 2 0 
0 0 3 11 1 19 4 10 0 15 0 18 0 0 7 0 20 23 0 2 8 0 25 0 13 
0 4 21 0 8 0 23 9 24 0 14 20 0 19 0 0 0 0 3 0 0 1 0 0 15 
24 15 22 0 0 13 0 0 12 20 9 2 0 23 0 25 0 0 19 16 3 4 10 11 0 
5 0 0 0 10 16 0 11 21 0 1 0 3 4 13 24 0 0 9 0 18 22 0 20 23 
23 0 13 20 0 6 3 18 0 0 24 0 0 0 0 4 0 12 0 1 0 0 17 0 0 
0 0 8 1 0 17 2 12 0 10 0 0 0 0 0 15 24 5 0 25 0 0 0 19 11 
18 0 0 0 0 3 21 14 0 24 25 13 0 5 15 1 23 11 17 0 0 0 0 8 6 
12 19 0 0 3 0 0 0 1 7 2 10 16 0 0 20 13 22 0 4 14 0 0 24 0 
11 0 15 13 21 8 19 4 0 0 18 0 20 1 14 0 2 0 0 0 0 0 9 0 25 
10 0 0 14 2 15 11 22 0 0 3 6 23 0 0 16 0 0 8 0 0 13 0 0 0 
0 11 17 0 7 0 9 0 0 1 0 8 10 2 22 0 4 24 0 0 16 19 0 0 0 
0 0 0 2 12 4 0 8 6 0 15 16 0 0 0 0 0 20 7 5 0 11 22 1 18 
0 0 24 0 4 11 10 25 0 23 0 7 13 14 19 0 9 0 0 0 6 17 21 0 0 
16 0 23 0 0 12 22 0 2 0 4 0 11 18 17 10 1 0 0 0 5 8 0 15 7 
0 22 0 3 0 14 16 24 7 0 0 0 1 6 0 8 0 17 0 11 9 2 0 0 10 
0 20 0 18 11 22 0 7 8 13 10 0 15 25 4 0 19 16 12 21 24 5 0 6 17 
0 0 5 21 0 0 0 0 0 2 0 0 0 0 0 0 0 13 4 0 0 7 20 10 12 
0 8 0 22 0 0 0 5 0 0 19 0 0 3 18 7 6 1 24 20 0 25 23 14 16 
0 0 16 23 0 20 6 0 0 3 0 14 12 0 5 0 11 9 25 18 19 0 0 0 4 
0 0 19 4 0 24 0 16 14 11 0 21 6 7 20 23 5 2 10 0 13 0 0 0 9 
