24 13 0 0 22 0 18 0 0 1 0 0 0 0 0 0 2 5 23 4 0 0 0 0 7 
3 19 10 23 8 9 13 15 11 4 20 0 0 0 24 25 12 18 0 6 0 21 0 16 14 
0 12 2 18 0 0 20 0 24 0 0 13 9 0 10 22 0 21 1 16 0 19 6 3 5 
1 0 11 0 0 5 14 0 12 21 2 15 0 7 0 0 0 19 8 10 9 24 22 0 0 
5 0 0 0 0 0 0 0 0 22 1 23 4 0 0 24 9 11 20 14 0 0 0 17 0 
0 0 7 0 15 22 19 0 0 12 4 14 0 23 0 11 0 0 10 9 1 0 24 21 0 
0 0 0 0 9 10 0 20 13 0 0 0 0 0 0 0 0 2 25 12 14 0 0 0 6 
11 1 0 2 23 4 3 0 21 15 0 0 0 0 22 20 14 0 24 0 17 16 0 10 0 
0 21 0 13 0 14 0 9 0 0 0 5 2 11 0 0 0 0 0 23 8 0 0 19 22 
0 0 0 0 0 24 16 0 7 2 0 19 0 12 6 0 0 8 0 1 5 0 11 0 9 
0 2 8 16 19 21 24 0 0 13 22 20 14 0 0 0 0 0 0 0 7 0 0 0 4 
7 6 0 0 20 16 15 0 1 0 0 0 17 21 8 18 4 10 14 0 0 25 23 22 0 
21 11 0 0 0 0 0 0 0 0 0 1 3 0 0 0 22 16 5 13 0 9 0 0 15 
25 0 18 0 5 2 0 0 0 3 13 0 6 4 0 0 17 0 21 7 11 1 16 24 8 
0 0 15 0 0 6 7 25 4 0 5 16 0 24 0 0 0 9 12 0 0 14 0 2 0 
0 0 0 10 7 11 0 24 0 0 0 18 16 1 19 0 0 0 17 0 15 0 2 9 20 
2 0 0 11 1 18 0 19 14 9 0 0 0 0 0 0 6 23 0 8 24 5 17 25 13 
15 4 25 24 6 0 0 17 0 0 23 0 0 13 5 0 19 22 9 3 12 0 0 1 21 
9 3 17 14 12 1 0 0 15 0 7 4 0 22 2 13 10 20 0 5 0 6 0 8 11 
19 18 0 0 0 0 5 0 22 7 9 6 0 0 0 0 0 0 2 0 23 0 0 14 3 
0 23 0 15 11 0 0 4 8 0 0 0 0 5 18 9 25 1 13 0 22 7 0 6 0 
14 8 1 22 4 13 0 0 0 20 17 11 0 15 0 0 0 0 0 21 0 0 25 0 0 
0 9 0 6 13 7 0 0 16 25 8 12 0 0 0 5 23 14 19 22 10 15 18 20 24 
18 0 24 5 0 15 21 3 0 14 16 25 22 19 0 12 20 0 0 2 13 8 0 23 17 
0 0 0 0 2 17 0 22 5 0 0 0 0 14 13 8 16 7 15 18 0 0 0 0 1 
