0 0 0 7 0 16 14 0 0 0 0 8 5 4 0 9 
0 0 14 0 0 3 6 0 16 9 1 0 0 0 10 11 
0 0 13 16 9 0 12 15 10 0 0 6 3 0 0 0 
8 0 12 0 2 0 0 0 0 11 0 0 0 1 0 15 
9 0 15 13 0 0 0 6 0 16 0 0 2 0 5 0 
12 0 16 4 3 0 0 2 0 10 0 5 0 9 8 0 
0 0 1 0 4 0 16 0 0 15 6 13 14 7 0 0 
0 2 5 11 0 0 0 0 0 7 9 3 0 0 15 4 
14 0 0 1 0 0 9 0 11 0 10 2 8 0 0 0 
0 12 2 0 0 1 0 14 7 6 0 4 15 0 9 10 
0 0 0 15 13 2 8 10 0 0 0 9 4 6 3 14 
4 0 9 0 6 0 11 0 0 0 0 14 0 0 1 0 
11 5 0 14 0 0 0 0 0 3 0 10 12 0 0 0 
0 0 4 10 14 7 0 9 0 12 2 11 1 0 16 3 
2 0 0 0 0 0 4 12 8 0 0 0 0 14 13 7 
0 0 0 12 15 6 0 0 13 0 0 0 11 10 4 5 
