20 0 23 8 0 0 14 0 0 0 0 0 19 1 11 0 0 5 24 18 13 0 17 4 0 
17 13 14 0 0 0 0 10 0 18 23 15 0 0 0 0 11 4 0 0 9 0 0 0 0 
15 5 18 7 19 16 12 0 0 4 0 0 8 0 14 0 23 9 21 6 25 24 0 1 3 
21 9 0 12 11 25 13 24 1 17 3 0 0 0 0 0 8 22 19 0 0 15 0 0 23 
0 4 24 0 25 23 8 22 6 0 2 9 18 12 7 13 10 0 3 0 14 0 0 11 20 
0 15 0 0 21 22 2 0 8 0 0 0 0 0 0 0 18 13 0 0 5 17 0 3 0 
23 2 6 20 0 0 0 1 0 7 13 0 0 0 0 0 22 11 4 5 16 0 18 0 25 
0 11 17 0 0 0 20 18 0 0 6 1 0 22 0 19 0 3 0 2 0 13 10 0 0 
0 22 16 10 3 0 25 21 4 19 5 0 24 18 8 15 20 6 14 0 2 0 0 0 0 
0 0 25 5 12 3 9 16 0 0 0 0 2 17 0 24 0 0 10 1 23 22 14 6 15 
2 12 7 15 1 5 4 6 14 0 17 0 3 0 25 9 24 19 11 0 22 10 13 23 0 
8 0 21 6 9 1 0 0 0 0 19 16 7 0 15 10 14 0 0 0 4 0 0 0 2 
16 0 0 0 0 20 0 0 9 0 11 18 0 4 1 0 0 7 12 8 0 25 0 0 5 
10 14 0 23 4 0 0 0 25 12 0 0 22 0 9 16 5 0 0 0 3 7 0 21 6 
25 18 0 11 20 0 0 0 7 0 0 10 23 0 12 0 13 2 0 0 0 0 0 0 0 
0 0 0 17 5 4 0 7 22 8 0 0 10 14 0 0 9 0 1 0 21 16 0 0 24 
0 21 0 0 16 9 24 13 0 11 0 0 0 0 6 0 0 0 0 20 0 4 3 25 0 
12 1 13 0 7 18 17 19 0 0 20 0 4 0 0 21 0 0 0 0 0 14 0 0 0 
0 6 0 14 10 12 0 0 21 25 16 0 17 19 0 0 0 0 7 13 20 18 0 15 1 
0 24 3 18 0 0 1 0 0 0 21 25 9 0 13 8 0 17 0 10 6 23 11 0 22 
14 0 9 0 0 6 16 0 17 22 0 0 0 15 23 0 7 10 13 0 11 5 4 24 0 
6 0 0 19 0 10 5 25 0 0 9 4 13 3 17 0 1 21 18 22 0 0 23 0 7 
5 0 4 24 0 0 0 9 0 21 12 22 25 0 0 0 17 20 8 0 0 0 6 0 0 
22 20 0 21 13 8 0 0 18 0 1 0 11 10 0 5 0 23 0 16 17 0 9 2 14 
0 0 0 0 0 13 0 20 23 1 0 5 14 0 0 0 0 12 9 24 0 0 0 0 0 
