13 0 0 0 14 0 23 0 1 20 7 3 16 9 6 8 22 4 10 11 0 0 0 18 25 
0 0 25 3 2 8 0 10 0 11 13 0 4 22 0 6 0 21 0 0 14 0 16 7 15 
10 21 16 17 11 4 0 14 19 0 0 0 12 5 0 25 7 1 15 20 0 6 13 0 9 
0 7 12 8 23 0 0 21 6 0 14 0 10 0 0 3 17 16 2 0 0 19 22 0 0 
18 0 0 0 15 16 0 7 2 24 0 20 0 0 21 12 13 14 23 0 0 3 0 0 11 
14 17 0 0 16 2 10 0 0 21 12 0 24 0 0 23 20 0 7 0 0 15 1 11 0 
4 3 0 0 0 15 0 1 0 16 18 22 5 0 0 0 8 12 0 25 10 24 0 0 14 
7 23 8 0 20 0 0 6 12 14 16 1 0 10 0 5 0 18 3 0 9 0 25 22 19 
19 1 11 21 24 0 25 23 0 4 9 8 15 0 17 16 0 6 0 22 7 0 20 0 0 
0 0 13 0 10 0 0 8 0 0 20 0 0 0 3 0 15 17 0 0 0 18 0 21 16 
8 24 0 0 0 0 21 11 0 0 10 14 18 0 0 15 12 0 4 0 19 0 0 16 20 
20 25 23 13 0 7 1 22 14 0 24 17 6 0 0 19 18 2 0 3 0 0 10 8 0 
0 2 10 7 17 24 0 18 8 0 0 4 25 0 9 11 0 0 0 1 0 14 23 0 0 
15 16 0 11 0 20 19 0 10 23 22 0 1 12 0 0 0 0 0 8 2 9 0 0 0 
0 0 19 4 0 9 2 0 17 0 0 0 0 0 7 0 23 0 20 14 21 0 24 15 18 
0 0 0 0 0 5 0 12 13 0 0 0 0 3 22 4 0 0 0 0 15 0 0 14 10 
0 4 0 5 0 0 0 0 0 22 0 6 11 18 0 14 25 0 0 0 0 23 21 1 24 
0 0 0 1 25 0 0 19 4 0 0 0 0 0 0 18 0 8 17 12 0 0 9 20 0 
0 10 15 0 0 23 0 0 16 2 1 0 13 4 24 20 9 3 5 0 8 0 0 0 0 
6 18 7 0 0 0 14 0 0 15 21 0 0 16 0 2 1 0 0 0 3 5 0 12 4 
23 8 2 9 4 14 0 25 0 10 5 12 7 0 13 0 3 0 0 0 11 0 0 0 21 
17 13 0 0 0 1 0 5 21 8 0 18 22 19 11 0 14 0 25 0 0 0 0 0 2 
25 11 0 16 0 0 4 2 0 9 23 0 20 24 14 7 6 0 0 21 18 0 0 0 17 
24 0 0 10 7 6 11 0 22 0 0 0 2 0 8 17 19 9 12 4 0 0 0 0 23 
0 14 18 0 6 12 0 0 23 0 4 15 0 21 0 0 0 0 0 0 0 10 0 13 0 
