2 6 0 0 0 0 5 12 0 0 0 0 10 9 14 3 
0 0 0 0 0 2 0 0 8 7 0 0 0 12 13 0 
12 7 13 8 0 0 0 15 0 3 11 6 5 2 0 0 
5 0 3 0 13 0 6 0 2 0 0 12 0 0 0 0 
0 5 16 1 2 0 8 13 7 9 3 15 11 4 12 0 
15 0 0 9 11 0 7 0 10 0 0 0 6 1 2 0 
0 13 4 7 15 0 1 9 5 0 2 0 0 0 8 0 
0 2 0 11 0 0 3 16 0 0 0 0 0 7 15 0 
4 16 0 0 5 6 13 0 14 0 0 1 2 0 0 0 
10 0 2 0 12 3 15 0 6 5 13 0 0 0 7 0 
0 11 1 0 0 0 0 0 0 8 0 9 4 0 0 15 
0 8 5 0 4 1 9 10 0 0 0 0 0 0 0 0 
3 0 0 0 1 0 0 0 13 10 0 2 14 0 0 8 
0 10 0 0 16 8 2 0 0 4 0 7 12 6 0 1 
11 0 0 5 14 15 0 7 16 0 0 0 3 13 0 2 
0 1 8 2 0 13 0 0 3 14 0 0 0 0 4 0 
