22 5 25 16 0 0 12 21 0 0 15 10 0 0 0 0 0 11 1 13 3 4 2 8 7 
11 1 23 24 20 0 25 4 17 0 0 0 0 0 0 0 12 0 18 0 6 19 9 0 0 
0 8 12 19 0 0 0 0 0 0 20 22 0 14 9 0 0 25 0 0 18 0 0 17 0 
9 15 10 3 21 1 5 16 19 0 11 0 6 0 0 8 0 2 14 0 0 23 12 0 0 
7 0 14 13 0 0 0 6 0 15 0 4 12 3 0 20 0 0 0 0 10 0 0 0 0 
19 0 20 0 0 0 0 2 0 0 16 0 11 6 0 7 0 24 15 8 0 3 0 23 0 
15 0 0 7 14 0 24 23 16 0 18 19 20 0 0 0 0 0 13 11 9 8 4 0 12 
21 0 2 4 0 0 0 18 12 0 0 8 15 17 1 19 10 0 20 0 11 24 22 7 16 
6 0 24 11 3 0 15 0 0 1 25 0 0 0 2 23 4 16 17 22 0 10 0 20 18 
0 0 0 0 25 10 11 20 7 0 0 0 0 0 24 12 14 0 5 18 17 6 15 13 0 
0 6 0 23 0 24 14 12 18 2 0 0 22 11 0 0 0 0 0 17 4 5 19 16 0 
0 0 5 15 0 11 0 0 0 21 0 14 0 12 17 0 3 0 19 20 0 0 18 24 8 
0 0 13 0 24 0 0 0 0 0 0 0 8 0 0 14 18 4 0 7 22 9 0 0 0 
17 3 19 0 22 0 16 8 0 0 0 5 0 0 0 0 11 1 21 0 25 7 14 0 0 
1 0 18 0 7 0 4 0 22 25 19 0 13 24 20 16 5 12 0 0 0 11 0 3 6 
0 0 15 9 1 0 13 22 0 0 4 6 19 10 3 0 0 7 16 0 5 12 0 2 23 
0 23 7 0 0 21 0 3 0 11 0 0 0 0 0 0 24 8 0 0 1 0 0 0 0 
3 2 16 5 8 14 10 0 1 0 0 0 0 0 0 25 0 0 22 23 21 15 0 0 0 
0 20 17 25 18 0 7 0 0 0 0 1 0 0 0 0 0 5 0 12 0 14 3 4 10 
14 4 0 6 0 12 19 0 23 5 17 15 25 16 13 2 1 9 3 0 0 0 0 18 0 
8 0 0 14 0 6 2 25 20 0 13 11 5 0 22 4 0 17 7 0 23 18 10 0 0 
0 7 9 17 2 0 8 1 0 0 12 0 16 4 19 0 25 14 11 0 0 0 24 0 15 
5 16 0 0 11 0 0 0 0 12 0 23 0 0 25 13 8 0 9 6 0 2 0 14 0 
25 22 0 20 0 19 17 14 5 7 0 0 9 1 0 18 23 0 12 2 0 21 0 0 0 
23 0 6 21 0 16 18 13 0 0 0 7 17 0 8 24 0 20 10 1 12 0 5 9 4 
