18 24 0 0 0 0 23 0 0 0 0 0 21 25 11 0 0 0 8 19 0 1 7 0 0 
19 0 5 17 0 0 0 0 0 25 0 0 0 23 20 6 0 10 24 3 0 9 8 4 2 
2 14 0 0 23 0 11 7 0 0 0 0 18 22 0 21 25 0 9 20 0 6 3 15 0 
8 3 1 9 10 0 4 0 21 2 17 12 6 16 0 0 0 0 0 7 25 0 0 18 23 
21 0 6 15 25 8 0 14 0 0 4 9 0 0 0 0 23 2 12 0 0 5 22 16 11 
7 1 0 0 16 0 22 0 17 0 18 0 2 5 0 0 0 12 0 21 6 20 0 8 0 
9 5 17 0 6 21 7 0 0 20 19 24 0 0 3 11 15 13 25 0 0 0 0 0 18 
14 23 0 18 0 15 1 0 0 0 21 0 17 0 0 0 22 0 5 24 7 16 0 3 0 
11 0 0 10 21 0 0 0 3 19 16 0 15 0 0 0 0 0 0 14 23 24 4 5 13 
15 0 4 12 0 0 18 2 24 0 14 6 7 0 9 8 0 0 23 16 0 0 0 17 0 
0 6 9 24 0 0 3 21 19 0 0 0 0 0 18 0 2 14 4 15 13 22 5 20 0 
12 10 0 16 20 0 24 0 0 8 5 17 4 0 0 9 0 19 0 0 0 11 0 0 0 
25 0 0 0 17 7 13 0 11 10 24 15 9 0 16 0 0 0 0 22 4 8 2 6 12 
0 18 0 0 1 0 12 23 22 6 25 11 0 14 0 24 0 0 0 8 0 3 0 7 0 
0 0 22 0 15 16 9 0 0 14 6 0 0 0 12 17 3 11 0 5 10 0 24 0 0 
0 25 0 0 0 12 10 4 0 11 20 14 16 17 0 0 0 5 18 0 0 0 19 21 3 
20 12 0 6 0 0 14 17 16 24 0 0 0 0 25 0 19 0 11 0 0 13 0 0 0 
10 0 21 14 24 0 15 3 0 23 0 22 8 18 0 25 0 0 0 12 5 17 6 0 0 
5 0 0 22 4 1 6 20 8 21 2 0 12 15 0 10 14 7 0 0 16 0 0 0 0 
0 17 15 19 18 22 5 0 0 0 10 0 23 4 24 1 8 0 21 6 11 0 0 0 0 
0 4 0 0 14 0 20 0 0 0 0 5 0 0 0 13 21 9 0 0 0 0 16 22 19 
24 15 0 0 2 4 8 19 0 0 13 18 0 6 21 0 0 0 22 10 20 14 0 11 7 
22 13 12 7 0 0 0 15 0 0 23 4 11 2 1 19 0 0 20 18 0 25 0 24 0 
17 19 20 11 9 24 2 0 7 0 0 16 0 10 0 5 0 6 15 0 0 0 21 23 0 
6 16 0 0 0 23 17 0 0 0 12 20 19 9 0 14 0 0 3 0 1 0 0 2 5 
