9 16 0 5 14 0 23 0 21 22 0 0 18 0 15 4 0 0 0 17 12 0 0 0 25 
24 0 0 0 11 6 0 0 8 15 7 0 0 0 0 0 0 0 0 18 0 22 21 0 19 
22 8 10 0 6 19 9 7 0 11 13 0 0 24 0 16 25 0 0 15 0 0 5 2 3 
18 0 12 2 25 13 5 0 0 14 0 3 0 19 4 0 0 0 22 0 20 0 0 0 15 
0 3 4 0 15 10 0 20 1 0 0 11 0 5 6 0 0 12 0 2 0 17 0 18 0 
1 0 25 0 0 0 6 9 11 0 0 0 3 0 13 17 16 0 23 0 19 0 4 22 0 
13 12 9 0 18 22 0 14 10 0 4 0 11 23 0 19 0 0 0 25 0 0 8 0 0 
0 0 11 0 17 1 7 0 0 0 24 18 0 0 8 12 0 14 0 0 2 0 15 0 16 
0 14 0 0 16 5 0 23 0 0 0 6 0 0 25 22 8 11 0 7 21 9 13 24 18 
0 0 0 3 0 0 0 0 13 0 5 19 2 0 9 6 0 1 18 0 0 10 12 14 17 
3 17 16 22 9 7 14 0 24 5 0 1 15 0 0 20 0 23 8 12 0 0 0 0 0 
25 24 1 14 0 17 0 0 0 0 0 23 0 0 11 5 18 0 4 16 9 7 19 6 0 
12 0 5 0 7 8 0 0 4 0 10 25 20 0 17 14 0 0 21 6 0 0 0 0 23 
11 4 0 8 10 0 0 0 0 20 0 21 0 7 14 0 0 3 0 0 25 0 0 5 12 
0 0 0 13 0 9 1 15 0 0 0 0 5 0 12 25 10 0 17 11 0 14 18 16 20 
20 0 0 25 12 2 0 0 0 0 0 17 24 0 7 18 11 0 0 0 0 13 14 0 10 
0 19 14 0 0 0 0 0 7 0 2 10 23 0 21 8 12 16 0 20 15 25 22 11 0 
10 6 7 23 1 0 22 0 0 19 12 9 0 3 18 0 0 0 0 0 8 4 0 17 21 
0 0 24 0 21 14 0 10 0 8 11 13 19 20 0 7 0 0 6 0 3 18 0 0 2 
0 13 17 11 0 12 0 18 9 23 0 0 1 14 22 0 0 10 25 3 0 19 0 0 0 
14 25 21 12 22 16 0 0 0 0 20 8 4 11 0 2 1 9 0 19 17 0 7 15 13 
0 23 8 9 0 21 19 0 22 1 25 15 7 13 0 0 4 18 16 0 14 12 2 0 0 
15 20 0 0 0 0 0 0 0 10 18 5 21 9 0 0 0 0 12 22 1 8 0 0 11 
0 10 3 0 0 20 2 0 0 7 23 22 0 0 0 11 15 17 0 0 18 0 16 0 9 
0 11 18 1 4 15 13 12 0 0 19 0 6 17 0 0 0 20 0 8 23 0 25 0 22 
