0 4 0 0 0 0 0 16 0 10 13 12 15 0 1 11 
0 0 0 1 2 10 11 8 4 0 15 9 14 12 0 0 
0 0 0 0 0 14 0 0 8 0 0 0 4 16 0 3 
11 3 5 0 0 0 0 0 0 6 0 16 0 0 9 0 
0 9 0 0 0 12 0 0 13 0 10 14 6 0 16 7 
12 0 14 0 0 1 0 13 0 8 3 15 0 11 2 0 
0 8 3 0 0 0 0 0 0 0 12 0 5 0 14 1 
2 11 13 0 0 5 0 3 0 7 9 4 10 15 0 12 
0 0 0 13 14 0 0 6 3 1 5 0 12 2 0 0 
0 14 10 12 0 8 2 0 0 4 6 13 0 9 0 16 
5 6 16 0 13 9 12 7 0 14 0 8 0 0 0 15 
3 7 0 11 15 4 10 1 0 12 0 0 0 14 5 0 
0 16 0 0 7 6 0 0 0 0 0 0 0 0 0 0 
13 0 12 0 0 0 1 0 0 0 8 6 0 5 0 0 
6 0 0 0 12 2 5 9 0 0 14 3 0 0 0 0 
0 10 11 3 8 0 13 14 0 15 0 5 0 0 6 0 
