0 0 0 7 0 0 0 10 5 0 13 4 15 0 0 3 
0 0 15 0 3 14 0 0 0 9 1 6 0 0 0 0 
0 12 13 6 5 0 0 0 2 3 7 14 0 8 0 0 
0 0 0 0 7 4 6 0 15 16 10 8 9 0 11 2 
0 0 0 0 0 0 0 0 16 15 0 11 12 0 0 0 
0 0 2 9 16 0 0 0 13 8 3 12 0 1 5 4 
16 0 0 0 8 0 2 5 9 14 0 0 0 10 0 11 
1 0 0 0 0 15 12 0 7 10 0 5 8 0 13 0 
7 8 3 11 13 9 0 6 0 1 0 0 10 0 0 0 
0 0 4 14 0 7 0 0 3 0 0 10 0 0 0 0 
6 0 0 0 11 1 14 0 8 2 0 0 13 4 0 0 
0 16 0 0 10 5 4 0 0 13 11 15 0 0 0 0 
4 11 0 16 14 6 0 0 0 5 12 3 0 15 0 7 
2 0 6 0 1 10 3 0 0 0 8 13 16 5 9 0 
0 0 9 0 15 0 0 0 14 7 0 2 11 13 0 6 
5 13 7 0 4 0 0 0 10 0 0 9 0 0 8 0 
