0 0 6 14 0 2 0 0 0 0 23 17 0 15 4 0 8 24 22 1 16 19 0 18 11 
24 19 0 5 16 0 18 14 12 0 0 0 13 20 0 0 25 23 0 6 10 0 0 0 0 
0 0 21 15 0 24 0 0 23 0 0 1 16 0 0 10 18 0 0 13 8 0 9 6 5 
8 22 0 0 0 9 0 15 0 0 0 14 18 25 11 16 0 2 0 21 0 0 0 23 24 
3 2 18 9 23 19 0 5 0 0 8 0 6 7 10 15 12 0 11 0 21 0 25 0 22 
0 11 14 0 0 23 0 0 9 21 25 0 0 8 13 17 0 3 16 5 22 4 0 1 18 
0 3 4 23 22 25 15 18 1 0 0 19 2 12 0 0 7 13 24 14 0 21 0 0 0 
18 0 12 7 13 6 0 19 0 2 24 15 0 0 0 0 21 0 9 0 0 0 3 0 23 
0 1 0 16 0 7 17 0 22 3 0 20 0 11 0 12 0 10 0 2 0 24 14 25 15 
17 0 9 0 0 11 20 16 13 14 0 0 1 23 0 0 15 4 25 8 7 6 0 5 0 
0 0 2 20 0 5 0 9 11 7 0 0 15 0 12 21 10 0 0 0 24 0 22 0 0 
21 8 0 0 0 20 3 1 0 0 0 23 17 2 0 22 16 0 5 4 6 0 0 12 10 
10 4 0 0 0 0 19 22 0 8 13 0 25 21 0 0 0 11 0 20 15 18 0 16 0 
0 0 5 0 0 0 0 0 0 15 20 6 24 10 0 25 0 14 0 23 3 7 0 8 0 
15 24 0 0 0 10 23 6 0 4 0 11 0 22 0 0 1 9 0 0 2 20 5 0 17 
7 0 0 0 19 0 24 0 5 11 17 0 0 13 16 0 2 21 10 0 0 8 1 4 0 
0 0 0 22 1 0 6 23 0 0 0 0 0 4 20 0 3 0 0 0 0 0 18 0 14 
2 12 23 0 4 1 14 0 0 0 5 25 0 0 0 24 13 0 8 0 11 22 0 0 20 
13 0 0 25 21 18 22 20 3 9 0 0 10 1 8 14 0 0 0 19 5 0 0 0 0 
11 0 0 8 18 0 21 0 19 12 0 0 14 0 0 0 22 1 20 15 25 9 16 7 13 
23 9 13 10 5 22 0 0 0 0 15 8 11 16 0 2 14 0 21 0 0 17 6 3 25 
0 6 0 0 0 16 9 0 0 0 14 2 23 5 0 8 0 0 1 24 0 15 11 10 0 
0 7 25 0 0 17 5 0 0 18 0 0 20 9 24 0 11 16 15 12 14 23 0 22 0 
0 0 17 0 0 14 11 8 25 0 7 22 3 0 0 0 9 0 0 0 18 0 24 0 12 
14 0 0 0 24 0 0 0 0 0 10 4 0 0 0 0 20 0 13 22 0 5 0 0 0 
