6 0 16 10 1 0 5 0 2 12 0 9 0 0 3 0 
0 0 0 0 3 0 7 4 13 0 14 0 9 0 5 15 
0 9 13 5 0 0 0 0 0 10 0 0 0 7 0 0 
12 0 0 0 9 0 0 10 0 0 0 4 2 16 0 6 
0 6 0 0 0 0 0 0 0 11 10 0 13 0 0 0 
9 0 0 11 0 0 10 3 4 0 0 5 0 12 0 14 
0 10 12 4 0 0 11 2 0 14 8 0 3 15 0 1 
13 16 8 3 14 0 0 0 0 1 0 0 5 0 0 2 
0 0 14 15 0 8 0 16 0 3 11 0 0 0 0 10 
16 0 0 0 0 5 0 0 0 13 12 0 1 14 2 11 
5 0 7 6 0 0 0 12 1 4 0 14 16 0 8 3 
10 3 0 13 4 0 14 1 0 7 0 8 0 6 0 5 
3 14 9 0 0 0 15 11 10 16 0 0 0 0 13 0 
0 7 15 0 0 0 0 0 0 0 3 0 10 5 4 0 
8 13 6 16 10 0 0 0 14 2 4 0 7 3 0 9 
4 0 10 0 16 3 0 9 0 0 0 0 14 0 15 0 
