0 0 0 15 11 0 16 3 0 0 10 0 12 0 9 4 
0 0 0 2 0 0 15 0 6 0 5 8 10 14 0 0 
12 0 10 0 0 5 9 0 0 0 0 0 7 2 0 3 
16 9 0 0 0 0 0 2 0 11 0 12 0 6 5 0 
0 0 0 4 0 16 3 0 0 0 0 0 0 12 0 6 
6 15 11 0 0 2 0 8 5 13 9 0 0 0 10 7 
0 14 5 16 0 0 0 0 0 12 6 3 2 0 0 8 
0 0 12 13 7 0 0 6 0 16 1 14 11 0 0 0 
9 0 8 5 10 3 6 0 15 1 0 0 16 0 14 2 
0 0 7 0 0 0 14 0 0 0 0 0 5 1 8 15 
14 0 0 0 5 7 2 0 11 0 0 0 0 0 12 0 
0 0 0 10 1 0 0 0 9 0 0 5 6 3 7 11 
15 0 0 0 2 0 5 16 0 0 0 9 0 7 3 0 
0 16 0 12 9 6 13 15 3 5 7 0 0 0 2 14 
13 0 0 9 3 0 7 10 0 0 4 0 0 0 0 0 
8 0 0 11 4 0 0 14 0 2 15 13 9 5 6 10 
