21 24 0 15 0 0 16 11 0 18 3 2 0 13 12 7 5 6 14 0 9 20 0 0 22 
20 4 0 0 10 0 0 0 12 17 6 5 0 11 19 15 22 9 18 13 24 8 0 23 0 
14 5 0 7 0 4 0 0 0 9 0 22 16 0 23 21 8 17 19 0 0 0 12 0 0 
8 25 0 0 23 0 19 0 0 0 15 17 0 0 14 12 10 0 0 1 0 11 13 0 0 
6 0 19 18 12 8 7 0 5 2 10 1 20 4 0 0 24 0 23 11 14 16 0 15 17 
0 0 0 4 0 0 5 0 0 0 0 0 0 0 16 0 7 0 25 0 21 10 22 24 0 
9 0 0 0 0 22 2 17 8 6 0 0 0 3 0 1 20 4 12 0 0 0 0 11 23 
0 17 0 10 0 20 14 4 24 23 0 6 0 0 0 0 0 0 11 15 2 18 16 3 0 
25 0 0 8 5 0 10 0 0 0 0 23 0 14 0 18 3 24 21 0 0 7 17 0 0 
0 6 0 0 0 11 25 21 0 0 0 8 24 22 18 0 17 2 5 10 1 12 14 13 0 
2 9 0 20 0 10 13 8 22 14 0 12 18 0 0 24 11 21 4 16 25 0 23 0 0 
22 3 4 0 0 0 0 24 0 0 16 0 0 0 25 0 18 0 0 17 15 13 5 8 0 
12 16 0 23 0 25 21 0 0 0 2 0 13 0 24 20 0 14 9 5 0 4 3 10 11 
0 1 14 5 13 0 0 3 0 15 0 0 4 0 0 0 0 10 22 0 0 0 0 18 7 
0 19 24 0 18 5 0 1 0 4 0 0 21 7 0 13 0 0 8 0 16 2 9 20 12 
0 15 6 22 4 19 3 0 20 0 0 13 12 18 8 0 0 7 0 0 23 24 0 14 0 
16 0 5 0 14 24 0 0 13 12 0 25 0 9 0 0 19 22 3 20 0 0 18 21 0 
0 10 0 0 8 15 22 7 0 21 20 0 23 0 0 14 4 0 0 9 0 0 25 0 0 
0 7 18 9 0 1 11 25 0 16 14 0 17 0 10 0 21 0 15 8 0 19 20 0 13 
19 0 0 0 25 0 0 23 0 0 24 0 3 15 0 6 0 11 13 0 7 9 0 4 0 
23 0 0 14 19 0 0 0 0 0 0 18 22 10 0 11 0 8 1 21 0 3 0 0 24 
0 0 0 0 0 0 17 15 21 0 0 24 0 25 1 5 12 13 2 0 0 0 0 0 0 
0 2 25 1 0 7 20 19 4 11 0 21 0 0 0 22 9 0 0 0 13 0 0 12 15 
18 13 22 0 15 0 24 10 23 1 0 0 0 8 2 0 0 20 0 7 0 5 6 0 0 
0 12 0 0 0 0 18 5 2 8 7 0 15 20 0 0 0 0 0 23 19 22 1 16 0 
