25 0 0 5 0 0 6 0 20 0 17 23 0 0 4 24 0 0 0 14 0 1 0 22 15 
13 12 16 3 23 4 0 24 14 1 0 15 10 0 0 19 0 21 20 0 25 18 7 5 0 
22 19 9 15 0 2 8 5 0 21 0 0 12 1 0 17 4 23 0 18 6 0 10 0 3 
4 0 6 24 8 19 9 0 0 0 0 0 21 25 0 0 0 0 15 22 2 11 12 14 0 
0 0 21 11 0 0 16 7 15 0 0 0 0 0 13 0 6 0 2 3 23 0 0 17 20 
5 0 0 18 0 0 20 16 0 6 19 0 0 0 7 1 23 24 0 0 10 0 4 8 11 
16 0 0 4 10 17 11 12 0 5 0 24 0 0 6 8 2 20 18 25 7 15 0 19 0 
0 0 11 21 25 22 0 0 19 0 0 12 1 0 0 3 0 4 10 6 0 0 16 0 0 
0 0 0 0 7 0 15 0 3 23 0 0 0 10 0 11 0 0 0 16 0 25 2 21 6 
6 1 8 23 0 24 10 2 0 0 0 25 0 11 0 0 0 0 14 21 18 22 0 0 17 
24 0 25 0 0 10 23 20 0 9 0 3 0 19 0 6 0 0 21 2 0 8 17 4 0 
0 0 0 14 2 3 18 0 0 0 11 0 0 0 0 13 0 0 4 0 20 0 23 0 0 
7 4 23 17 11 6 0 19 0 0 10 18 0 0 0 0 3 0 0 0 0 9 0 0 0 
0 8 0 20 21 0 4 22 13 0 12 0 25 0 1 0 16 0 0 19 0 2 15 11 10 
3 6 19 16 22 8 25 0 0 11 23 0 2 0 0 0 20 0 0 0 21 13 0 18 7 
8 11 0 22 0 0 21 14 18 0 0 0 7 23 0 0 17 6 0 13 0 10 0 0 4 
21 14 20 0 24 0 19 17 11 0 0 13 3 0 12 0 18 7 0 4 0 23 9 15 2 
0 0 10 0 17 9 0 0 4 16 15 0 0 0 22 21 0 11 0 0 14 0 24 0 19 
19 0 0 0 9 13 1 6 0 8 0 10 5 0 17 16 14 15 0 0 11 7 20 0 0 
15 23 0 2 0 7 22 25 24 0 4 0 19 0 14 9 10 8 0 20 17 21 18 13 0 
0 0 0 0 6 0 0 0 8 14 20 1 0 0 25 18 21 9 0 0 22 3 19 0 5 
0 21 0 0 4 0 0 9 0 0 2 0 8 12 0 0 0 0 6 0 0 0 11 7 0 
11 0 14 0 5 21 7 4 2 20 0 16 6 0 23 12 22 3 1 8 0 0 13 10 18 
0 0 13 0 0 16 12 10 0 19 0 14 0 0 18 0 0 0 0 5 0 20 0 9 0 
0 16 12 9 0 0 0 1 0 25 0 21 11 0 10 20 0 14 0 7 0 24 6 0 8 
