0 0 0 8 24 15 0 0 0 10 16 5 0 0 1 0 12 0 23 13 19 0 14 0 0 
6 0 0 0 0 0 20 0 12 8 2 0 0 11 10 0 24 5 0 0 16 21 9 0 22 
16 1 23 5 18 0 9 21 0 22 24 4 0 0 25 0 20 0 0 0 13 0 0 0 10 
11 22 0 0 0 0 7 0 0 0 0 21 9 0 20 0 0 10 16 0 0 5 0 2 3 
10 4 0 2 0 13 6 5 17 16 0 0 19 0 8 14 21 0 0 0 24 0 15 0 0 
0 0 4 0 1 16 0 0 8 0 5 0 23 19 2 20 0 15 3 18 10 24 12 22 0 
0 24 0 6 0 22 5 20 18 2 0 12 0 0 0 10 23 0 1 0 14 0 0 0 19 
3 0 0 11 20 10 12 1 0 0 0 0 4 22 14 13 0 24 0 16 9 23 17 0 8 
8 18 0 23 5 17 0 0 9 4 21 0 0 0 0 19 0 0 6 22 15 0 16 25 20 
0 0 16 25 0 21 0 0 0 14 20 0 0 3 0 0 0 0 12 0 2 0 1 0 0 
0 25 0 21 0 20 0 0 2 0 4 0 12 0 16 0 0 0 0 0 0 18 23 0 24 
17 16 20 9 0 0 0 12 0 0 0 0 0 0 15 2 0 0 18 1 21 8 0 0 0 
0 0 22 10 11 14 17 0 21 19 0 2 7 18 9 0 3 0 0 24 0 20 0 1 12 
0 23 0 0 2 0 0 9 13 3 0 10 1 0 11 0 4 0 21 7 22 14 5 15 6 
0 0 0 4 0 0 15 0 0 6 19 22 21 0 3 12 0 11 10 5 17 9 13 16 0 
0 9 5 13 4 7 24 10 6 17 12 0 0 1 19 0 11 14 15 8 20 0 0 21 0 
19 15 8 12 10 11 0 22 0 21 9 0 0 0 0 5 1 25 0 2 0 0 0 0 13 
18 14 0 20 22 0 0 15 5 0 7 0 0 10 21 0 6 16 24 0 12 0 2 8 4 
24 0 0 0 7 0 0 3 0 0 0 0 6 4 23 21 10 18 13 0 5 22 19 0 17 
25 0 6 0 21 2 14 8 4 20 18 0 0 5 0 23 7 12 17 19 0 10 0 9 15 
0 0 0 0 0 6 0 17 15 11 10 19 18 2 0 0 0 3 22 0 8 0 0 12 9 
0 0 0 22 0 0 0 0 10 0 0 7 16 14 4 18 0 6 5 0 1 0 0 0 0 
5 6 0 3 0 0 22 14 0 0 11 0 0 17 12 25 2 0 0 0 18 13 0 24 16 
0 7 11 24 0 0 23 19 0 18 22 25 8 9 0 17 0 0 14 0 0 2 0 10 0 
0 17 18 0 8 0 16 2 3 12 1 0 24 0 0 7 0 0 20 0 0 0 22 0 14 
