14 22 0 0 4 5 1 0 2 0 0 0 18 0 25 15 0 3 0 16 0 7 0 0 11 
5 12 0 24 0 21 0 0 13 4 0 19 1 6 0 0 25 18 22 0 23 8 0 0 15 
13 0 19 0 0 0 0 0 9 6 5 22 0 16 0 0 0 4 0 0 0 21 24 0 0 
0 0 10 0 3 0 23 0 0 11 13 0 7 4 12 19 0 0 0 0 16 18 5 14 20 
23 17 7 6 0 0 14 18 0 15 0 3 0 20 0 0 0 1 0 0 2 0 0 0 0 
0 0 0 22 0 0 0 13 0 1 18 25 0 0 16 9 20 6 5 24 0 0 0 11 0 
15 24 8 0 6 0 18 7 0 0 3 0 11 19 14 23 17 12 1 21 0 0 22 0 0 
0 10 0 16 12 15 22 0 14 9 6 4 2 17 20 0 0 11 0 25 24 13 1 0 0 
2 11 0 21 1 25 0 0 0 17 10 0 0 5 0 4 16 0 15 0 0 0 0 0 0 
0 0 13 3 5 0 24 0 0 0 1 21 12 0 0 0 0 10 2 0 0 0 0 17 16 
3 2 0 0 8 1 6 0 0 7 0 20 14 0 0 22 15 13 12 4 0 23 0 24 18 
0 0 0 0 9 11 2 5 8 12 15 1 21 0 0 0 3 17 16 18 14 20 0 22 0 
0 19 12 0 13 0 0 16 15 24 0 18 22 0 23 25 0 5 8 0 6 9 0 0 0 
18 0 16 25 0 3 0 23 22 13 0 10 4 0 24 11 0 0 9 19 15 5 21 12 0 
0 15 0 0 0 0 0 21 10 18 2 16 19 0 0 0 0 7 23 1 0 11 13 0 8 
8 14 20 0 24 0 21 0 0 22 16 15 0 2 0 5 1 23 0 10 0 6 0 0 25 
6 5 22 0 0 23 11 0 24 20 4 17 0 10 7 0 9 19 0 3 0 0 0 16 1 
0 0 17 1 11 0 0 14 18 16 20 6 24 0 0 0 12 0 25 0 0 2 0 10 0 
9 0 15 19 0 4 25 0 0 0 8 12 5 0 11 0 24 16 6 17 0 22 0 0 0 
16 7 0 0 23 0 0 6 0 19 0 14 0 1 0 0 2 20 0 8 0 0 9 0 13 
0 0 1 13 0 0 15 2 6 3 25 0 0 14 4 0 0 24 0 12 22 10 0 0 9 
12 0 0 0 18 20 16 22 0 0 0 7 6 0 10 0 5 8 19 0 13 17 15 0 0 
0 23 6 14 0 0 0 0 0 5 0 8 15 22 2 0 0 25 20 9 21 0 11 7 0 
0 0 0 0 22 17 9 0 0 21 0 0 0 0 3 0 23 15 0 11 19 0 25 0 0 
10 25 5 7 15 19 0 11 23 14 0 9 0 13 1 6 0 0 0 2 20 0 18 8 0 
