0 2 0 0 0 0 0 24 0 23 3 0 0 11 14 4 10 0 0 18 7 0 0 0 12 
0 0 18 11 3 0 0 4 0 17 0 0 6 19 0 0 1 15 22 23 20 0 25 14 0 
0 8 0 6 0 0 1 12 22 0 0 24 0 0 5 0 21 7 11 0 0 3 0 0 4 
21 14 0 17 0 0 0 7 0 19 0 0 23 0 20 8 0 0 13 3 22 6 24 0 0 
4 0 9 0 5 0 0 11 0 0 0 25 0 12 0 24 16 14 0 0 0 0 0 21 19 
0 9 2 0 10 0 0 0 0 0 5 0 0 15 4 7 0 16 23 0 0 8 17 0 11 
3 1 0 24 17 12 7 0 21 16 0 0 8 0 18 0 0 20 0 6 19 0 0 2 0 
0 12 25 0 22 0 0 17 0 4 24 0 19 0 0 3 0 8 2 0 1 7 0 20 21 
6 0 0 5 0 11 0 0 0 9 0 0 3 7 1 0 19 0 0 0 0 24 18 0 25 
0 16 23 7 19 24 0 8 3 15 0 2 11 0 0 0 25 0 12 0 0 0 5 0 6 
16 0 0 22 0 0 9 0 0 0 11 20 10 23 25 0 14 0 0 7 0 0 0 6 13 
23 20 6 21 0 0 14 10 11 0 0 15 13 0 17 18 12 2 9 8 5 1 3 4 0 
5 13 15 18 7 17 0 0 12 6 14 8 0 3 2 11 0 0 4 1 0 9 20 19 24 
1 0 0 0 14 2 0 20 8 18 0 0 0 24 0 0 15 0 16 25 10 0 23 0 17 
0 10 19 0 0 23 0 3 7 0 0 0 0 0 9 22 6 17 24 20 2 0 0 0 14 
14 3 0 12 6 0 10 16 23 0 0 0 15 1 0 0 17 0 18 0 9 0 13 5 0 
0 25 0 2 21 0 0 13 24 0 0 17 0 20 0 15 0 0 0 22 6 0 0 18 0 
0 5 22 0 16 0 20 0 14 21 0 6 0 13 24 23 8 0 0 0 0 0 7 3 1 
13 0 24 23 1 19 15 0 0 8 12 3 0 4 0 0 0 0 20 9 0 17 0 0 16 
8 15 7 4 0 6 0 0 17 0 23 9 0 0 10 1 0 0 0 0 0 0 0 24 22 
7 0 11 20 0 3 12 19 0 22 0 13 4 0 0 0 24 21 8 14 23 5 0 15 18 
22 24 0 14 13 18 16 21 2 0 15 19 0 0 12 25 0 0 3 11 17 4 0 0 0 
15 0 21 0 0 5 25 14 0 11 20 7 24 8 23 2 4 18 10 0 0 0 19 1 3 
0 19 0 25 0 0 17 0 4 13 22 14 21 6 0 16 0 0 1 15 0 12 11 0 0 
2 0 0 3 4 8 24 0 6 10 0 0 5 17 0 0 13 0 0 0 0 0 21 25 20 
