0 0 0 13 1 0 9 0 0 0 0 16 8 0 0 0 
4 0 0 3 8 6 0 0 0 0 0 0 0 0 0 2 
0 0 1 9 7 11 4 3 12 15 6 0 0 10 16 0 
0 0 0 0 14 13 2 0 0 0 8 0 3 7 0 4 
0 0 0 0 0 14 7 8 0 2 11 0 4 15 6 0 
7 0 8 0 0 9 0 0 0 0 0 15 0 14 0 0 
13 0 0 0 2 16 3 11 8 4 1 7 0 9 12 10 
0 9 3 0 0 15 5 0 6 0 10 12 0 8 7 16 
10 13 0 0 0 8 0 2 0 12 0 0 16 0 0 14 
9 3 4 0 12 5 14 13 16 6 0 0 7 11 10 15 
16 2 0 0 0 0 0 0 0 0 3 0 0 0 0 9 
14 0 0 0 0 0 0 0 13 7 4 8 12 2 3 0 
3 0 0 15 0 1 8 7 11 0 0 6 2 4 0 12 
0 0 13 2 11 3 15 12 7 0 5 0 9 0 14 0 
0 0 0 0 6 2 10 0 0 0 0 0 0 3 0 0 
0 11 0 0 0 4 13 0 2 8 0 3 0 0 15 0 
