0 14 10 0 0 0 6 4 8 0 11 9 0 1 2 0 
11 15 0 0 0 0 3 14 0 10 0 0 0 0 9 0 
2 1 0 0 8 13 12 0 15 0 0 0 0 11 0 3 
4 9 7 0 0 11 0 10 14 3 5 0 12 0 15 13 
16 13 1 6 0 12 11 15 0 0 10 0 0 3 0 9 
5 0 0 0 0 0 14 6 0 9 0 8 0 0 0 0 
0 0 0 12 1 0 5 0 0 6 3 16 0 0 7 15 
0 2 11 0 0 0 0 0 0 4 12 15 0 10 13 0 
0 0 12 1 6 4 0 0 3 0 0 0 2 15 14 7 
6 5 2 14 0 8 0 11 0 0 0 13 9 16 0 0 
0 4 3 9 2 0 0 0 16 5 0 0 0 13 12 8 
15 0 13 0 0 0 0 0 0 8 0 0 3 0 4 0 
1 0 0 0 0 0 4 7 13 0 0 11 0 0 3 14 
0 8 5 16 11 14 15 0 9 0 0 0 13 4 6 0 
3 0 0 0 0 9 1 16 0 0 14 0 0 0 0 0 
13 7 0 2 0 0 0 0 0 0 0 5 1 9 16 11 
