0 16 0 11 0 14 1 0 0 0 6 0 0 0 0 5 
0 0 0 0 12 9 7 0 0 10 0 8 16 6 11 0 
4 0 3 5 0 0 0 13 0 0 0 7 14 1 0 8 
0 0 0 1 0 4 5 0 0 3 11 9 15 13 0 0 
8 15 16 3 0 10 11 14 2 5 0 1 13 12 4 0 
0 7 9 2 0 8 3 6 12 0 16 0 0 15 0 0 
0 0 0 0 0 0 0 0 8 0 7 10 5 0 1 3 
0 0 0 10 5 2 13 12 15 6 0 14 0 7 16 9 
13 12 0 8 0 16 14 0 9 0 4 0 0 0 7 0 
3 0 11 0 13 0 0 9 0 14 0 16 4 0 0 12 
16 0 0 0 3 0 0 7 0 12 0 0 9 14 0 0 
9 0 0 6 11 0 0 0 0 7 0 5 0 0 15 16 
0 0 0 0 0 13 0 0 0 0 14 3 0 0 5 0 
0 0 10 16 9 0 0 0 5 15 1 0 12 0 3 0 
0 5 0 9 15 0 0 0 7 16 12 0 10 0 0 0 
7 0 0 15 0 0 12 2 4 8 0 11 0 0 9 1 
