22 1 0 5 0 0 7 6 0 13 20 10 0 19 15 0 11 4 24 23 25 0 0 0 9 
17 0 8 0 0 23 0 19 25 20 11 21 13 2 0 9 0 16 14 1 0 22 24 0 12 
0 0 0 9 14 17 10 0 15 16 0 0 25 0 18 21 6 0 0 0 20 0 13 0 0 
20 0 19 0 23 9 12 0 21 0 5 0 16 17 0 18 15 25 0 0 3 7 4 11 0 
0 0 25 21 0 4 0 11 8 0 0 0 6 0 9 0 12 17 0 0 1 0 0 15 2 
6 0 22 7 0 8 20 2 0 0 1 25 4 13 0 0 0 24 3 9 19 16 17 0 15 
15 0 4 8 0 0 0 16 0 0 0 17 0 21 3 6 0 1 25 0 22 0 0 20 0 
9 0 23 12 25 0 0 10 0 19 15 20 0 16 0 11 8 0 17 5 4 0 0 1 0 
14 0 0 0 0 15 0 25 0 4 0 0 0 24 0 20 0 7 12 0 21 18 0 0 5 
19 2 0 1 24 7 11 21 0 17 18 0 0 12 6 4 10 23 15 0 0 14 25 0 8 
0 0 0 20 11 19 0 12 16 0 7 22 0 15 0 0 24 3 13 0 23 2 0 14 0 
16 22 0 0 0 0 18 0 0 0 23 0 9 3 0 12 7 8 20 0 0 13 0 5 25 
0 0 0 0 0 20 15 0 0 0 14 1 11 0 0 5 2 19 16 6 0 8 0 12 10 
0 0 12 15 0 22 13 17 0 10 24 19 0 0 5 1 25 0 0 0 7 0 0 0 0 
25 0 7 4 19 5 0 23 9 11 0 0 12 0 16 0 0 0 0 0 0 0 1 0 0 
0 0 5 0 7 0 21 0 20 3 17 0 19 23 0 25 18 2 0 0 0 0 0 16 0 
23 0 3 0 0 0 0 13 5 0 0 15 18 6 11 16 0 0 0 19 8 0 0 0 1 
0 6 2 13 0 0 16 9 0 8 0 0 0 20 10 0 22 0 11 15 0 0 18 0 4 
18 0 15 16 0 11 2 1 0 23 0 0 24 0 0 0 14 20 0 7 6 0 5 3 21 
0 9 14 0 0 0 0 7 0 0 0 3 5 22 0 0 0 12 1 8 11 10 20 0 0 
0 25 0 0 20 12 6 0 0 7 10 0 0 0 22 2 3 0 0 14 0 15 8 0 18 
0 12 6 0 8 14 5 0 0 2 0 24 0 0 13 23 20 11 0 0 0 0 7 0 19 
0 15 9 2 21 0 0 0 17 22 6 12 0 8 0 7 1 0 0 0 5 20 14 0 0 
5 0 0 24 16 0 23 8 13 0 2 14 21 0 20 19 9 15 4 17 12 0 11 22 0 
0 23 1 14 17 21 0 20 0 0 3 18 15 0 25 0 0 6 0 12 0 0 10 13 0 
