0 12 0 2 3 0 0 10 8 0 0 0 0 0 16 0 
10 0 3 0 0 12 13 5 0 0 0 9 0 1 0 8 
1 11 0 13 0 8 0 0 5 0 12 0 4 10 0 0 
0 15 0 14 16 4 2 1 0 0 0 0 12 0 11 0 
0 1 0 6 0 10 0 7 3 5 8 0 14 16 9 0 
0 0 0 0 0 0 4 0 0 12 15 0 6 8 0 0 
0 14 0 7 0 5 0 0 0 0 9 0 0 0 15 11 
15 0 0 11 1 0 16 9 7 0 0 10 0 0 0 0 
8 0 11 3 10 13 7 2 1 0 16 0 15 5 0 14 
16 0 15 0 5 0 0 0 0 0 0 0 0 6 7 0 
5 2 1 12 4 0 9 0 0 6 0 3 0 13 0 10 
0 4 14 0 15 0 0 0 0 13 2 0 0 3 1 0 
0 3 0 8 0 0 5 0 0 0 13 0 0 15 14 1 
0 10 9 0 8 11 1 16 0 0 5 0 3 4 0 2 
11 0 4 16 0 0 10 13 2 0 0 0 0 0 0 6 
13 7 0 0 6 0 0 3 4 0 0 8 9 11 5 16 
