0 0 11 6 13 5 9 7 0 0 0 0 3 4 0 0 
15 7 14 5 0 8 2 0 11 9 0 10 12 13 1 0 
0 12 0 2 14 1 0 11 13 6 15 5 9 8 7 0 
0 13 0 1 0 15 0 0 0 0 7 0 11 0 0 14 
13 0 0 7 0 9 3 0 0 0 0 14 0 0 8 12 
5 0 0 0 7 0 13 0 12 0 0 15 14 0 0 0 
0 0 1 0 15 0 12 6 10 0 9 0 5 0 0 2 
0 0 0 0 0 0 5 4 0 3 16 8 0 11 0 7 
0 5 0 3 0 12 0 15 0 0 0 0 7 10 0 16 
0 0 0 10 0 11 0 0 0 0 2 6 8 0 0 0 
14 15 0 0 0 0 8 9 7 10 0 16 0 5 0 3 
6 0 8 0 10 13 7 0 15 0 0 0 1 0 0 0 
3 0 0 15 4 0 0 13 8 0 12 7 2 0 9 5 
0 0 0 0 0 0 0 0 14 5 0 0 4 6 0 11 
0 11 5 0 0 0 0 1 4 15 0 3 0 0 0 8 
0 6 10 0 0 7 11 14 2 0 0 9 15 12 3 0 
