17 21 0 0 0 0 9 11 12 0 7 0 0 0 13 0 18 0 0 1 22 0 15 6 23 
0 0 0 4 6 25 21 0 0 0 11 2 0 1 15 0 22 0 0 9 0 14 0 0 12 
23 18 16 15 0 3 0 0 22 0 24 0 0 0 0 4 5 0 0 14 9 0 7 8 11 
0 14 11 0 7 15 0 0 0 10 0 18 9 19 23 6 0 24 21 25 3 0 1 4 5 
24 0 0 25 0 0 20 0 14 0 12 4 3 0 0 23 0 0 10 0 0 0 16 21 19 
0 20 0 0 1 0 0 15 13 0 2 3 0 14 9 0 12 23 7 17 0 24 18 0 21 
9 0 0 16 13 0 11 0 0 23 6 19 15 12 0 21 24 0 0 0 1 4 0 0 0 
0 0 2 0 0 22 0 0 0 0 0 23 25 4 1 14 13 0 0 16 6 15 17 10 8 
0 0 0 5 0 6 17 0 24 9 0 13 0 21 16 0 0 10 8 22 11 0 20 3 2 
0 17 19 0 0 0 0 1 0 2 22 8 0 0 24 0 6 0 0 0 0 7 0 0 14 
0 0 0 19 0 0 2 7 5 21 14 6 0 0 0 0 0 25 0 0 0 0 0 9 18 
0 12 0 0 0 24 0 3 0 13 0 25 18 0 21 0 16 22 0 19 4 1 0 0 0 
22 2 0 0 5 0 12 8 16 14 13 9 19 0 0 11 0 1 6 0 17 21 25 20 24 
0 16 0 0 0 23 22 0 0 11 0 1 0 24 5 0 0 9 14 10 12 0 19 0 0 
0 4 10 1 15 0 25 9 0 0 0 22 23 16 2 0 0 12 17 20 14 11 8 5 0 
15 11 0 12 0 0 0 0 2 22 4 0 0 25 0 10 0 16 18 0 0 9 0 17 20 
0 5 6 0 0 0 7 10 17 25 23 0 22 0 0 0 20 14 19 0 24 0 21 0 0 
19 0 0 0 17 21 0 4 0 0 15 0 0 13 6 12 0 3 23 8 0 0 11 0 0 
0 0 0 9 18 0 23 5 19 3 0 14 0 11 0 0 0 15 0 21 0 8 6 0 0 
8 23 0 20 2 0 0 0 0 1 17 0 0 18 3 22 4 0 11 0 0 10 12 14 0 
5 1 20 10 0 18 0 13 7 0 16 17 6 2 14 0 3 0 0 24 0 0 0 0 0 
16 0 0 0 24 20 3 22 9 8 21 11 13 0 12 0 0 5 0 18 0 6 14 0 0 
2 8 18 13 0 17 0 23 0 19 0 0 1 3 7 9 14 0 22 0 21 12 24 0 0 
0 0 23 21 19 14 24 0 1 16 9 20 4 22 10 0 7 0 2 12 0 0 0 18 3 
25 0 12 14 3 0 0 0 10 0 19 24 0 8 18 16 23 0 0 11 0 0 4 22 17 
