15 3 0 0 0 0 4 0 5 0 0 0 11 0 8 0 
6 0 5 0 0 0 11 8 3 0 1 0 14 2 0 16 
0 8 0 0 0 9 5 1 7 0 0 0 12 0 0 0 
0 12 0 7 2 3 0 0 0 0 14 0 5 6 0 10 
0 0 11 0 0 10 0 0 6 12 15 0 0 8 0 0 
4 0 0 0 0 0 6 12 0 3 0 0 15 10 0 11 
0 0 6 8 0 0 0 13 10 0 0 4 7 0 0 0 
0 10 0 0 5 0 16 11 1 0 13 0 0 0 6 4 
0 0 0 0 12 16 8 15 0 7 2 0 0 4 11 0 
7 0 12 1 0 0 0 10 11 8 4 0 0 9 0 5 
5 0 16 11 0 1 0 4 14 15 6 0 8 0 10 0 
9 4 8 0 0 5 7 2 16 0 12 0 3 13 14 0 
0 0 15 0 0 4 10 3 13 0 0 1 6 0 0 0 
0 6 0 0 0 0 0 9 12 4 0 0 0 0 3 2 
13 0 9 3 14 11 0 0 0 10 8 6 0 16 0 1 
1 0 4 0 8 13 0 0 15 16 3 0 0 5 9 0 
