1 2 0 18 9 13 7 6 20 0 0 23 0 0 10 0 25 24 0 0 0 0 17 21 16 
0 0 0 15 5 8 0 0 0 0 0 7 1 0 18 13 6 0 9 2 0 12 22 25 4 
0 0 13 20 0 0 0 25 22 14 17 0 4 19 15 0 11 1 0 0 8 9 7 2 3 
4 0 12 0 24 0 2 15 0 23 22 21 16 0 0 0 0 0 7 19 6 0 10 0 5 
8 0 0 0 0 0 9 11 1 0 13 0 0 0 0 20 0 0 17 15 0 24 18 0 0 
0 4 0 21 0 3 8 1 5 10 0 0 11 0 20 0 24 12 19 0 23 0 13 0 9 
0 1 24 0 0 20 0 0 25 22 21 0 0 16 3 0 7 0 4 0 2 19 0 0 14 
19 15 20 12 25 0 18 0 11 0 23 9 0 4 22 8 0 17 0 0 10 7 0 3 0 
0 0 0 8 0 0 21 12 17 6 0 1 0 0 14 25 0 0 0 0 0 0 0 5 0 
5 3 0 0 10 14 19 0 4 0 0 12 0 17 8 0 23 21 0 13 0 16 25 0 1 
16 9 17 23 1 0 3 0 14 12 15 0 0 2 4 24 0 0 0 6 13 10 19 11 0 
21 0 10 0 11 5 0 7 6 0 25 13 20 0 19 0 0 22 23 0 3 0 24 9 0 
25 5 0 14 8 22 13 0 0 9 12 11 0 18 0 0 0 0 10 0 0 20 0 0 15 
0 0 0 0 0 15 11 0 23 0 0 0 21 3 0 14 0 0 0 9 12 0 0 0 0 
20 12 0 6 0 0 0 18 2 8 9 14 0 0 0 0 21 5 3 0 25 4 1 0 0 
2 8 21 0 12 0 20 3 19 17 6 0 0 22 13 23 0 25 0 24 0 0 0 10 11 
15 10 1 0 14 2 16 0 0 0 20 0 0 0 0 7 19 0 0 21 0 3 9 4 0 
9 0 0 24 18 23 0 0 15 0 1 3 8 21 5 0 0 11 2 12 17 0 6 0 19 
23 6 5 0 0 0 0 0 7 25 11 0 10 9 0 0 0 4 13 20 18 21 12 1 2 
0 13 25 0 7 21 6 0 9 0 19 2 17 14 12 10 5 15 1 0 16 23 0 8 0 
0 23 18 0 15 0 0 0 21 0 2 0 0 0 1 0 0 9 0 0 11 0 0 0 0 
0 14 0 0 3 10 0 0 8 15 0 22 18 12 0 21 0 13 0 0 0 2 16 6 0 
0 25 0 0 6 0 0 9 13 2 0 0 0 15 11 4 0 16 24 14 0 18 0 0 21 
0 21 2 4 0 11 0 0 0 0 8 0 14 7 6 19 0 18 0 0 0 0 23 0 10 
17 0 0 1 0 12 5 22 18 4 0 0 9 13 0 2 0 6 0 23 7 8 14 0 25 
