9 14 2 4 0 0 0 0 0 0 0 5 7 0 12 15 
0 10 0 3 9 0 11 0 16 14 13 7 6 2 0 0 
12 5 13 0 0 0 8 0 0 0 0 6 0 0 0 0 
0 0 0 0 0 0 0 0 2 0 4 0 0 0 0 10 
7 0 8 14 0 6 0 0 13 0 1 0 9 0 0 3 
0 16 0 0 0 0 0 3 14 0 0 15 12 0 4 7 
5 6 3 10 0 9 1 8 0 0 0 11 0 0 2 0 
0 0 0 0 15 0 0 11 0 2 0 3 0 0 0 0 
0 0 0 13 0 0 0 0 10 3 0 0 14 0 0 0 
10 9 5 8 0 0 2 13 4 0 14 0 1 0 0 12 
14 3 0 0 5 8 0 16 15 13 0 0 0 7 11 9 
15 12 0 16 3 10 0 9 0 5 0 0 2 0 13 4 
0 0 0 0 7 16 10 15 5 9 3 0 0 8 0 1 
16 7 9 0 8 0 3 0 6 11 0 1 5 12 0 0 
0 13 4 5 11 0 0 6 8 0 12 0 15 16 7 0 
0 0 10 6 12 2 5 14 7 0 0 0 4 9 0 0 
