1 0 0 10 0 0 0 9 0 0 4 0 0 0 13 12 
2 3 13 0 0 0 1 0 0 0 14 9 0 15 0 10 
0 0 0 9 2 13 0 6 0 0 0 10 7 1 0 5 
0 4 0 0 0 0 15 12 7 8 0 13 9 3 2 14 
0 8 0 0 0 15 5 10 0 13 0 16 6 0 0 1 
0 0 16 0 0 3 6 11 0 5 12 1 0 7 0 0 
0 5 0 0 8 16 0 0 0 0 9 0 13 2 3 4 
0 9 0 0 13 0 0 0 0 4 15 6 10 5 8 0 
13 1 0 0 15 0 9 7 0 0 0 3 0 0 12 0 
0 0 12 7 0 0 4 0 0 0 8 0 0 0 5 0 
4 0 0 0 5 10 0 13 1 16 0 0 0 8 0 0 
5 0 2 3 0 6 0 0 0 0 0 0 1 13 0 11 
3 14 4 0 12 7 10 0 16 6 11 15 2 0 1 0 
0 16 0 1 6 9 0 4 0 0 3 0 5 0 0 8 
0 2 0 0 11 0 0 0 4 0 10 0 0 0 0 7 
0 0 10 0 14 8 2 16 9 1 0 5 4 0 15 3 
