1 5 0 13 6 0 8 9 0 7 0 4 0 0 0 14 
6 12 0 0 15 0 0 0 0 14 0 9 5 0 8 16 
2 0 0 8 16 13 0 10 0 0 0 6 0 4 3 0 
10 9 3 4 0 0 0 14 16 0 8 0 6 13 0 0 
14 0 9 5 0 4 13 0 11 0 15 7 8 0 1 0 
11 0 0 12 0 7 0 0 8 0 9 2 15 0 0 13 
13 0 8 0 3 6 0 0 14 12 0 5 9 7 11 0 
0 0 0 0 0 0 15 0 13 4 1 16 0 0 0 0 
0 3 1 9 5 0 0 8 0 0 0 11 0 0 13 0 
0 0 0 15 1 11 0 0 0 10 0 0 3 0 0 5 
0 0 10 2 4 0 3 0 6 0 0 0 0 1 9 0 
0 0 0 14 9 10 0 16 15 0 0 0 11 0 7 8 
15 4 13 0 2 8 10 0 0 0 7 1 0 12 0 11 
8 0 0 0 0 0 5 3 4 11 0 0 13 9 0 0 
0 0 14 0 11 0 0 0 2 0 0 0 4 15 0 0 
0 0 0 11 0 16 14 4 3 15 12 0 1 0 0 7 
