0 2 0 0 0 13 0 3 10 4 5 0 9 6 7 1 
6 0 0 0 0 0 0 7 2 0 0 13 14 0 8 11 
0 7 13 5 0 14 0 0 6 15 0 0 16 3 10 0 
10 1 0 0 0 0 0 11 0 0 0 0 13 5 15 0 
12 3 10 11 0 6 0 0 4 0 14 15 0 0 0 0 
13 0 0 0 0 0 3 15 7 0 9 0 0 0 0 6 
2 5 9 0 7 10 1 4 0 0 16 0 0 0 0 0 
0 16 0 15 9 2 0 0 13 5 0 0 0 10 11 3 
16 0 2 1 12 7 15 5 0 0 11 4 10 8 0 0 
5 0 0 6 16 1 0 0 0 0 0 14 0 11 2 4 
0 8 0 0 0 11 0 0 0 0 13 0 12 0 0 0 
0 0 0 7 2 3 8 10 0 16 0 0 15 9 1 0 
14 0 3 0 0 0 9 6 15 12 0 1 0 0 0 5 
0 0 0 0 0 4 12 0 0 14 0 7 0 0 13 0 
1 0 7 0 3 0 11 0 0 13 4 8 0 0 14 0 
0 15 4 0 14 0 7 13 0 0 10 6 1 12 0 8 
