0 4 14 0 9 1 2 7 11 10 5 3 12 15 0 0 
0 0 5 16 14 4 0 0 0 0 2 6 0 8 0 0 
11 3 0 0 0 16 5 6 7 9 12 0 0 0 14 0 
7 0 2 0 0 13 0 0 0 14 0 15 9 6 0 0 
0 0 8 0 16 0 6 0 0 0 10 13 0 0 15 0 
0 16 0 0 0 0 0 0 2 15 6 11 1 5 10 0 
13 14 10 7 0 15 0 11 0 0 1 0 0 0 0 0 
9 0 0 0 0 0 0 0 0 4 8 14 0 0 13 7 
0 1 0 4 0 0 13 16 15 2 0 10 8 0 6 0 
2 0 7 10 4 14 8 3 0 0 13 1 5 0 0 16 
12 0 16 0 0 6 11 15 0 5 7 9 4 0 3 2 
5 6 0 0 10 0 9 2 0 8 0 0 0 0 12 0 
16 0 0 2 0 9 0 0 0 13 0 4 7 0 5 0 
6 12 4 0 0 0 0 13 0 0 0 0 16 1 0 0 
0 0 3 13 0 0 0 0 0 0 9 5 2 0 8 0 
14 8 0 9 0 0 0 5 0 0 16 0 0 11 0 6 
