7 6 0 0 12 16 0 24 0 0 0 0 9 10 22 14 4 0 25 0 0 21 3 18 19 
18 0 0 0 0 4 0 0 0 9 6 20 21 5 3 0 7 0 11 15 0 0 10 0 16 
0 13 20 0 0 3 2 10 21 6 0 18 19 0 24 0 8 9 23 17 14 0 0 12 15 
0 3 0 10 0 0 0 0 0 20 0 0 0 0 0 0 0 0 1 0 17 0 4 6 5 
9 2 0 0 0 0 0 0 0 0 0 0 0 0 1 0 18 0 0 0 0 25 0 24 0 
19 4 11 1 0 20 21 0 13 12 24 0 2 0 14 0 0 0 0 0 15 17 7 0 0 
0 18 14 12 24 0 10 0 0 5 0 9 8 1 0 0 0 0 0 0 4 16 0 0 21 
10 8 0 25 6 17 24 0 0 15 7 0 12 18 23 11 13 14 19 22 20 3 0 5 1 
5 7 2 0 23 18 19 0 3 14 20 0 10 0 6 0 17 1 0 0 0 8 0 22 0 
17 15 3 9 0 22 0 8 2 1 0 0 11 16 0 0 23 4 0 0 25 14 0 13 0 
0 0 0 21 2 0 0 0 0 10 8 0 5 24 0 0 22 0 7 18 6 11 13 14 9 
0 10 0 0 0 0 0 2 0 0 1 0 4 14 25 23 0 8 20 12 0 0 5 3 0 
0 25 6 0 0 0 0 0 20 22 0 7 0 21 17 13 0 0 0 24 2 0 0 15 12 
8 0 0 0 5 0 23 21 15 0 0 0 0 12 0 0 0 25 0 0 0 0 17 0 20 
12 19 15 4 17 0 0 0 8 7 0 10 0 0 0 0 0 0 14 0 0 18 0 0 23 
21 0 12 0 7 2 8 0 0 25 0 0 20 17 0 6 0 13 0 0 11 0 19 0 0 
14 20 13 17 3 12 7 0 0 23 21 2 24 0 11 0 5 10 0 0 0 0 1 9 25 
6 0 24 0 4 10 0 19 0 13 14 8 0 23 5 25 12 21 17 0 0 0 22 2 18 
23 0 16 8 0 21 0 0 0 24 18 13 0 0 0 3 2 11 0 14 5 12 0 7 10 
0 5 10 0 0 14 1 0 18 0 0 22 0 0 0 7 20 23 8 19 24 13 0 17 4 
2 16 0 6 0 0 0 12 0 4 25 0 0 0 0 0 0 22 0 5 0 19 0 0 0 
0 12 25 20 10 8 3 18 24 0 16 0 13 2 0 4 6 15 21 23 0 0 14 0 17 
3 0 22 7 0 0 0 0 6 17 19 23 0 4 0 18 11 0 12 10 16 5 0 0 0 
0 11 23 24 13 5 20 0 14 0 10 1 15 0 0 17 25 19 16 3 0 7 0 0 8 
15 17 0 5 14 9 16 11 23 0 0 0 18 20 0 2 0 0 13 8 10 6 25 4 3 
