0 14 13 0 23 18 0 0 12 17 0 2 0 0 0 1 9 0 0 24 4 16 20 0 7 
0 20 5 6 7 14 0 3 0 24 9 10 0 0 0 19 0 15 0 11 0 0 0 25 0 
0 9 0 19 11 10 2 15 5 6 18 12 14 7 20 23 0 16 22 0 21 0 13 0 0 
15 3 0 0 0 0 9 0 0 0 17 0 4 22 0 0 0 5 18 0 1 11 0 12 6 
0 0 16 0 4 22 8 0 0 0 24 0 5 0 1 3 17 6 0 0 10 9 19 15 0 
18 13 0 7 5 11 12 6 0 0 10 0 17 25 24 0 20 0 1 0 8 19 0 0 9 
0 0 0 0 22 0 0 0 0 0 23 5 8 18 0 4 19 0 0 9 15 12 6 2 16 
10 0 0 0 0 2 4 0 0 20 11 14 6 0 19 0 0 18 0 16 23 0 0 22 3 
0 2 0 0 0 24 0 17 13 5 22 0 1 21 4 0 10 23 0 12 0 14 25 0 18 
0 19 0 4 0 25 0 8 22 23 0 15 16 20 0 0 0 11 0 3 0 0 0 13 0 
0 16 0 0 0 0 21 0 9 0 13 6 20 0 0 11 1 0 8 15 5 7 3 0 0 
0 0 0 0 0 16 11 7 6 0 1 8 18 0 17 0 0 4 23 0 24 0 9 0 0 
11 0 0 5 2 0 0 1 8 0 0 23 3 24 0 0 0 0 9 19 0 22 0 0 0 
0 0 22 9 14 4 0 0 0 19 5 0 25 10 0 0 0 20 0 0 6 13 0 1 0 
0 0 8 0 0 5 3 0 0 0 0 19 7 0 0 0 0 10 25 13 2 0 0 14 0 
0 0 10 25 17 21 22 0 2 0 7 20 0 4 0 9 0 1 14 18 3 0 0 6 0 
7 4 3 15 0 9 17 5 1 0 19 18 0 8 0 16 0 0 0 20 14 0 10 24 0 
14 23 1 0 18 6 24 0 15 0 0 22 2 0 0 10 5 0 4 17 9 21 0 0 0 
0 5 0 22 19 0 14 0 10 18 0 0 9 0 0 7 15 25 11 0 13 2 17 16 0 
8 0 0 0 9 7 0 25 11 16 0 17 0 1 15 12 24 0 19 21 22 0 4 23 5 
19 0 6 0 15 17 0 0 24 0 0 7 0 23 0 0 8 12 10 0 11 3 22 9 0 
5 8 0 14 10 13 0 0 0 11 0 16 22 0 9 0 3 0 17 0 0 1 0 21 2 
0 0 0 2 0 0 5 0 19 0 25 1 0 17 14 0 0 9 0 6 16 0 7 8 0 
0 0 0 0 0 8 6 22 0 1 0 11 24 19 0 2 0 21 0 0 0 4 5 20 13 
0 11 20 24 0 3 7 2 25 0 8 0 15 5 0 13 22 0 0 1 18 6 0 10 0 
