7 0 14 0 5 1 15 0 3 9 10 2 0 16 0 4 
0 0 5 15 2 0 13 6 0 0 0 0 9 0 3 0 
0 0 13 2 0 0 0 0 15 0 0 0 0 14 0 0 
12 10 4 3 9 14 11 0 13 8 0 0 2 0 0 15 
0 0 7 0 0 0 0 3 0 0 6 10 0 1 12 0 
0 0 16 5 8 7 1 13 12 0 0 0 3 0 10 0 
15 0 3 10 0 0 14 0 8 0 0 0 11 9 7 13 
0 0 0 0 10 15 0 0 2 0 13 0 0 0 6 0 
0 0 6 1 15 8 7 14 0 0 0 4 12 0 9 11 
0 0 0 7 0 9 12 0 0 0 0 0 13 3 0 2 
0 0 8 0 0 13 0 10 0 0 0 0 0 4 14 6 
0 5 9 14 16 0 0 4 11 12 3 13 7 15 0 0 
0 15 0 0 0 4 6 0 0 13 0 11 0 12 2 7 
0 16 1 6 0 0 10 15 4 0 12 0 0 0 0 9 
14 7 12 4 0 5 0 11 0 0 0 0 0 0 15 3 
5 13 0 9 12 0 0 0 0 6 0 0 14 0 0 10 
