23 1 14 20 0 9 25 0 0 5 13 8 0 24 0 0 18 7 0 22 0 11 0 0 0 
0 0 19 0 0 0 0 1 7 15 14 16 0 12 0 25 0 9 21 8 0 17 18 13 0 
4 25 0 15 0 22 2 13 24 3 1 5 0 18 0 10 20 14 23 0 12 0 7 0 0 
0 0 18 10 0 0 0 19 17 12 0 7 0 2 6 0 5 0 1 0 14 0 23 0 0 
0 0 0 2 5 0 0 0 10 0 22 0 0 9 0 0 16 4 12 0 1 25 0 21 0 
5 16 6 13 7 8 0 0 20 4 0 1 0 10 3 0 14 18 0 12 0 19 25 11 0 
9 20 25 0 0 0 10 0 22 0 0 0 0 0 0 4 7 8 24 0 0 2 6 0 3 
10 0 22 0 4 24 0 0 19 2 5 18 8 0 0 1 17 11 13 9 16 21 0 0 20 
0 0 0 17 21 0 3 12 18 0 0 19 20 7 0 6 0 25 0 5 13 0 0 0 0 
12 0 8 0 18 0 0 25 9 0 0 21 22 13 24 20 0 0 0 0 7 15 5 17 4 
13 24 23 0 0 0 0 3 0 7 15 6 0 14 2 0 0 0 0 4 0 9 21 18 0 
19 0 0 0 8 0 0 0 25 14 7 0 0 0 0 0 0 24 17 15 20 0 0 0 0 
0 0 0 5 22 0 0 0 0 0 10 0 4 0 13 8 11 0 0 0 0 23 0 0 1 
17 11 2 18 0 12 0 4 15 0 16 24 21 20 8 0 23 13 9 1 0 5 0 0 0 
6 4 0 0 0 13 0 0 0 17 0 9 12 0 22 14 21 20 18 3 2 0 16 0 0 
0 0 0 0 1 0 6 7 3 0 2 0 0 19 5 11 4 21 10 0 23 0 22 0 0 
2 0 0 0 23 15 0 16 0 22 18 0 9 21 10 13 24 1 8 0 0 0 20 5 0 
16 5 3 0 10 0 0 20 0 23 17 0 6 0 0 18 9 0 14 0 11 13 8 0 21 
18 0 0 21 13 19 17 0 2 24 0 20 0 15 23 0 0 3 5 0 0 1 10 0 7 
7 9 20 14 6 0 8 0 13 10 11 0 0 16 0 0 15 17 25 0 19 0 24 0 0 
22 0 0 9 0 0 16 10 0 25 20 2 13 0 0 17 0 6 4 24 0 0 1 0 11 
3 23 5 0 2 17 14 22 0 0 0 0 18 4 11 0 0 12 7 25 0 16 13 0 0 
0 10 17 4 16 0 0 18 12 11 0 22 5 0 0 9 0 23 20 0 0 7 0 0 0 
20 0 0 6 11 3 0 24 8 21 0 0 7 0 16 15 10 22 19 0 5 4 0 0 12 
0 0 1 0 24 0 0 23 0 0 25 14 0 0 9 0 0 5 11 0 6 22 0 0 10 
