0 0 0 0 1 13 11 0 0 0 0 0 0 3 0 0 
0 0 4 0 0 7 5 9 0 0 0 0 1 15 13 0 
0 11 0 14 0 0 16 0 13 1 15 9 4 0 8 12 
13 0 0 0 14 0 12 0 5 0 0 7 9 16 10 0 
0 10 11 0 0 0 0 0 0 6 12 0 2 5 9 8 
0 0 0 3 8 11 0 16 9 0 0 0 12 1 0 0 
0 0 0 13 10 0 0 0 1 2 3 8 6 0 0 7 
1 8 0 4 0 2 6 12 0 0 0 0 3 0 0 0 
0 13 0 5 4 0 0 0 16 0 9 11 0 0 0 15 
9 14 7 0 0 16 10 0 0 0 2 0 5 0 4 0 
0 0 8 0 5 3 7 13 12 0 14 0 16 0 0 9 
4 16 10 0 0 9 2 8 3 5 0 0 0 0 0 0 
0 0 0 6 13 0 8 0 14 0 4 0 15 2 0 1 
12 5 15 10 16 0 9 2 0 0 0 3 0 13 0 0 
7 0 13 8 0 14 1 6 0 0 10 0 0 9 3 16 
0 0 0 0 11 15 3 0 0 0 0 13 10 12 7 4 
