0 0 4 0 11 8 0 9 1 16 0 15 0 7 0 0 
0 0 1 9 0 0 14 3 5 4 0 7 0 13 0 11 
0 13 0 6 0 15 5 0 14 0 0 11 1 0 0 4 
11 3 5 15 0 12 0 7 0 13 8 0 0 0 16 0 
0 9 0 3 5 0 2 8 6 12 1 0 0 15 0 0 
0 15 6 0 0 14 16 12 0 0 0 0 3 9 4 0 
12 0 10 7 9 3 0 0 4 5 0 0 8 0 11 0 
13 11 2 5 0 0 10 1 0 9 0 0 16 0 0 14 
0 0 0 1 8 0 0 0 0 0 4 0 0 0 14 0 
15 0 8 0 7 0 0 0 0 0 2 0 0 3 10 13 
9 0 0 0 10 1 15 0 0 3 0 0 4 2 0 8 
2 5 13 11 3 0 0 14 0 0 0 10 9 0 0 7 
6 1 12 13 0 0 8 4 0 0 7 0 0 11 9 16 
0 16 0 0 0 9 1 0 0 6 0 4 0 8 7 0 
0 8 0 14 0 13 7 6 10 1 0 0 0 4 0 0 
0 10 9 0 0 2 0 0 0 0 0 0 0 0 0 1 
