0 0 0 10 16 9 0 0 0 12 13 14 7 2 25 0 0 21 0 0 4 11 0 3 0 
0 0 0 0 0 2 19 0 0 0 0 22 0 0 17 0 6 9 7 0 10 18 21 0 15 
0 0 0 0 5 0 15 10 20 25 12 0 19 0 18 0 0 8 4 24 9 14 17 0 0 
17 0 0 0 0 0 0 14 7 23 5 0 4 6 10 0 0 18 13 0 0 20 1 0 0 
0 0 4 23 0 0 22 13 0 3 0 1 8 0 0 20 0 0 0 0 12 25 5 7 16 
0 0 0 0 0 24 0 0 0 0 0 0 0 8 0 19 13 20 15 6 16 3 14 0 0 
23 24 0 0 0 20 17 0 0 2 0 19 0 0 0 21 25 0 0 0 0 0 13 15 0 
0 0 0 0 17 22 14 12 0 0 0 6 13 0 20 3 0 2 18 0 0 0 0 10 9 
0 14 21 0 0 10 16 3 0 6 18 0 0 0 5 8 17 0 1 12 20 22 0 23 19 
0 0 0 18 19 13 21 8 0 1 0 7 0 17 3 9 10 24 0 22 0 0 11 2 0 
0 0 22 3 0 0 0 0 24 10 0 0 1 0 8 25 15 4 6 21 0 2 0 0 18 
0 0 17 4 0 0 1 6 14 8 15 0 11 0 0 2 5 12 19 9 23 10 0 0 0 
8 0 19 0 0 12 2 0 11 4 17 25 9 7 16 0 18 0 23 0 0 24 3 0 14 
14 0 0 6 1 25 0 16 21 13 3 0 0 0 19 0 0 10 8 20 22 0 0 0 17 
18 25 2 0 11 23 9 20 0 5 10 0 12 4 0 7 14 0 3 0 0 21 19 1 0 
0 3 18 16 0 4 23 0 0 9 6 0 20 1 11 15 19 0 21 0 14 0 0 0 10 
1 13 0 11 0 0 12 0 17 0 0 8 16 0 0 4 0 23 2 10 15 19 0 0 3 
0 2 5 0 8 0 13 19 0 15 7 21 22 10 4 6 20 17 0 0 1 16 0 0 23 
10 0 24 21 15 6 25 22 0 20 19 0 0 0 0 13 0 3 0 1 2 5 0 9 7 
19 0 23 0 6 16 10 0 1 14 24 15 5 0 2 12 0 0 9 0 13 4 0 0 21 
24 0 13 0 23 0 0 0 0 0 21 11 17 16 0 0 8 0 20 0 0 9 0 0 0 
4 0 10 0 25 8 6 9 0 0 22 5 0 0 12 14 23 0 0 0 0 13 16 0 0 
3 5 9 0 21 14 4 18 0 24 1 2 23 25 0 22 0 0 12 7 17 8 0 20 11 
15 0 0 0 0 0 20 0 0 0 0 0 0 9 0 10 0 19 0 0 24 23 4 14 0 
20 0 8 0 18 0 5 0 23 0 4 10 0 0 14 0 9 13 0 3 7 12 2 21 0 
