0 0 6 11 0 0 9 10 0 0 16 14 1 3 4 5 
7 0 1 5 0 14 4 8 12 10 3 2 0 15 0 16 
16 4 2 0 0 0 0 12 0 1 0 0 0 9 0 0 
8 10 14 0 0 6 0 0 11 0 0 0 0 7 13 2 
3 13 0 16 14 0 6 0 1 0 10 0 0 2 0 0 
1 0 0 0 9 16 10 0 0 0 15 0 0 0 0 0 
0 11 7 2 0 0 1 0 14 0 0 3 5 0 0 6 
4 0 0 10 0 0 8 2 9 0 11 0 14 16 0 1 
5 16 10 0 0 0 2 0 13 8 7 0 0 11 0 0 
0 7 0 0 5 0 3 0 16 6 1 0 2 0 10 0 
0 2 3 0 0 8 15 0 0 0 0 10 0 1 0 0 
14 0 11 1 16 10 0 13 15 3 0 0 6 0 0 0 
0 3 13 7 2 15 16 0 4 11 0 0 8 0 9 0 
0 5 0 0 0 9 0 0 0 0 0 0 0 6 1 11 
11 6 0 4 10 0 0 0 0 0 0 16 7 13 2 12 
0 0 9 8 0 0 12 7 0 0 0 13 0 0 0 0 
