17 0 8 0 0 0 0 9 25 20 10 0 0 24 13 0 0 0 1 16 0 12 0 3 7 
0 0 0 25 0 0 0 3 13 0 0 0 15 0 20 8 21 17 5 0 16 22 24 23 14 
19 0 15 0 12 8 23 0 4 1 6 2 16 0 5 0 0 7 11 24 0 18 21 9 20 
0 5 9 0 16 21 0 22 24 7 14 1 0 18 0 0 0 0 0 4 8 10 19 0 0 
0 0 0 20 2 0 0 15 0 16 0 0 7 21 0 18 0 10 23 9 13 1 5 0 4 
0 0 21 0 0 0 0 0 0 0 2 0 5 0 0 0 18 0 0 0 0 0 0 0 0 
23 0 0 1 0 0 15 2 14 0 0 4 18 0 9 5 22 0 12 0 11 7 13 0 0 
25 2 0 0 19 4 9 0 0 6 0 0 13 20 16 1 0 0 0 0 12 0 23 5 0 
0 0 5 9 0 20 24 11 0 19 12 0 25 0 0 0 0 0 10 0 0 0 0 2 1 
16 6 11 0 22 13 0 17 5 0 19 0 8 23 1 15 9 3 0 2 20 14 0 18 21 
0 20 13 21 14 0 16 0 0 18 0 0 4 0 0 0 10 1 9 17 0 11 6 0 8 
7 0 22 0 25 0 0 8 0 0 5 0 24 15 0 0 6 0 20 0 9 0 0 0 0 
1 23 16 0 5 9 0 20 17 0 11 8 0 0 12 3 0 0 0 0 25 24 18 0 0 
0 0 3 0 18 11 22 12 19 0 0 6 9 0 21 0 24 0 14 8 1 0 20 0 0 
0 9 0 0 0 6 10 0 7 2 0 17 0 14 3 16 0 18 0 0 0 0 22 15 0 
9 16 0 2 10 0 4 23 3 15 22 5 19 0 25 24 20 12 21 0 14 8 0 0 11 
5 12 25 14 0 0 0 13 10 24 9 15 0 0 23 6 8 0 0 22 0 19 0 17 18 
0 0 0 7 0 0 6 0 0 0 0 16 3 13 0 10 0 25 18 14 0 0 9 0 15 
15 0 19 0 20 2 8 0 0 9 7 0 10 1 0 0 5 0 0 0 4 0 12 22 6 
3 0 0 13 23 14 5 21 0 0 18 12 17 0 0 0 7 0 0 15 0 0 1 0 10 
20 0 1 0 15 16 13 6 11 17 24 10 0 3 19 23 0 14 4 5 0 2 0 0 9 
24 0 0 0 0 0 0 1 0 0 25 0 14 0 7 9 0 0 0 0 10 5 0 0 12 
0 21 14 8 0 12 25 0 0 4 15 20 6 5 18 19 1 22 17 0 23 13 11 0 3 
0 25 23 5 0 0 19 0 0 8 17 0 1 0 0 13 16 20 24 10 18 6 14 4 22 
0 13 2 0 0 0 0 10 0 0 0 0 22 0 4 25 0 0 6 18 0 20 15 1 0 
