0 20 0 0 0 2 14 0 0 0 0 0 8 23 25 19 0 0 6 0 9 0 1 22 0 
4 13 0 1 2 15 8 18 0 3 0 0 24 0 0 10 11 20 25 0 0 23 17 0 12 
11 0 0 0 0 13 0 0 0 6 12 4 14 0 17 23 0 0 21 0 16 0 0 5 0 
23 0 12 3 14 19 0 20 25 16 10 9 11 0 13 0 0 4 24 17 0 0 0 0 8 
0 0 22 0 0 23 0 4 0 0 20 0 18 0 19 0 12 8 14 0 0 0 0 0 25 
0 22 24 4 23 1 0 5 3 21 25 0 0 6 0 0 20 13 7 0 18 0 14 12 0 
13 11 18 0 1 25 0 19 4 12 7 3 0 0 0 0 15 21 22 0 0 0 0 23 16 
14 21 7 0 16 0 18 17 23 0 0 1 20 0 12 0 10 5 2 0 19 15 0 25 6 
0 0 0 2 0 0 0 16 0 0 11 5 15 14 23 1 19 0 0 4 8 7 9 21 3 
0 3 19 5 10 0 7 6 0 0 0 17 21 0 18 0 23 0 0 25 24 0 0 13 0 
22 0 0 12 4 5 21 0 11 18 3 8 0 7 0 0 24 0 0 1 0 9 19 0 14 
0 5 0 10 3 16 0 24 6 2 1 13 23 19 20 21 0 0 9 0 22 11 12 0 18 
0 0 1 0 13 12 0 7 0 14 0 0 2 24 0 0 4 22 3 0 15 10 25 6 5 
18 6 15 0 0 0 3 0 0 4 5 10 16 11 22 20 25 19 12 2 23 17 0 0 24 
16 0 21 0 0 0 0 25 0 0 0 14 4 12 15 0 18 0 5 0 3 0 2 1 0 
0 23 3 0 0 0 25 0 0 11 18 0 0 0 10 0 8 0 0 12 0 4 0 0 21 
19 0 0 0 0 0 0 2 20 1 0 11 13 0 0 18 0 0 4 5 0 22 0 0 15 
9 0 5 13 22 0 24 14 0 23 15 0 12 0 0 25 0 0 0 0 7 16 11 0 0 
24 0 0 17 8 0 0 0 0 15 23 21 22 0 1 7 13 2 20 16 0 14 0 10 19 
25 0 0 0 0 9 0 0 13 10 6 0 0 20 0 24 0 11 19 0 12 0 0 0 0 
0 0 0 22 0 0 0 1 8 25 0 20 9 0 2 15 7 0 0 19 13 0 16 0 23 
7 18 4 0 0 3 13 23 15 19 8 0 0 21 0 17 2 16 0 0 5 0 0 0 9 
0 8 0 25 17 18 11 9 16 0 19 23 5 0 7 0 0 0 0 0 4 0 3 15 0 
5 9 0 0 0 14 20 0 0 17 13 25 0 15 0 4 0 24 0 23 1 0 0 0 22 
1 14 0 0 0 0 6 0 0 22 0 0 3 18 4 9 0 0 13 20 0 19 8 0 0 
