21 16 4 23 0 20 0 22 2 0 8 3 0 11 24 10 0 13 14 12 6 19 9 15 1 
18 19 20 0 13 11 8 10 1 16 15 0 6 0 0 24 21 7 3 23 0 25 0 0 0 
0 0 3 0 0 6 23 0 7 5 19 0 0 12 1 22 0 16 4 0 21 13 0 10 8 
10 1 0 12 2 15 3 21 13 0 0 0 0 0 0 17 0 11 9 0 24 0 0 0 0 
0 0 0 11 5 14 24 19 9 12 23 21 13 0 10 15 6 18 1 0 16 17 0 4 7 
7 20 0 0 9 0 11 0 12 6 25 5 10 0 22 0 0 2 21 0 0 8 16 0 18 
2 0 24 17 0 0 19 0 0 22 0 1 0 23 0 0 8 6 5 0 0 0 13 12 10 
4 18 1 13 0 0 2 0 5 0 0 6 0 0 0 14 15 0 0 10 9 0 0 0 17 
15 10 11 16 6 1 13 25 20 9 0 7 17 0 14 0 0 3 0 0 0 0 24 0 0 
19 8 5 22 0 24 10 7 21 15 0 13 20 0 12 25 0 17 23 0 0 14 0 0 0 
11 15 2 0 10 22 0 24 0 0 12 16 0 5 0 4 0 19 20 6 0 18 0 9 25 
0 0 14 0 0 4 15 0 0 0 13 8 24 2 9 0 0 0 0 16 22 21 0 20 19 
0 0 7 18 0 0 0 0 25 0 22 0 0 10 17 21 9 0 0 0 12 6 0 13 0 
5 0 13 1 21 0 0 0 0 0 0 4 15 0 0 7 10 12 0 0 0 3 0 24 0 
0 23 9 0 20 10 0 0 0 0 0 0 0 3 0 0 17 0 2 0 1 15 7 16 14 
0 2 0 0 0 12 7 0 8 0 0 0 0 9 13 1 23 21 6 0 0 24 0 25 0 
0 12 22 0 0 13 6 20 3 0 0 0 23 7 0 0 0 0 24 15 8 1 0 0 16 
0 0 17 19 0 25 9 0 0 0 5 15 21 4 8 0 0 0 0 20 0 0 6 18 12 
0 0 10 7 0 0 5 15 24 0 16 25 0 1 0 12 0 0 17 0 0 0 0 23 9 
1 5 8 25 0 19 0 0 0 0 6 24 0 0 20 0 0 0 10 0 0 0 15 21 13 
0 11 18 0 0 2 0 13 0 23 17 20 4 0 0 0 1 0 12 19 14 9 0 7 0 
20 0 21 10 0 0 0 0 11 0 0 0 0 15 0 0 0 0 0 0 19 12 22 5 23 
17 0 16 2 0 0 0 0 0 0 10 12 0 13 19 9 25 0 0 22 18 0 0 0 24 
0 4 12 0 23 0 0 9 19 24 11 0 0 22 21 5 0 0 0 17 25 0 0 1 6 
0 6 19 3 22 0 14 12 0 20 1 9 2 24 23 0 7 0 0 21 0 16 0 8 0 
