4 9 0 2 0 0 10 23 7 0 21 0 1 0 20 0 0 0 6 0 12 3 18 11 0 
19 10 0 11 7 0 0 0 16 21 0 0 0 0 0 0 17 0 0 1 20 24 6 0 0 
0 8 0 0 17 0 0 0 3 0 12 13 4 16 24 0 5 20 18 0 0 0 2 0 7 
20 12 0 0 3 14 13 18 0 17 6 0 0 2 19 0 10 4 0 7 1 8 0 9 21 
14 5 0 24 0 0 4 0 0 20 10 23 0 7 9 3 21 12 0 0 0 0 0 22 0 
0 3 7 17 0 0 0 10 19 0 13 20 12 0 11 0 0 0 21 4 0 9 8 0 1 
0 0 0 5 11 13 0 0 22 24 18 15 0 9 14 1 0 6 23 3 0 10 0 0 4 
0 0 0 0 0 20 17 12 8 0 0 0 0 0 4 5 0 0 10 0 3 7 13 0 0 
18 13 0 12 23 2 9 3 25 4 1 0 0 17 10 16 0 11 7 15 0 0 19 0 0 
24 0 2 0 21 0 1 11 6 0 16 7 0 0 8 0 0 9 12 0 0 0 22 15 18 
22 0 18 25 19 0 20 24 0 0 0 0 9 0 0 4 0 2 0 0 10 1 15 0 8 
0 21 11 0 0 23 2 25 0 1 0 24 0 22 0 0 13 0 0 0 17 0 7 16 0 
3 24 0 23 8 17 6 0 0 19 2 25 7 0 15 0 9 1 0 10 22 0 11 0 12 
1 2 0 0 9 0 0 0 11 0 20 3 0 18 0 7 23 0 0 0 24 0 14 13 25 
0 7 0 13 0 18 0 0 0 0 14 0 0 0 0 0 0 25 0 22 9 23 0 20 0 
0 11 12 21 0 1 14 2 0 13 25 19 15 3 0 22 16 0 4 24 0 18 0 8 10 
0 6 4 7 0 8 0 17 0 25 0 10 0 1 23 19 0 3 13 20 15 12 24 21 16 
10 16 8 0 25 3 11 22 15 6 24 0 0 14 0 0 0 0 17 0 0 2 0 7 23 
0 15 3 0 1 7 24 0 21 0 0 8 0 0 0 0 18 0 0 6 13 0 0 0 17 
0 0 0 18 24 9 0 20 10 16 4 0 6 0 0 0 0 0 0 0 5 0 1 14 3 
17 0 0 0 15 11 12 0 24 0 0 1 25 0 13 8 3 10 20 18 0 0 21 2 22 
6 0 20 0 2 0 21 13 17 0 0 0 23 8 0 0 7 0 9 0 0 14 10 12 0 
11 0 24 0 0 0 0 7 0 0 17 5 0 21 0 12 0 15 0 19 18 0 16 0 0 
13 0 16 0 5 0 18 0 0 0 7 0 14 0 2 21 4 0 11 23 19 17 0 1 6 
0 19 21 3 12 0 0 0 0 5 0 9 0 11 0 13 2 0 1 16 8 15 0 0 20 
