8 0 0 9 22 0 0 16 15 0 0 0 0 24 0 0 2 0 0 0 0 19 6 14 3 
13 25 0 24 0 0 0 6 14 3 0 0 0 0 15 0 0 8 5 19 18 20 16 0 17 
0 0 0 0 0 11 0 8 25 0 0 0 23 5 19 0 16 22 6 1 0 0 2 10 15 
16 0 0 18 12 7 0 0 0 21 2 6 0 0 13 0 11 17 0 0 0 1 0 23 8 
0 0 0 0 0 0 13 1 0 2 12 16 8 20 17 0 0 24 23 0 0 0 5 22 25 
20 0 16 0 25 0 0 3 0 0 6 0 0 15 18 0 1 19 21 0 0 7 0 0 0 
21 23 6 7 0 0 18 9 0 5 0 1 3 10 20 11 0 0 25 0 0 0 19 15 13 
0 0 11 0 19 20 0 0 0 25 0 14 4 17 0 0 24 9 0 18 5 0 0 0 6 
0 17 3 0 5 6 0 7 19 0 9 24 0 25 0 13 22 20 14 0 16 0 21 0 23 
9 0 8 14 0 0 0 17 1 0 0 7 0 0 21 0 3 6 10 16 20 0 0 0 4 
0 3 0 15 16 8 19 0 17 0 4 0 0 21 24 10 0 7 12 5 11 23 0 0 0 
0 0 4 5 0 25 0 10 0 0 0 23 16 12 0 0 0 14 22 0 8 17 0 20 0 
0 0 18 0 0 3 0 0 22 7 11 0 5 0 6 0 8 25 15 2 4 0 0 0 1 
0 6 0 8 21 5 0 0 2 0 0 15 20 7 22 1 17 0 4 24 0 0 0 0 10 
0 20 9 0 0 12 15 0 0 1 10 25 14 8 0 0 0 0 0 13 19 6 0 5 7 
0 0 13 0 6 0 25 0 7 0 24 12 15 0 0 0 19 0 17 0 22 0 20 9 5 
24 0 0 1 8 17 2 20 6 0 3 9 0 22 14 0 25 5 0 0 23 0 10 13 0 
0 0 0 25 9 22 4 5 10 19 0 0 0 0 23 14 13 0 0 0 15 24 18 0 2 
0 2 0 0 15 16 0 18 24 0 0 0 13 4 0 0 9 0 1 22 17 0 0 6 19 
0 14 22 17 0 13 21 0 11 9 16 19 18 0 5 0 23 2 20 6 0 8 3 7 12 
0 0 24 0 0 21 0 25 13 17 20 0 7 0 4 0 18 0 0 12 6 10 0 0 9 
0 13 17 0 4 0 0 0 12 20 0 0 25 16 9 0 0 0 19 10 1 5 23 0 0 
18 9 0 0 0 10 0 23 5 22 0 13 0 3 0 17 0 0 0 0 0 15 0 25 0 
15 8 23 0 7 0 0 0 3 16 19 0 22 6 1 0 5 0 0 25 12 14 0 4 0 
12 10 0 6 2 9 7 19 4 0 21 5 17 0 8 23 14 0 24 0 3 0 11 16 0 
