16 5 3 2 6 0 0 0 13 0 9 7 0 0 11 12 
8 0 0 10 11 3 13 2 0 6 0 0 15 0 7 9 
0 0 1 11 0 7 0 0 14 10 5 0 0 16 4 0 
9 0 0 0 0 5 10 16 2 0 0 0 3 14 0 13 
1 0 0 9 0 4 0 0 0 2 7 8 0 15 0 10 
11 12 0 7 10 0 0 6 0 0 4 0 0 3 0 8 
0 15 0 0 12 16 2 0 1 11 0 10 0 0 0 0 
0 3 0 4 5 8 7 0 15 14 12 0 0 0 0 0 
0 4 0 0 0 0 9 0 0 0 0 0 0 12 0 2 
14 10 7 0 0 0 0 13 0 0 0 2 4 11 16 0 
2 6 0 0 8 0 16 0 4 0 11 14 7 10 13 3 
0 11 13 0 0 0 0 4 0 16 0 12 0 0 0 0 
0 9 0 13 7 0 0 0 8 3 14 15 16 0 0 4 
4 0 0 14 0 2 8 0 0 0 16 0 0 0 12 11 
7 8 15 5 16 0 0 0 11 0 0 4 9 0 0 0 
0 0 0 3 14 9 0 0 10 7 0 0 0 6 0 5 
