0 0 12 0 0 0 1 0 0 0 8 0 9 2 0 6 
3 9 0 0 0 0 0 0 0 0 4 0 0 5 0 12 
0 0 0 0 9 0 3 0 2 0 0 0 0 4 14 11 
16 2 0 8 0 0 0 12 14 0 0 9 7 0 1 0 
4 12 2 15 0 0 0 9 16 11 1 6 0 0 0 0 
0 1 16 6 13 0 4 0 7 8 0 0 2 9 15 0 
0 0 0 11 0 12 0 0 13 0 0 0 4 0 0 0 
0 0 0 13 7 0 6 0 15 4 0 10 12 0 5 1 
0 0 0 12 2 0 0 6 0 0 0 0 0 1 7 0 
9 8 10 4 0 15 11 0 1 0 7 0 6 16 0 0 
2 0 0 0 10 0 8 13 12 14 6 0 0 3 9 0 
6 5 0 1 0 14 0 0 0 0 0 15 13 12 0 8 
14 16 0 0 8 0 13 15 0 9 0 2 0 6 0 7 
0 13 1 0 3 0 12 0 6 10 0 8 16 14 0 0 
10 15 0 0 0 6 14 1 0 7 16 12 3 13 0 2 
0 6 0 2 0 9 0 0 3 0 14 13 0 15 10 0 
