0 10 15 0 0 8 0 0 14 0 0 0 0 0 0 0 
12 14 3 11 0 4 0 0 0 16 7 0 0 9 8 0 
0 0 7 1 0 0 12 3 6 8 11 15 0 13 0 0 
0 0 0 6 7 0 16 0 0 0 0 0 15 12 5 11 
14 0 2 8 0 0 0 0 0 6 0 16 9 5 11 3 
1 0 0 0 0 15 0 0 9 13 0 7 0 0 12 14 
10 0 0 0 8 0 0 16 0 14 12 5 13 0 0 2 
0 12 16 7 0 5 0 0 0 11 0 0 10 0 0 6 
0 0 11 10 0 3 1 0 7 4 6 14 12 0 0 0 
8 16 4 0 0 0 0 0 12 0 15 0 0 6 10 0 
0 1 5 0 0 0 0 11 8 2 13 10 0 3 0 9 
0 7 14 13 0 12 10 0 0 9 0 0 2 11 0 0 
7 0 0 9 0 10 2 0 0 15 16 1 0 0 6 13 
0 0 10 0 15 9 5 0 0 0 2 6 0 0 1 16 
0 5 0 15 6 0 0 0 10 0 9 4 0 0 2 0 
4 0 0 2 1 16 0 7 11 12 14 8 0 0 0 0 
