0 8 16 0 0 0 13 11 0 0 2 0 0 0 6 1 
0 13 1 0 0 5 0 14 3 16 0 6 0 0 7 0 
0 15 0 0 0 0 4 6 0 1 0 12 0 0 2 0 
12 7 2 6 0 10 0 0 11 8 0 4 0 0 14 13 
1 0 0 5 7 0 10 0 0 0 6 0 11 14 8 15 
4 2 0 0 0 0 11 0 0 7 1 0 16 13 12 0 
0 0 11 10 13 0 0 0 0 0 0 0 7 0 5 2 
0 16 13 0 9 0 8 12 0 0 0 0 0 0 0 0 
16 0 6 13 5 4 3 2 8 15 0 9 14 11 10 0 
0 0 0 0 11 6 7 9 0 0 0 13 1 8 0 0 
0 11 15 0 0 13 0 0 6 0 0 0 0 2 9 3 
9 0 0 0 10 12 0 0 2 0 0 0 13 0 16 0 
0 5 7 16 0 0 6 0 13 0 15 2 0 9 0 14 
14 3 4 15 2 0 0 13 1 9 10 0 0 7 0 0 
0 0 9 2 4 11 5 0 14 12 0 7 0 15 1 0 
0 0 10 0 0 9 0 0 4 0 0 0 0 3 13 0 
