19 0 5 0 1 24 7 0 16 3 9 0 8 21 11 2 14 0 23 0 22 4 0 13 20 
3 13 8 21 25 17 11 0 0 23 0 19 4 0 0 0 5 7 20 22 16 0 0 6 0 
12 0 7 11 0 0 18 0 9 25 0 0 14 0 5 0 0 21 0 6 23 3 0 0 0 
0 6 2 4 0 0 0 8 0 0 10 23 0 7 0 1 25 0 0 0 0 0 14 21 11 
9 14 0 0 0 6 0 15 2 0 18 20 0 13 25 24 0 0 0 0 7 5 8 12 0 
0 19 0 23 2 0 10 5 3 22 0 0 6 0 0 0 11 0 24 8 4 0 16 0 13 
6 1 0 12 0 25 0 16 0 7 11 0 19 0 0 4 20 0 13 14 5 15 0 22 21 
13 0 11 0 0 0 1 9 0 20 0 12 0 10 14 6 23 15 0 16 0 24 0 2 25 
20 15 25 24 0 0 13 11 14 21 0 0 0 23 4 0 0 1 0 5 0 19 10 0 6 
17 0 0 0 16 15 0 0 0 24 0 0 0 25 0 9 0 3 0 7 1 0 20 0 12 
0 0 12 0 22 0 0 0 0 0 0 17 0 0 3 0 16 0 0 15 0 0 21 0 8 
15 5 0 19 0 22 0 3 10 2 6 0 0 0 0 7 9 4 12 0 0 1 13 14 0 
25 16 0 0 0 14 0 13 0 9 0 0 7 0 19 11 17 23 22 0 0 2 5 0 0 
1 0 0 13 14 0 0 17 7 0 15 0 9 0 22 19 24 0 0 18 11 25 12 0 0 
7 9 17 3 0 5 12 0 0 18 4 25 10 14 16 0 21 0 6 2 20 23 22 0 19 
24 3 13 0 15 7 0 0 4 0 0 0 0 0 0 8 2 14 0 12 21 16 19 18 23 
0 0 0 25 0 8 0 2 11 0 0 0 0 3 0 21 22 0 4 0 13 0 7 0 15 
0 0 0 14 0 0 0 0 0 0 0 0 25 0 0 0 18 0 19 13 17 11 24 0 0 
11 22 0 0 0 10 0 19 13 0 0 0 0 12 0 0 0 17 0 23 3 0 6 0 0 
0 0 0 0 0 0 5 0 21 0 23 0 13 0 2 3 0 11 0 0 0 0 9 10 14 
10 2 3 6 17 19 4 25 1 13 14 0 0 5 18 16 8 24 15 21 0 0 11 20 7 
0 0 23 20 0 18 14 0 8 15 16 13 22 11 0 17 0 0 0 10 2 0 0 0 9 
0 25 14 18 0 0 0 7 22 0 24 0 0 4 0 0 0 9 5 11 19 13 15 0 0 
0 11 0 7 0 0 0 24 0 0 0 10 15 17 0 0 0 13 2 19 8 0 18 0 16 
4 24 0 16 13 9 2 23 17 11 7 3 21 0 0 12 6 22 0 20 14 0 1 25 0 
