0 0 16 0 0 0 15 7 0 0 0 0 0 0 5 2 
7 0 0 15 3 6 13 0 0 0 9 12 0 1 0 0 
5 3 6 0 10 0 0 2 0 0 0 7 15 0 13 0 
0 14 13 0 12 0 0 1 8 15 5 2 0 3 4 7 
12 11 0 3 0 0 0 6 4 0 7 8 0 0 0 0 
6 0 0 0 11 0 1 3 0 0 16 0 0 0 12 0 
0 0 10 16 4 0 12 0 11 0 0 0 0 5 0 0 
14 0 0 1 0 13 0 16 0 9 0 0 10 11 0 15 
3 12 0 0 2 0 0 14 16 0 0 0 5 0 0 10 
0 0 0 4 0 12 6 8 0 3 10 0 11 2 0 1 
0 6 8 14 0 16 11 10 0 2 0 1 0 7 0 0 
0 0 11 13 0 0 0 0 9 7 6 4 0 0 8 16 
0 0 0 11 15 0 10 0 0 12 1 16 0 0 7 0 
1 15 14 5 0 8 7 4 3 10 0 9 0 0 0 12 
0 13 12 0 1 0 0 0 7 0 0 15 4 0 16 3 
8 0 3 7 0 9 14 12 2 0 0 0 1 0 0 0 
