0 9 3 0 0 6 10 13 1 16 0 5 7 0 0 12 
15 4 2 0 8 5 0 0 0 0 0 10 9 0 16 1 
0 0 12 14 0 1 0 0 0 0 0 9 8 0 3 5 
0 0 1 0 9 0 12 0 0 0 4 0 0 6 0 11 
6 0 0 1 2 0 0 0 9 0 7 8 12 11 10 0 
0 11 0 4 0 0 7 5 0 0 0 0 0 1 0 0 
0 15 10 12 0 0 6 0 0 4 1 0 14 0 7 16 
16 14 7 0 1 8 0 0 0 0 0 0 0 0 0 4 
0 12 0 0 16 7 9 0 8 0 0 0 4 0 0 0 
5 0 0 0 0 10 8 4 0 0 15 14 0 2 1 3 
4 10 0 8 5 13 0 0 12 0 0 0 0 7 9 14 
0 7 14 6 0 2 0 0 13 9 5 4 0 0 0 0 
0 1 16 0 0 0 4 8 0 0 0 0 13 0 0 0 
14 5 0 0 6 0 3 7 0 0 0 12 2 16 4 0 
12 8 6 9 0 0 2 1 0 3 0 15 5 0 0 7 
0 0 4 0 0 0 5 10 16 7 8 6 0 14 0 9 
