13 16 0 0 0 22 18 3 9 0 0 0 5 21 0 6 23 1 15 0 12 8 14 2 0 
14 5 9 0 0 12 0 0 23 10 0 25 20 0 0 0 4 2 0 8 0 0 0 0 24 
0 21 8 18 0 0 14 0 1 0 16 3 2 23 0 0 13 12 20 0 0 0 5 0 0 
0 0 24 0 20 11 8 4 6 16 0 0 0 0 1 0 0 18 9 10 0 0 21 23 0 
1 0 23 4 11 0 0 13 5 0 8 0 0 22 18 0 0 0 0 0 15 9 3 17 20 
4 6 10 8 22 0 0 17 24 0 0 0 0 14 0 7 2 20 0 0 0 0 19 9 25 
0 18 25 20 21 14 4 0 22 23 24 10 16 1 0 11 0 0 13 17 0 0 0 3 12 
19 0 3 14 23 9 11 0 0 1 0 22 0 0 0 0 24 0 0 4 0 6 18 0 0 
0 1 0 13 2 18 20 16 0 8 9 0 19 0 0 0 25 22 0 5 0 0 0 0 0 
0 17 0 0 5 0 0 0 0 6 20 15 0 12 2 0 9 10 0 0 0 0 0 4 22 
10 0 0 0 0 2 5 6 13 0 7 18 25 20 15 17 11 0 0 0 0 0 0 0 0 
0 0 13 17 0 20 25 0 18 0 12 14 0 24 3 0 1 0 0 0 21 0 0 5 16 
0 0 1 0 0 0 10 0 3 0 19 16 17 6 13 0 8 23 7 20 2 25 15 0 0 
6 0 0 0 4 8 12 22 16 15 2 1 23 0 21 0 3 0 5 0 13 0 17 0 10 
2 0 22 0 0 7 0 14 0 24 0 11 0 0 0 13 16 25 6 0 19 12 9 20 23 
18 20 0 0 0 17 0 0 0 13 5 4 9 3 25 0 0 0 8 23 0 21 1 0 0 
11 0 0 10 0 0 16 0 12 4 0 0 0 0 22 24 5 3 0 19 6 0 0 15 0 
0 19 5 25 0 0 21 20 11 3 0 0 0 0 23 4 14 0 16 9 22 18 0 12 0 
23 0 4 22 17 5 6 0 8 2 15 13 24 0 12 20 10 11 1 21 9 0 25 14 3 
0 8 0 0 0 1 0 0 25 22 0 20 10 0 14 2 0 17 0 0 0 0 0 0 5 
0 0 7 0 0 0 0 12 0 0 0 6 18 0 0 0 0 8 19 13 10 16 0 25 0 
20 12 6 11 0 10 22 25 0 0 3 5 0 0 0 9 0 15 2 0 23 0 24 0 1 
16 0 0 1 0 21 13 9 0 5 25 8 0 15 0 23 17 14 11 22 7 0 0 0 6 
17 0 19 0 0 6 0 0 20 14 21 0 11 0 16 25 18 4 10 3 0 2 12 0 15 
0 9 15 2 0 0 23 0 0 7 0 0 0 10 0 21 0 5 0 6 0 17 11 0 13 
