0 0 6 11 0 7 0 12 0 13 15 0 0 9 4 0 
0 4 0 0 0 0 0 0 0 0 8 0 0 0 0 13 
13 3 0 0 9 15 0 0 4 5 0 0 11 7 6 2 
0 5 9 0 8 3 0 0 7 0 0 11 14 0 16 15 
0 0 1 12 0 13 0 16 11 14 10 0 6 0 0 8 
8 0 2 0 12 0 15 3 9 0 0 4 0 5 11 0 
0 11 13 9 2 6 0 8 0 0 0 0 0 4 0 1 
14 6 15 5 7 0 0 0 8 2 0 0 16 13 0 0 
0 0 0 0 0 4 3 15 13 0 0 0 12 0 8 9 
9 0 16 4 11 8 7 14 0 0 0 0 0 0 5 10 
5 0 0 7 0 0 0 0 10 0 0 0 13 15 14 0 
0 0 0 0 0 12 0 5 1 11 2 0 4 6 0 3 
0 9 0 0 0 14 8 1 2 0 11 10 5 0 13 0 
1 15 5 0 3 11 12 0 6 0 0 16 0 0 0 0 
10 0 0 0 0 0 0 0 3 0 0 13 1 11 0 0 
11 0 0 3 13 0 0 6 0 0 0 14 15 8 12 7 
