11 0 6 24 0 23 0 0 5 0 10 1 12 0 25 0 0 22 21 4 7 8 17 2 3 
0 0 25 0 7 0 6 0 11 0 0 22 13 0 3 8 24 2 23 0 0 16 0 14 4 
19 0 1 0 0 0 0 0 14 0 8 0 0 0 0 9 7 0 15 3 10 6 13 0 0 
16 8 0 3 18 13 9 4 0 2 24 0 6 0 7 0 0 12 0 17 0 21 0 19 0 
23 15 0 0 0 0 7 0 0 0 9 19 14 0 21 16 0 10 6 11 18 24 25 0 20 
7 1 0 0 14 0 23 5 15 19 3 21 11 0 16 22 4 13 0 20 0 12 0 9 17 
24 0 5 0 0 16 8 0 18 3 0 12 7 0 14 21 0 0 2 9 0 0 0 23 22 
0 13 21 19 0 6 24 22 20 10 0 18 25 0 23 17 0 0 8 0 0 14 0 0 1 
2 16 3 23 10 12 4 9 0 0 5 0 15 0 22 14 1 0 0 7 0 18 8 24 13 
22 0 9 8 11 0 1 0 0 21 13 4 0 10 0 12 15 0 18 6 0 20 0 16 0 
21 0 0 9 0 0 25 0 16 1 0 0 0 22 0 0 0 24 4 2 0 17 0 0 7 
15 0 23 5 0 0 17 24 0 7 11 0 16 3 0 25 0 0 0 0 8 9 1 21 6 
0 0 8 1 0 0 15 0 23 13 14 0 21 0 18 0 0 20 7 0 0 2 11 0 0 
14 0 0 11 0 0 2 0 0 0 25 15 9 0 4 23 0 21 0 10 16 5 22 0 24 
0 2 24 0 16 22 21 0 6 5 19 8 0 0 12 11 18 9 0 15 13 0 14 0 10 
5 19 0 16 0 21 0 12 0 0 0 0 18 2 15 0 0 0 20 13 24 0 3 6 8 
6 21 10 0 1 0 18 0 2 4 16 0 19 12 17 0 9 15 0 0 0 0 0 11 25 
18 0 0 0 25 0 0 7 1 0 0 13 0 11 5 0 0 0 3 12 14 0 16 0 21 
0 9 0 0 3 11 13 17 24 0 0 20 0 14 1 0 25 0 0 0 19 4 0 0 2 
0 11 14 15 23 0 3 6 22 16 7 0 0 0 24 0 2 19 5 8 0 10 0 0 0 
4 0 0 14 0 0 0 2 13 0 1 0 0 19 9 15 0 5 0 24 0 0 0 10 0 
9 3 15 22 0 0 14 0 0 0 21 10 0 18 0 2 0 7 12 25 0 13 24 8 0 
0 0 0 7 0 0 0 0 3 0 0 23 0 0 6 0 22 8 0 18 0 0 0 12 0 
10 12 0 0 24 18 0 0 0 0 0 0 5 0 0 6 0 1 0 23 2 0 0 7 0 
0 6 11 18 0 0 0 0 0 0 12 7 0 24 0 0 0 3 0 14 5 15 4 0 0 
