25 0 18 1 0 5 4 16 2 24 0 13 0 0 0 21 0 15 23 3 17 22 0 8 19 
22 11 0 0 0 6 1 8 0 18 0 23 4 9 19 0 0 10 0 0 15 0 0 0 13 
20 15 12 4 0 17 0 19 0 0 16 21 5 0 0 22 8 6 0 0 9 0 1 10 0 
21 0 19 0 0 23 7 10 20 22 25 17 8 0 24 0 0 18 0 0 16 12 2 0 0 
23 8 24 0 10 11 9 0 12 15 3 0 0 6 1 14 19 0 0 2 0 5 7 4 0 
0 0 9 14 21 0 19 11 6 0 0 0 12 17 0 15 3 0 0 25 22 0 23 16 10 
0 24 0 3 0 1 0 21 0 25 0 0 16 8 5 23 10 0 17 0 14 2 13 7 0 
7 10 0 11 0 0 0 3 24 20 2 0 0 4 23 0 0 14 0 0 0 21 19 5 0 
0 19 0 23 0 0 13 0 0 0 0 22 0 11 0 2 16 9 0 5 0 0 0 0 0 
0 16 0 5 13 0 0 0 9 0 0 0 0 18 0 19 22 11 21 0 0 0 0 24 0 
24 0 0 25 0 20 6 0 0 7 0 3 11 13 0 0 17 2 10 0 19 0 12 9 0 
11 13 1 0 0 0 10 24 19 0 5 20 14 0 0 25 0 0 0 8 0 0 0 22 0 
19 0 16 22 3 13 2 0 14 23 0 24 0 0 25 1 4 0 9 0 0 0 0 0 8 
15 20 10 8 0 0 0 18 25 11 23 0 0 0 12 0 13 16 22 0 4 7 0 17 5 
0 0 23 6 18 0 8 0 1 16 4 0 0 0 0 24 0 0 3 15 0 13 0 20 0 
16 0 5 0 0 15 25 4 22 6 0 7 3 0 0 0 2 1 14 13 0 0 17 21 0 
6 3 4 20 0 8 0 2 0 0 0 0 0 14 13 10 0 17 18 16 0 1 15 0 22 
0 18 7 0 11 0 17 0 5 21 0 0 0 0 0 0 6 0 19 22 13 10 4 23 0 
0 22 0 15 25 0 18 0 0 19 17 5 23 0 0 9 0 0 0 7 0 0 8 0 12 
17 0 0 0 8 12 0 20 23 13 1 0 18 0 0 0 0 25 0 0 7 0 9 19 0 
10 6 15 24 5 22 20 9 0 1 12 8 0 19 0 17 14 23 11 0 25 4 0 18 2 
0 0 13 18 23 0 5 15 0 0 0 16 24 0 21 4 0 8 6 10 11 19 0 12 7 
0 0 0 0 17 0 0 7 0 8 20 0 0 0 0 0 0 22 0 12 6 9 21 13 0 
0 7 22 0 0 0 0 13 0 4 0 0 0 23 18 0 0 3 2 0 8 0 0 0 24 
0 0 8 21 19 0 16 6 18 12 0 11 0 0 0 7 15 5 13 0 23 0 10 0 20 
