25 20 0 0 12 0 22 0 24 1 15 9 0 0 21 4 0 8 0 0 23 0 0 13 17 
0 0 23 0 0 25 9 2 15 14 0 0 3 17 11 13 0 20 12 0 24 0 21 4 19 
22 0 14 18 0 0 13 0 8 11 12 24 2 0 0 21 0 0 0 1 0 15 0 0 9 
0 0 0 0 4 0 12 0 17 19 0 0 0 20 0 0 25 0 23 0 3 1 5 2 0 
13 15 0 0 17 0 0 0 21 0 6 25 0 0 0 0 2 0 24 7 14 18 12 22 0 
19 8 0 0 18 0 2 4 23 12 0 0 0 24 1 0 0 0 0 6 17 5 22 25 20 
0 17 5 12 22 8 0 0 25 0 9 0 0 10 3 0 20 0 0 2 6 24 0 0 15 
24 0 0 6 13 16 14 0 0 15 23 0 21 0 0 0 0 7 18 25 0 4 19 10 0 
14 25 20 1 0 17 11 24 0 0 2 12 15 5 4 19 23 22 0 0 0 9 18 0 8 
7 0 0 0 16 20 5 13 0 0 17 0 6 18 25 12 24 14 10 8 1 0 11 0 0 
0 22 1 0 0 2 21 0 0 17 0 5 0 15 20 6 7 25 3 10 9 13 0 19 0 
20 0 16 7 15 0 6 9 0 0 21 23 10 2 0 24 17 18 0 0 0 0 0 0 0 
0 18 6 4 0 0 16 10 13 20 22 0 11 0 19 14 12 0 21 9 0 2 1 24 7 
0 0 0 0 0 0 0 25 12 24 0 0 0 13 7 16 8 4 0 23 22 20 6 0 0 
3 0 8 13 0 0 0 22 5 0 0 6 9 25 24 20 19 0 0 0 21 12 0 15 0 
0 11 24 25 0 0 20 16 14 0 3 21 0 1 17 0 0 0 6 12 0 0 0 8 0 
0 12 0 0 5 11 0 8 0 21 0 0 4 14 13 0 0 3 0 16 15 6 24 17 25 
0 14 0 0 0 0 24 0 3 4 0 11 22 0 0 8 0 23 25 21 0 0 0 9 1 
8 13 10 16 0 9 0 15 0 0 24 0 0 0 0 5 0 0 0 4 19 11 0 21 3 
2 21 4 0 3 0 0 0 6 0 16 7 0 9 8 0 0 0 1 14 12 22 23 0 5 
0 0 0 0 6 21 0 14 7 0 0 0 0 12 0 0 1 13 15 17 11 19 16 0 0 
1 0 17 0 0 0 0 11 0 5 0 15 24 21 2 0 0 12 0 22 0 25 0 6 14 
5 0 25 21 0 0 23 12 0 0 0 10 8 0 0 0 0 0 0 0 4 17 20 0 24 
0 0 0 22 14 24 25 0 0 10 0 0 0 7 0 11 0 5 8 20 13 0 0 0 18 
4 16 0 19 0 6 0 1 20 0 0 0 0 0 18 0 21 0 7 24 8 0 0 12 0 
