6 0 0 0 7 9 2 0 0 0 8 0 0 0 0 0 
10 0 14 13 0 0 0 5 2 0 16 7 0 0 9 0 
5 0 0 2 0 0 0 0 4 0 11 9 12 0 0 0 
9 0 8 12 11 0 16 13 0 5 0 1 0 0 2 0 
0 0 12 0 0 0 0 0 16 2 4 15 0 0 8 10 
0 0 13 0 16 11 0 12 0 1 10 0 5 7 6 9 
3 5 4 0 10 13 0 14 6 0 0 0 0 16 0 0 
16 6 0 9 8 0 7 0 0 0 12 14 0 4 0 0 
14 16 0 10 1 0 9 0 0 4 13 0 8 0 0 0 
13 9 0 0 0 3 0 16 0 0 0 8 0 0 0 0 
4 8 0 11 6 0 0 7 9 0 1 10 3 0 0 12 
0 0 0 3 0 0 8 0 15 14 6 5 16 0 0 13 
2 12 15 0 5 0 11 0 0 8 0 0 0 0 0 0 
7 0 0 5 0 0 15 6 0 0 9 0 14 11 16 4 
11 13 0 0 0 0 0 2 7 15 3 16 0 12 0 8 
8 14 0 0 9 7 0 0 13 11 5 4 6 0 15 0 
