13 6 0 9 0 1 7 12 0 2 0 15 0 10 0 0 
0 1 0 0 5 6 4 0 8 0 14 0 0 13 9 15 
16 0 0 0 10 13 0 0 11 1 4 0 0 0 3 2 
0 7 0 15 0 2 0 0 12 0 13 0 14 8 0 1 
11 10 12 0 0 0 3 13 0 0 0 5 4 7 0 6 
0 8 0 0 0 0 1 6 13 0 0 0 0 0 0 11 
0 0 6 0 0 5 0 2 0 7 10 11 8 0 0 0 
14 0 7 16 0 8 0 10 0 4 0 0 13 0 0 0 
8 4 0 13 7 3 0 5 10 0 0 1 15 14 0 0 
15 3 0 0 0 0 0 0 7 11 0 0 0 0 10 5 
0 0 0 5 15 11 0 4 9 14 0 13 3 1 0 0 
0 0 0 7 0 0 10 1 3 0 0 8 11 0 4 0 
0 15 3 0 6 4 0 0 1 0 0 0 16 0 5 0 
5 9 16 0 3 0 12 7 2 6 8 14 1 0 0 10 
0 0 0 10 0 0 16 8 5 0 0 12 6 0 15 0 
0 0 0 6 0 10 5 0 0 13 0 16 9 0 0 0 
