7 0 15 14 0 0 9 0 5 12 11 0 0 10 17 22 24 0 0 4 0 6 21 2 1 
21 19 6 0 0 2 24 3 16 10 0 4 0 9 5 0 8 15 12 7 0 13 22 14 18 
0 20 4 0 0 0 0 0 22 1 2 15 0 0 0 0 0 0 0 5 0 11 24 0 0 
13 24 0 12 11 18 15 0 0 0 6 0 16 0 23 2 0 0 21 0 0 8 4 0 9 
3 0 0 0 0 19 8 4 6 11 24 0 0 0 22 1 18 13 23 0 0 17 0 16 15 
4 15 11 8 0 0 25 1 0 0 0 0 0 16 20 10 0 0 0 2 14 18 19 0 17 
0 7 16 0 22 0 0 5 0 15 0 0 10 0 18 4 1 0 17 0 0 25 0 0 0 
9 0 25 13 0 17 18 21 0 4 23 0 6 1 2 0 14 24 0 15 20 5 16 12 0 
0 18 5 24 0 20 0 8 19 9 17 25 14 0 21 16 11 0 13 0 15 7 0 0 0 
0 0 17 0 23 0 16 22 0 0 0 19 3 4 0 0 0 0 5 0 9 0 0 11 0 
16 0 0 0 19 0 0 2 0 0 8 10 5 17 24 0 3 0 0 0 21 14 1 0 0 
0 10 18 6 3 0 11 9 17 0 0 0 21 20 25 14 2 7 4 24 0 19 0 0 16 
17 8 0 2 0 0 3 24 0 21 0 22 0 23 6 5 10 19 18 1 7 0 9 0 13 
0 0 21 22 0 1 0 0 0 16 18 0 0 7 19 0 0 9 0 6 0 12 5 0 10 
0 0 13 1 25 7 0 0 0 0 4 0 0 0 3 0 22 23 16 0 18 20 0 17 0 
11 0 1 16 4 8 0 0 25 17 12 21 9 0 0 13 20 0 0 0 0 0 15 0 19 
0 6 0 0 0 16 0 14 2 0 0 24 1 5 0 0 19 0 0 0 0 23 17 9 0 
2 0 19 21 18 9 4 0 0 0 0 0 0 6 8 0 12 0 0 10 0 0 11 0 20 
0 23 0 15 0 6 1 11 24 20 19 0 0 18 16 0 0 8 0 0 0 2 25 7 5 
0 25 9 3 0 13 19 12 18 5 20 23 0 15 11 0 7 0 0 0 0 0 0 0 0 
25 0 0 0 0 22 0 16 3 24 13 0 18 19 0 0 9 4 0 14 17 1 7 8 23 
18 1 0 0 16 15 6 0 0 0 0 0 23 0 7 19 21 2 10 0 0 4 12 0 0 
0 14 0 9 6 0 0 20 0 7 21 16 17 0 1 24 15 3 0 12 2 0 0 0 0 
22 0 0 4 0 0 14 0 1 23 0 0 8 12 0 25 5 0 7 17 19 0 0 0 0 
20 0 3 0 0 12 2 0 0 8 10 0 22 0 0 0 13 6 0 18 16 0 14 15 0 
