2 11 0 1 19 0 0 8 6 0 9 3 20 17 0 0 0 0 0 4 16 25 0 22 14 
0 12 13 8 16 0 24 20 0 10 0 25 0 18 0 14 0 0 23 0 0 0 0 1 7 
6 22 0 20 15 16 4 1 0 2 7 0 0 14 13 0 0 18 0 0 12 0 0 0 17 
0 0 10 0 18 0 0 0 3 0 4 0 19 16 12 0 0 0 0 7 20 0 0 8 0 
14 3 0 24 0 13 21 0 5 0 8 10 0 0 6 0 2 20 12 9 0 0 18 0 4 
0 21 24 5 0 0 0 0 0 0 12 0 23 0 0 25 3 0 8 0 4 0 0 16 0 
25 10 11 0 0 12 5 23 20 0 2 0 1 0 3 6 18 0 4 13 21 0 0 0 15 
0 0 0 23 0 2 6 4 0 0 18 13 0 5 15 20 0 12 0 1 9 0 17 25 10 
7 0 0 6 0 3 14 0 0 0 0 0 0 4 0 0 0 0 5 16 0 23 0 0 0 
12 0 18 9 0 0 0 16 0 0 22 11 0 0 24 0 14 2 21 0 3 0 0 5 0 
0 16 19 0 0 0 3 12 17 6 0 22 0 0 7 0 0 13 0 5 1 0 0 4 0 
9 5 0 0 0 24 0 0 4 14 0 0 18 0 0 2 8 0 7 3 6 0 21 10 11 
13 6 25 0 21 0 0 22 2 18 14 4 3 11 19 1 0 0 0 20 0 0 5 0 16 
0 23 20 0 12 0 11 0 0 25 6 0 9 2 1 24 0 0 0 14 7 17 19 3 8 
0 14 2 0 4 20 0 21 7 1 0 24 5 10 16 23 0 11 0 0 25 18 15 12 13 
20 1 0 15 0 0 0 0 0 12 0 0 0 0 0 3 23 10 0 0 0 0 9 13 5 
0 2 0 4 9 21 1 11 15 5 23 18 0 6 0 0 0 8 22 0 0 3 12 0 0 
11 24 0 12 0 6 0 0 8 3 1 7 15 19 0 5 9 4 0 0 10 0 0 0 22 
0 7 3 21 25 19 0 0 0 9 16 12 0 0 0 18 6 24 0 0 0 0 1 0 2 
18 0 5 10 0 4 22 13 14 0 24 0 17 0 0 12 1 19 0 11 0 6 0 7 21 
0 15 7 19 3 8 13 9 16 24 0 1 10 0 4 11 17 0 0 0 22 12 0 0 18 
16 17 12 13 0 0 0 7 1 20 3 0 6 0 0 0 10 21 0 18 24 14 11 0 9 
0 0 9 0 0 14 0 6 0 4 0 16 7 25 11 0 5 23 0 0 13 0 10 0 0 
0 0 4 0 8 11 0 5 0 19 20 0 0 24 0 0 0 1 15 0 0 7 0 21 3 
0 0 0 0 10 0 23 3 0 0 19 14 0 0 17 9 0 7 20 24 5 8 4 2 25 
