0 0 0 1 5 0 2 17 19 0 24 10 8 11 7 6 13 0 21 3 20 23 0 14 25 
0 2 19 0 4 0 5 0 6 22 23 0 0 0 12 0 0 0 1 0 0 0 0 16 0 
0 0 18 11 0 3 16 14 23 7 0 0 0 0 0 22 5 0 0 0 8 10 2 6 12 
0 0 10 0 17 20 21 24 12 11 15 22 6 13 3 19 0 0 14 18 0 9 0 1 0 
3 0 22 7 6 15 0 0 9 1 4 0 25 0 16 11 0 10 23 0 0 0 0 18 0 
0 0 0 2 1 21 0 0 0 12 17 0 0 0 4 10 19 5 11 0 23 16 0 8 0 
4 21 0 0 0 17 11 0 0 24 0 15 13 5 0 25 18 0 0 0 0 0 0 2 14 
0 0 14 12 7 0 0 5 0 13 20 19 0 0 0 2 0 21 9 0 1 0 0 17 4 
10 0 13 22 8 0 0 23 7 19 0 6 0 14 0 0 0 0 17 0 21 5 0 0 18 
0 0 17 5 15 0 20 6 22 18 25 0 1 8 0 14 0 0 0 0 0 11 0 0 0 
11 8 25 9 2 19 0 18 3 0 0 4 0 0 13 0 14 12 16 0 24 0 0 0 0 
22 19 0 20 10 9 0 0 0 25 0 24 0 0 0 15 6 0 7 0 0 0 0 5 23 
0 0 24 0 0 14 7 0 0 0 0 0 2 0 9 13 0 8 10 1 4 25 20 22 6 
0 0 23 0 12 22 0 0 0 0 18 0 0 0 0 21 0 0 19 4 14 17 9 3 0 
0 0 21 0 14 24 6 0 5 0 3 23 0 0 8 18 25 9 22 20 10 0 11 0 0 
23 7 2 25 3 0 0 11 18 21 8 16 0 0 10 12 0 14 15 5 19 0 17 0 22 
0 0 12 10 22 0 19 0 0 8 0 17 18 15 14 0 16 0 2 0 0 0 0 7 3 
13 9 11 6 0 0 10 3 15 14 12 0 0 0 22 24 0 0 20 0 0 21 16 0 0 
0 0 0 8 24 12 0 7 17 0 13 2 21 19 0 23 0 25 0 6 0 4 0 0 0 
14 17 0 21 19 0 0 16 0 0 0 0 23 0 6 7 22 0 0 0 0 12 8 20 0 
24 3 0 0 0 8 9 0 4 2 7 13 0 0 25 0 0 18 5 0 0 15 0 0 0 
15 13 0 16 23 5 0 19 0 0 0 14 0 4 20 0 0 22 8 0 3 2 0 0 17 
2 22 4 0 20 0 1 0 0 3 0 11 0 16 0 0 21 23 0 15 9 0 7 0 0 
0 5 9 0 0 7 23 15 0 0 2 8 22 0 18 3 10 24 4 11 13 14 0 0 1 
0 10 8 18 25 11 14 13 0 17 0 9 0 0 0 16 7 19 6 2 22 0 5 0 21 
