7 0 0 0 8 1 0 15 13 16 14 9 6 5 4 2 
0 0 15 16 0 0 0 13 0 0 8 0 11 0 10 12 
13 8 12 0 0 0 0 4 0 11 2 1 15 0 0 0 
0 2 0 0 0 3 0 10 0 0 0 0 8 0 0 1 
0 0 2 13 0 0 0 0 16 0 1 11 0 8 0 0 
0 16 0 0 13 0 0 0 8 0 0 15 0 6 1 3 
0 14 0 0 15 0 0 16 0 0 13 0 7 0 0 4 
0 0 0 7 0 0 8 0 4 0 5 0 0 0 15 0 
15 9 0 2 0 10 0 5 0 0 4 12 14 0 6 0 
16 0 13 0 3 0 6 2 11 0 7 10 0 0 0 9 
0 1 0 10 7 8 4 0 6 5 0 16 12 15 0 13 
0 6 0 0 1 14 0 12 0 15 3 0 0 10 0 16 
0 0 0 0 10 13 0 6 5 4 0 2 3 11 0 0 
6 13 0 11 4 0 0 0 0 10 12 0 1 0 9 0 
2 4 3 0 0 0 1 8 0 0 0 0 10 14 16 0 
0 10 16 12 0 0 2 9 0 1 0 3 13 0 0 5 
