3 2 0 23 24 0 0 0 20 21 0 0 0 5 12 0 0 0 7 0 4 13 11 10 16 
0 0 10 0 0 4 6 0 0 0 7 9 15 0 11 17 0 0 3 0 0 0 24 5 0 
21 20 0 0 19 0 0 0 0 0 4 16 6 0 0 22 8 0 0 11 0 0 12 0 0 
0 0 0 18 0 0 0 0 0 17 20 0 0 19 0 25 10 5 0 4 0 9 7 0 0 
4 0 0 7 9 0 5 0 11 0 24 17 0 21 0 13 0 19 12 16 0 3 0 0 22 
16 10 11 0 0 17 18 0 2 24 0 19 0 22 0 15 4 0 6 0 0 14 9 7 0 
0 0 12 17 0 19 4 0 0 0 5 2 7 18 21 0 9 23 22 25 20 11 13 16 3 
0 0 9 0 18 15 1 25 0 0 0 24 4 14 0 0 13 0 0 0 0 6 8 17 23 
22 0 0 0 4 0 0 0 0 5 0 0 0 0 15 0 12 20 14 0 24 0 0 25 18 
14 5 24 13 0 0 23 6 0 0 16 20 9 12 17 0 0 0 8 18 10 4 19 2 15 
0 0 0 0 0 13 10 0 0 25 0 0 17 6 0 4 22 8 0 20 5 16 0 9 0 
17 12 0 6 10 0 24 0 16 0 0 4 0 0 25 7 0 13 9 5 15 8 20 23 0 
0 13 19 20 0 0 8 11 0 23 22 18 24 0 14 0 0 0 15 10 6 0 1 0 21 
9 0 18 15 0 5 0 12 6 20 0 7 0 11 1 21 0 0 0 23 0 2 0 0 0 
25 14 23 16 0 0 0 17 3 4 9 0 20 8 5 19 11 0 2 1 18 12 0 13 0 
7 15 0 10 3 16 0 1 4 9 0 0 25 0 8 0 0 18 0 19 0 22 0 24 12 
1 23 0 25 12 8 0 0 10 18 0 14 16 0 6 9 17 22 0 0 11 5 4 0 19 
0 0 0 4 6 0 17 24 5 14 0 13 0 20 22 0 16 0 0 0 0 21 0 18 0 
18 17 0 0 0 20 11 0 13 15 19 10 0 24 4 23 6 7 0 8 0 25 0 3 0 
24 0 13 22 0 0 0 23 25 0 0 0 18 3 0 0 21 0 4 14 0 7 2 20 8 
0 24 7 3 14 0 0 4 0 2 0 0 0 15 0 20 0 25 5 0 0 0 0 0 0 
10 0 0 12 13 0 22 7 0 11 6 0 5 23 24 0 3 0 0 9 0 20 15 19 0 
0 19 0 9 0 0 0 8 17 0 14 21 10 1 0 18 0 4 11 22 0 0 5 6 0 
0 0 0 0 17 0 20 10 0 0 0 3 0 4 7 6 19 0 21 0 0 0 25 12 0 
2 18 25 11 0 24 15 0 0 0 0 22 0 9 0 0 0 12 0 7 0 23 17 21 4 
