0 0 10 7 0 0 9 0 0 0 14 11 0 12 0 8 
0 0 3 5 0 6 11 0 0 1 0 0 9 0 2 0 
8 0 0 2 14 10 0 13 15 16 6 0 1 0 0 5 
0 11 0 0 12 5 0 4 0 0 2 0 0 0 10 0 
4 10 13 0 9 8 0 0 12 0 3 7 5 0 16 6 
0 0 0 9 13 0 0 0 0 0 0 0 0 1 0 12 
0 14 15 8 7 0 0 11 0 6 0 13 10 4 0 0 
2 7 0 16 0 1 0 6 0 10 0 9 0 13 0 0 
5 0 0 12 11 13 0 9 0 0 0 0 3 16 0 2 
0 0 9 3 16 15 4 0 11 2 0 0 0 8 13 0 
0 0 8 0 0 0 0 14 4 0 0 1 0 5 9 7 
0 0 0 0 0 12 8 0 3 0 9 0 11 0 14 4 
7 0 16 11 5 0 0 12 0 0 13 0 0 9 0 0 
0 5 6 4 0 7 0 8 0 9 10 0 13 0 0 0 
9 0 0 0 4 11 1 0 7 8 15 12 6 10 5 0 
10 12 1 0 0 9 13 0 2 0 11 0 0 0 0 0 
