0 2 1 0 19 18 0 0 11 9 15 0 0 0 0 23 5 22 17 6 0 8 14 10 16 
0 5 17 6 24 0 0 0 8 7 0 21 0 0 0 25 13 3 12 14 22 19 20 0 15 
0 0 21 0 0 14 19 0 5 0 0 24 4 0 0 9 10 16 2 18 0 12 0 0 6 
9 0 0 10 8 13 15 1 12 24 0 0 0 6 0 19 0 7 0 0 2 0 5 0 0 
20 0 0 0 22 0 3 17 0 6 2 0 14 0 5 1 15 11 0 0 0 13 0 0 0 
8 0 0 0 0 0 0 22 0 1 0 14 0 0 17 0 2 0 3 5 0 11 15 0 13 
16 0 23 0 0 0 11 12 0 14 18 19 5 24 0 0 17 6 0 0 8 0 21 20 25 
6 11 0 4 5 0 25 7 3 15 0 16 9 0 10 20 21 0 19 23 18 0 0 2 0 
18 0 0 17 9 0 20 21 13 16 25 22 0 0 0 0 8 0 0 7 1 10 4 0 5 
0 0 7 0 0 10 0 5 2 0 0 0 0 21 0 16 0 0 25 0 0 6 19 23 0 
19 0 0 15 21 0 13 0 0 0 0 11 0 0 0 0 0 0 0 20 0 9 0 14 8 
0 10 3 0 16 6 0 0 0 0 0 0 7 0 0 12 0 4 9 0 23 15 18 1 0 
11 0 9 2 0 7 24 0 0 0 12 18 17 0 4 3 22 0 0 16 0 21 0 0 0 
14 22 20 5 23 0 1 0 15 12 0 25 24 9 0 0 19 0 6 13 0 0 10 3 4 
12 6 8 7 0 0 0 9 22 0 0 0 15 5 19 0 0 0 1 10 0 16 0 13 0 
0 0 0 22 18 1 0 3 24 4 13 5 10 2 12 6 0 0 14 0 0 25 8 21 0 
7 0 0 0 12 0 0 0 18 25 16 0 19 17 22 8 1 0 13 0 5 4 0 24 10 
23 16 19 14 0 11 22 0 0 0 0 0 8 0 24 0 18 9 0 12 13 0 2 6 1 
10 25 0 1 2 20 0 0 0 8 0 4 21 18 0 0 3 24 0 0 15 14 12 9 7 
5 0 24 0 0 12 0 2 7 13 6 9 1 0 0 0 16 0 10 15 19 20 0 0 0 
13 18 0 8 0 9 10 0 1 2 5 0 22 0 0 0 11 19 0 0 20 0 0 0 0 
1 0 0 0 0 3 12 13 0 0 0 10 0 15 14 0 0 8 0 25 0 0 0 19 0 
3 0 0 0 0 15 0 0 23 21 19 1 0 0 9 13 6 20 0 0 0 5 16 0 0 
21 0 22 0 15 0 0 16 0 20 17 13 23 3 0 14 12 1 0 2 0 0 11 0 9 
2 9 0 20 6 0 7 19 4 11 24 12 25 16 0 15 0 0 18 0 14 1 13 17 0 
