18 25 0 4 0 0 7 6 0 3 16 0 20 0 22 2 0 9 15 24 0 17 0 21 1 
0 19 6 9 0 0 0 8 0 10 0 0 0 18 0 11 21 0 0 20 0 0 0 0 12 
0 13 17 20 22 1 0 23 0 21 24 11 10 5 12 0 8 14 3 0 0 15 2 7 19 
3 0 0 0 0 0 0 19 14 0 8 25 21 0 13 12 1 22 17 4 0 16 18 9 0 
0 0 1 0 5 13 24 0 16 0 9 0 17 0 14 0 0 10 19 0 25 0 20 11 0 
0 0 0 0 1 16 9 24 17 0 15 14 22 11 10 13 2 6 0 0 8 0 5 4 0 
19 0 0 0 6 0 22 25 13 2 23 18 4 0 0 0 0 1 0 9 10 21 0 0 0 
0 0 13 18 16 0 0 0 0 8 20 2 25 0 3 0 4 12 0 0 0 6 1 0 0 
12 0 4 0 0 0 11 20 0 0 0 7 0 0 0 0 0 0 0 0 22 24 25 0 15 
20 15 10 0 17 0 0 5 18 6 12 19 0 16 21 0 24 7 25 22 0 13 3 0 9 
0 20 8 6 7 0 0 0 24 13 0 1 2 0 9 18 0 25 0 0 3 0 0 15 0 
13 11 15 1 0 17 3 22 0 25 14 12 19 21 18 16 0 20 0 0 0 2 9 0 0 
0 0 9 19 0 0 0 1 15 14 0 16 6 0 20 5 0 13 0 7 11 10 12 24 17 
0 0 12 0 0 0 20 2 0 0 7 0 0 13 4 24 14 0 0 0 18 0 0 25 21 
17 0 0 0 0 19 10 9 0 0 11 0 5 0 8 3 15 2 0 0 0 0 13 0 0 
9 0 0 0 12 0 0 0 22 0 19 0 7 15 11 4 0 21 13 0 0 0 17 0 2 
0 17 0 25 0 8 0 0 11 24 0 10 23 0 0 19 0 0 0 18 6 0 22 20 13 
0 0 0 22 0 20 23 17 2 15 0 3 9 0 0 1 11 24 0 14 12 7 4 19 8 
0 0 18 7 11 0 0 21 3 0 4 0 0 22 16 9 5 15 6 17 24 25 14 10 0 
8 0 0 0 20 4 0 0 0 9 13 17 0 12 0 0 0 23 0 2 0 11 0 16 18 
4 8 22 0 15 24 0 3 0 17 6 5 12 20 19 10 0 11 23 0 2 18 0 0 25 
14 9 3 0 0 0 0 11 0 23 1 13 0 2 0 0 7 0 22 12 0 5 0 8 0 
0 7 0 0 0 2 6 0 0 0 0 8 11 14 15 21 0 0 1 16 9 12 23 0 0 
11 0 0 24 0 22 8 0 0 0 10 9 18 17 7 0 0 5 0 0 15 0 0 0 14 
0 0 0 5 0 0 0 0 19 0 0 21 16 0 23 14 0 0 24 15 0 0 11 0 0 
