0 11 3 13 0 1 0 0 5 0 0 0 12 2 7 0 
0 0 5 4 0 0 16 7 9 0 0 0 0 6 0 13 
0 12 0 0 6 8 0 13 0 0 11 1 0 0 5 16 
14 6 0 16 11 0 0 9 0 13 0 0 3 1 0 4 
0 0 0 0 0 2 0 0 0 0 10 0 13 11 4 0 
0 16 11 0 7 0 0 0 14 2 0 0 0 8 0 0 
0 0 1 0 0 0 0 0 11 16 9 0 0 0 0 0 
0 0 10 0 12 14 0 11 0 0 5 13 0 7 0 0 
0 0 16 1 0 0 14 0 0 11 12 15 4 9 2 5 
0 0 0 11 4 0 7 0 10 9 16 2 1 0 13 8 
9 0 0 10 0 11 12 2 0 3 1 0 0 0 0 7 
6 14 0 15 1 0 0 8 13 0 7 0 10 12 0 0 
12 4 0 0 0 7 0 5 0 8 0 0 0 3 0 10 
16 0 9 0 10 6 0 0 0 7 0 0 8 4 12 14 
1 10 0 2 0 3 11 16 4 12 14 5 7 0 6 0 
0 0 13 7 0 0 0 0 1 10 0 3 16 0 0 2 
