0 0 11 9 12 8 1 2 5 4 7 0 0 0 0 0 
0 0 7 13 0 0 14 0 0 0 9 0 0 16 0 0 
0 6 15 0 0 0 0 9 16 1 11 14 0 0 0 0 
0 0 0 10 0 0 0 11 0 0 0 0 5 0 8 0 
13 7 0 0 0 1 3 12 6 11 14 5 15 0 2 0 
0 1 2 14 0 0 15 16 0 7 8 4 0 11 0 0 
0 0 0 3 0 2 11 0 0 16 13 15 0 6 0 0 
4 0 0 11 7 13 6 0 9 0 0 12 0 0 16 0 
10 0 0 0 0 3 0 0 0 0 16 2 0 0 11 0 
9 0 0 0 11 0 4 0 15 12 0 8 0 10 0 0 
5 3 0 8 0 6 0 7 11 9 10 1 0 12 0 15 
11 0 1 15 9 0 12 0 14 0 4 0 3 0 7 0 
0 0 13 0 4 16 7 0 0 0 0 9 11 1 10 6 
0 0 0 0 2 0 0 0 0 8 15 0 16 7 5 4 
7 0 0 0 1 15 5 0 0 10 6 16 0 13 0 3 
0 12 6 0 0 11 0 3 1 14 0 0 8 15 0 2 
