0 11 0 14 2 7 0 0 12 4 9 1 0 0 10 0 
0 0 0 0 12 0 4 0 0 0 5 0 0 11 0 0 
13 8 0 12 16 0 0 0 15 10 0 0 2 0 4 0 
0 9 4 0 0 0 5 0 16 13 0 8 0 6 3 0 
0 0 15 0 13 2 7 0 10 11 16 0 8 0 0 3 
0 0 0 2 0 0 10 14 0 12 3 4 6 7 16 9 
9 0 0 7 4 16 0 0 1 6 0 0 13 14 0 15 
0 4 0 16 9 0 8 11 14 0 0 0 0 2 12 0 
0 14 0 11 5 15 0 7 4 2 6 10 0 3 0 8 
15 0 0 0 8 0 0 16 0 0 0 14 4 0 0 11 
0 0 0 3 0 0 1 2 0 16 0 11 0 0 7 5 
8 16 2 0 10 0 0 4 5 0 1 7 12 9 0 14 
7 15 16 8 0 0 0 0 0 1 14 0 11 0 0 10 
0 0 12 0 3 0 0 10 6 0 0 0 0 0 0 2 
0 2 0 0 7 0 15 0 0 0 10 0 1 0 0 0 
10 0 0 0 0 0 16 12 7 5 0 2 0 0 14 6 
