0 0 3 5 0 0 0 6 0 14 7 4 15 2 0 8 
4 0 8 0 7 13 0 0 0 9 1 5 0 10 12 0 
0 0 0 0 5 11 2 0 0 0 0 12 6 0 0 0 
16 7 0 6 0 8 4 12 0 0 2 13 0 1 14 0 
8 0 0 7 0 0 13 0 4 0 0 0 0 0 11 0 
0 0 0 0 0 0 11 0 5 2 0 0 0 0 15 12 
10 3 0 0 15 5 0 7 0 0 14 1 9 0 0 4 
0 5 0 0 9 0 0 16 15 0 0 6 3 0 1 10 
7 16 6 1 0 9 0 2 0 11 4 0 0 0 0 0 
0 13 0 12 14 4 7 5 9 0 8 16 11 0 6 0 
0 0 0 3 1 15 0 0 0 5 6 0 7 0 10 0 
0 2 0 0 12 0 6 10 14 0 0 0 0 9 0 0 
2 0 7 16 0 14 1 3 0 6 0 0 0 15 9 5 
3 12 1 15 11 0 5 0 2 4 0 14 10 0 0 6 
6 9 0 0 0 12 0 0 0 15 5 0 0 11 0 1 
0 10 0 13 0 0 0 0 1 12 16 0 4 0 0 0 
