3 0 15 1 13 7 11 12 17 0 0 0 20 9 0 0 0 0 5 25 0 22 24 4 23 
16 0 14 0 23 0 0 0 0 24 4 25 21 18 17 12 0 0 0 20 0 0 0 8 2 
21 0 24 0 11 19 0 0 16 2 0 7 0 13 0 0 0 23 14 4 0 6 1 0 0 
22 9 4 25 17 14 0 0 0 5 0 12 0 0 0 13 8 1 15 0 0 0 0 0 21 
0 2 7 20 19 25 0 0 0 0 5 8 6 0 0 0 0 10 22 0 0 13 14 0 0 
23 0 16 0 0 20 4 6 1 0 17 5 25 10 11 7 0 0 19 0 8 0 0 0 0 
5 0 12 0 20 0 0 0 15 13 1 21 0 3 18 17 0 24 0 22 4 16 23 7 0 
13 4 11 0 0 0 12 0 5 0 0 6 14 19 0 16 0 15 20 0 0 0 0 22 24 
9 10 0 7 25 0 18 11 24 14 0 0 0 12 13 23 0 2 4 0 19 0 0 6 5 
0 17 0 19 0 16 22 0 0 25 23 24 2 0 20 5 14 0 0 3 12 0 0 0 11 
6 16 19 0 22 0 8 0 0 4 0 0 0 0 3 14 0 18 1 2 5 10 0 24 7 
0 0 0 4 0 9 25 14 0 6 0 0 0 0 0 0 10 3 13 19 0 0 15 20 18 
0 0 0 8 2 0 0 15 3 7 24 18 12 21 4 22 23 0 11 0 0 0 9 14 19 
0 15 9 0 0 22 16 23 0 0 6 0 0 8 0 0 7 5 0 0 13 0 4 11 0 
25 0 0 0 0 0 0 13 18 0 0 0 11 0 0 0 0 0 12 16 0 0 8 17 1 
8 3 0 0 4 0 0 0 0 0 10 22 0 0 0 0 19 20 0 13 0 0 0 0 0 
2 23 0 22 10 13 0 7 0 16 0 0 19 17 0 0 0 12 0 5 3 9 0 25 4 
11 19 13 9 7 0 14 0 0 10 0 2 0 0 0 0 4 25 0 6 0 24 22 16 8 
24 5 1 6 0 4 17 22 0 0 0 20 0 0 0 11 2 14 16 21 0 18 0 19 0 
0 18 20 17 0 3 0 24 19 1 11 4 16 6 25 0 0 8 9 0 21 7 2 5 13 
4 0 0 11 0 0 0 0 0 0 25 0 10 0 0 0 3 0 0 8 0 0 19 21 14 
0 25 23 14 3 0 0 16 10 15 19 0 5 22 21 4 18 11 2 12 0 0 6 13 0 
19 1 0 15 16 18 0 0 0 0 12 3 8 0 6 21 0 0 0 0 24 11 25 23 17 
10 0 0 13 8 23 7 19 14 17 18 11 0 0 0 6 1 16 0 0 0 3 0 12 0 
7 0 22 0 0 0 0 25 8 0 0 15 23 1 14 19 5 0 24 0 0 0 18 0 0 
