0 0 5 0 3 16 23 10 12 6 0 0 18 14 13 0 25 0 8 7 21 0 15 9 0 
8 9 22 18 0 0 0 19 0 0 0 7 11 12 0 23 0 0 17 0 1 24 0 20 3 
14 15 24 12 6 13 0 0 0 0 17 0 0 8 10 19 0 21 0 11 4 0 0 0 0 
0 7 23 1 20 8 0 22 15 9 21 25 19 24 0 2 0 12 18 0 0 0 14 0 0 
0 0 21 0 0 0 0 11 25 0 0 3 22 23 0 14 9 0 0 15 13 8 0 6 12 
0 20 7 24 19 0 21 1 0 0 23 0 8 22 0 3 17 9 0 0 0 4 16 0 2 
1 14 9 0 8 2 0 0 17 0 0 0 16 0 0 0 12 13 0 24 0 25 20 3 0 
12 4 25 16 0 0 6 24 0 22 0 0 21 0 17 18 0 0 0 19 0 0 11 0 1 
22 0 6 10 13 0 0 0 7 0 0 0 0 0 0 1 11 4 23 21 0 0 0 18 0 
15 0 0 17 0 0 10 4 0 20 0 0 0 0 19 0 0 8 14 0 0 0 0 0 0 
9 17 0 3 5 0 1 0 0 13 19 2 0 16 11 0 15 0 25 12 14 10 0 24 0 
0 8 0 0 0 19 0 0 16 14 18 21 0 17 0 0 1 10 24 23 9 6 2 0 0 
16 0 19 0 18 22 0 0 0 0 20 0 0 0 0 8 2 14 0 13 3 0 21 0 4 
2 23 10 0 4 0 24 0 0 11 22 5 1 13 14 6 7 0 0 0 20 12 25 0 0 
25 0 1 0 24 0 12 2 3 5 8 0 10 0 23 0 0 0 9 17 15 0 22 19 16 
4 0 0 21 10 0 0 3 0 1 0 17 0 20 0 22 0 19 16 2 18 5 6 13 0 
3 1 0 0 0 10 13 0 0 18 0 0 5 0 4 7 24 15 0 6 0 11 17 0 19 
6 0 0 20 0 0 0 14 2 24 13 0 0 10 0 5 23 25 4 0 16 0 0 0 0 
24 22 13 5 9 0 16 7 0 0 0 0 0 6 18 10 21 17 11 20 0 0 0 1 0 
0 16 17 0 0 5 4 6 21 12 0 19 0 1 22 0 8 0 13 18 0 20 0 15 0 
0 0 4 22 0 6 25 12 8 0 0 11 0 19 24 0 10 20 0 9 17 7 5 0 13 
10 0 11 0 17 1 9 18 0 0 0 0 0 0 21 12 6 23 15 0 0 0 0 16 20 
5 0 3 0 12 14 0 13 4 16 9 0 17 25 20 0 19 0 22 0 0 0 0 0 0 
20 0 0 6 1 0 11 15 24 0 5 0 12 18 8 17 3 2 7 0 0 0 9 25 0 
0 0 8 9 0 0 19 0 0 0 6 1 23 0 0 13 0 0 0 0 0 0 12 4 18 
