12 0 0 9 14 15 0 0 16 6 8 7 0 4 2 3 
7 11 0 8 16 0 0 0 1 0 0 0 0 0 6 0 
6 1 0 10 9 8 0 0 0 4 0 0 0 0 0 0 
0 4 0 0 0 0 0 0 0 0 0 0 0 0 0 9 
0 0 0 0 0 12 0 15 3 11 0 9 0 0 1 0 
16 9 1 0 0 11 0 0 8 14 5 0 12 6 0 7 
2 3 0 0 7 0 0 10 15 1 0 4 13 0 0 0 
5 7 4 0 8 1 0 0 13 16 6 0 10 3 11 15 
9 0 15 7 6 0 8 5 11 0 13 0 0 14 12 0 
1 12 5 0 0 10 0 0 0 9 0 8 6 11 7 2 
0 14 16 3 4 13 0 0 7 2 0 0 0 0 0 0 
0 0 6 0 0 0 0 9 0 15 0 0 3 0 0 0 
0 8 0 0 10 0 3 0 6 0 0 0 0 16 0 11 
0 0 12 0 15 9 2 11 14 0 0 0 0 7 0 6 
3 0 9 1 0 0 5 0 10 7 0 11 14 13 0 0 
10 0 0 6 1 14 0 8 9 5 4 0 2 15 3 0 
