0 0 2 9 0 7 3 15 12 6 0 0 0 0 8 16 
4 0 0 0 0 0 0 0 0 9 0 0 0 15 7 0 
13 0 12 0 0 14 11 8 0 5 0 0 9 0 1 10 
0 0 0 15 0 0 0 0 8 0 7 14 4 0 2 0 
2 7 0 0 0 11 13 0 0 8 3 4 14 16 9 15 
8 0 0 1 0 0 0 9 0 13 0 6 0 0 11 0 
0 0 0 11 0 3 2 0 7 14 0 5 0 0 0 13 
3 13 0 0 0 8 14 6 9 11 12 15 0 0 0 0 
5 2 0 3 0 13 1 14 11 12 0 16 15 4 0 9 
0 0 1 0 9 0 10 0 0 7 0 0 2 0 0 6 
11 0 10 14 0 0 6 16 0 0 8 9 0 0 5 0 
9 0 0 6 0 0 0 0 15 10 2 1 8 0 16 0 
0 1 0 12 13 0 0 10 6 2 0 0 0 0 0 0 
0 11 3 4 14 0 0 0 16 0 5 0 6 10 13 8 
14 9 0 2 0 16 0 0 13 0 0 0 5 7 0 11 
6 0 0 13 11 0 0 0 0 0 9 0 16 0 15 2 
