2 13 21 6 0 1 3 0 22 0 7 0 12 5 11 14 0 0 0 24 18 0 0 17 25 
11 0 0 0 14 0 15 0 0 13 0 0 20 17 22 7 23 6 19 0 1 3 2 8 0 
17 22 1 8 12 0 19 0 7 18 0 0 0 0 21 15 0 20 0 13 14 9 5 0 0 
19 7 0 0 16 9 5 0 0 0 8 15 0 1 0 2 0 0 0 11 0 22 4 12 13 
23 25 0 15 0 0 0 0 14 8 10 0 9 4 13 17 0 0 1 22 0 21 0 0 0 
7 0 0 23 0 0 17 0 20 0 0 0 16 6 2 0 0 24 25 3 0 0 0 18 12 
10 18 2 9 11 22 1 0 25 3 12 17 23 21 24 0 20 0 15 0 0 14 0 5 0 
3 20 25 0 24 0 0 21 6 0 0 18 8 0 0 19 0 14 13 0 0 11 0 1 15 
12 0 5 0 21 24 0 13 0 9 0 22 10 20 0 8 0 11 18 17 0 4 0 0 2 
0 8 0 17 6 0 16 0 18 0 0 14 1 0 4 0 2 12 0 0 23 0 0 25 20 
0 0 11 0 0 8 0 25 0 10 0 21 0 18 0 23 24 15 4 0 0 0 14 20 1 
25 0 7 18 15 21 0 1 16 17 0 20 0 2 0 0 13 0 0 0 0 24 0 0 5 
13 0 12 1 23 0 4 20 19 6 17 0 5 8 7 21 0 2 22 0 10 0 0 0 11 
0 17 0 10 4 0 0 15 2 0 24 0 11 9 1 20 16 3 0 18 25 0 21 23 0 
21 9 0 20 0 0 18 11 24 12 0 0 0 0 23 0 14 1 0 0 4 0 8 7 3 
0 6 0 0 0 25 0 7 0 24 0 1 14 11 0 13 19 0 0 0 0 0 17 4 0 
0 0 14 4 7 5 0 22 0 1 20 9 0 23 3 0 17 0 10 0 19 15 25 0 0 
1 0 19 0 0 17 0 0 15 4 2 0 0 0 0 18 0 9 3 12 24 5 0 0 0 
24 0 0 0 10 0 0 12 0 0 0 4 0 13 0 0 15 0 7 1 9 6 18 0 23 
0 5 0 25 8 0 0 0 0 23 6 12 0 10 16 0 21 4 0 20 0 1 0 13 0 
0 0 20 2 0 0 0 9 12 19 0 0 0 22 6 0 7 0 24 0 0 0 13 0 4 
4 19 22 13 1 0 24 0 0 0 0 11 7 14 25 9 0 0 0 0 8 12 0 0 17 
0 15 0 7 25 23 8 0 0 0 21 0 0 0 0 12 0 13 6 16 2 0 1 0 22 
0 0 0 14 3 0 0 17 1 0 13 8 2 0 0 4 0 0 20 0 0 7 0 6 18 
6 21 23 12 17 0 0 0 13 22 4 0 3 15 0 0 8 25 0 10 0 0 19 0 0 
