0 0 0 17 0 6 23 0 12 0 0 20 1 0 0 0 0 4 9 11 0 21 0 0 0 
0 9 1 20 5 22 3 14 8 0 0 0 0 16 0 19 23 21 13 0 24 18 6 0 0 
0 19 0 12 0 25 13 18 0 1 0 23 8 21 0 0 0 5 0 20 0 0 0 0 0 
4 15 16 0 0 17 7 9 0 0 0 0 0 22 3 14 0 0 24 0 2 10 12 0 13 
24 0 3 0 0 0 4 16 0 21 6 9 12 17 0 0 0 15 10 0 0 0 0 22 0 
9 0 0 0 0 19 1 0 0 3 12 0 0 0 0 5 0 23 0 0 8 16 0 7 0 
1 0 0 0 6 9 0 13 7 0 4 0 3 0 15 10 18 0 0 16 12 0 17 23 24 
3 0 4 5 19 0 0 21 24 17 2 16 0 10 23 25 0 0 8 0 0 0 18 9 0 
0 0 23 0 15 0 6 8 25 4 0 0 0 0 0 3 2 0 0 13 14 0 0 19 21 
0 0 18 0 0 15 12 0 0 23 8 17 14 0 5 0 6 9 0 24 0 3 1 4 2 
20 18 0 13 17 7 0 0 0 0 21 8 6 0 0 1 24 0 22 0 0 12 0 14 4 
8 5 0 1 24 0 0 0 4 25 11 0 16 12 17 13 0 0 15 10 0 0 23 0 6 
0 16 11 0 0 23 8 17 1 14 0 10 0 24 19 4 12 6 18 21 0 0 3 13 20 
0 23 0 0 0 24 19 0 13 0 9 18 0 1 4 7 17 2 0 14 15 0 11 10 0 
2 0 0 6 9 0 0 12 0 0 0 0 15 0 14 8 20 0 5 0 21 0 22 17 1 
19 24 17 9 4 13 18 0 0 12 0 7 0 0 6 15 16 10 0 0 0 0 14 0 0 
12 2 0 11 0 14 25 0 0 0 10 24 0 0 0 22 0 20 19 4 6 0 15 21 16 
5 22 0 14 0 11 0 4 6 15 16 2 23 20 12 9 21 0 0 3 0 17 0 0 7 
0 3 15 0 0 2 0 24 0 0 1 11 0 13 22 17 0 12 6 0 4 0 25 5 0 
0 0 6 0 20 0 0 0 0 19 14 0 0 0 0 11 0 24 0 18 22 0 13 3 12 
23 0 8 24 3 4 21 25 0 0 22 0 0 2 0 12 15 0 7 5 0 14 0 0 18 
22 17 0 4 0 0 0 7 0 18 20 14 0 0 1 0 13 16 0 9 10 11 24 12 0 
0 25 9 0 16 0 0 10 0 0 18 0 7 0 0 0 0 0 3 8 0 0 4 2 23 
0 0 12 0 10 3 0 5 20 6 0 19 9 0 16 23 11 0 0 0 7 13 21 0 22 
0 6 0 19 0 0 0 2 14 9 23 0 5 0 21 24 10 0 0 0 0 15 16 0 25 
