0 0 15 11 6 9 0 14 0 3 0 0 0 0 7 16 
0 0 0 7 0 0 15 10 9 1 0 0 0 0 14 13 
16 0 9 0 11 0 5 0 0 15 14 0 0 3 0 0 
3 6 0 1 4 0 0 0 0 0 0 8 10 9 0 0 
6 0 5 0 10 2 16 0 1 4 12 0 0 8 0 0 
1 2 0 0 0 12 0 0 0 0 5 9 0 6 4 0 
12 11 0 0 0 4 7 0 6 0 0 0 0 0 5 2 
13 4 0 0 0 5 6 3 10 0 0 0 14 0 0 0 
4 0 0 13 0 10 0 8 15 0 0 0 7 2 0 0 
8 0 0 0 0 11 12 9 4 0 0 3 1 16 0 14 
0 3 0 15 1 6 0 5 11 16 0 0 0 13 0 0 
9 0 0 16 14 7 2 0 0 0 10 5 0 0 11 4 
15 9 8 5 7 0 0 16 13 0 3 4 0 14 2 0 
0 0 13 4 2 15 8 0 14 5 0 0 0 7 0 0 
11 7 0 3 5 0 0 6 16 0 0 1 0 0 0 10 
14 16 0 0 0 0 0 0 7 0 0 15 5 0 8 12 
