1 22 0 8 0 0 18 25 9 0 0 11 0 23 21 0 0 0 20 24 0 0 5 14 0 
19 0 0 2 0 14 6 23 0 0 13 0 0 0 0 0 16 10 17 21 24 0 9 25 4 
21 0 0 0 23 3 22 15 0 11 9 16 0 24 0 25 0 0 7 5 0 10 20 8 6 
17 0 0 0 0 19 24 1 16 5 3 0 12 0 6 0 14 0 9 2 0 23 0 0 22 
3 0 9 24 6 13 0 12 0 21 0 5 7 14 25 0 22 0 23 11 0 17 15 0 0 
0 13 0 0 0 11 0 0 0 19 18 25 9 0 2 16 8 0 10 14 23 0 0 6 17 
12 0 0 16 22 0 0 9 14 0 23 0 19 20 13 18 1 11 0 0 0 0 0 0 0 
5 0 0 10 24 7 25 8 6 12 14 0 0 0 0 20 0 0 13 4 22 0 2 0 9 
18 9 17 25 0 0 0 0 10 0 0 0 0 11 0 0 12 24 21 22 19 0 0 0 14 
14 11 0 0 1 0 16 22 20 0 0 24 0 0 0 0 0 23 0 0 0 0 8 4 13 
22 0 3 0 0 5 14 24 11 4 12 0 0 0 7 10 0 0 0 0 0 20 23 15 1 
4 5 10 19 0 21 0 0 25 6 22 20 11 1 17 0 0 0 3 7 0 8 24 13 16 
0 0 0 11 0 16 7 0 13 22 24 0 14 0 3 4 21 15 0 8 2 0 10 9 5 
0 0 0 6 2 8 23 0 0 0 10 4 25 0 0 24 17 0 16 12 0 0 14 22 0 
0 0 0 23 0 1 9 18 12 0 0 0 0 19 0 11 5 2 0 0 0 4 0 0 0 
23 0 24 0 13 0 0 6 15 0 0 3 0 0 0 0 0 0 0 19 0 7 0 16 11 
0 20 0 0 0 0 0 5 0 13 11 18 22 0 23 21 24 6 15 0 0 2 3 1 0 
15 19 0 1 0 0 8 16 0 0 0 9 0 12 0 0 20 25 0 13 0 24 0 0 18 
6 0 25 5 17 2 0 3 0 0 21 19 0 0 15 23 9 0 14 16 20 22 12 0 0 
0 21 0 0 0 0 19 0 17 1 8 6 0 7 24 0 10 0 11 18 0 25 4 23 0 
0 0 0 15 0 24 0 11 23 16 0 14 0 5 20 0 18 4 8 3 10 1 19 0 0 
0 24 0 4 21 6 0 0 1 0 19 0 0 0 22 17 15 9 0 10 8 0 0 3 0 
8 6 12 0 5 22 13 0 21 15 0 0 3 17 18 0 0 0 24 23 4 0 11 2 20 
0 7 23 18 20 0 17 0 3 0 0 0 0 25 0 0 0 21 2 0 5 6 0 0 24 
0 3 0 17 19 0 2 4 0 0 0 0 0 0 9 22 11 20 0 6 15 0 13 7 23 
