5 0 0 3 0 1 15 18 20 13 6 0 17 0 0 0 14 8 10 4 0 25 0 0 0 
0 8 0 13 0 21 0 0 9 17 0 0 10 14 16 6 0 12 0 3 5 2 1 7 11 
14 15 0 0 0 0 7 0 12 3 18 0 0 0 25 5 24 1 0 0 0 0 0 19 8 
0 1 0 0 0 0 0 0 5 10 0 13 0 21 24 0 0 0 20 7 17 3 0 16 15 
0 12 0 7 20 0 0 0 0 2 0 4 5 0 3 16 17 22 25 0 10 18 0 6 0 
20 18 5 9 0 0 0 6 25 0 0 24 12 7 0 0 0 15 14 0 0 19 0 0 0 
15 0 24 17 0 0 3 5 19 0 4 6 0 0 0 1 0 0 7 0 0 0 0 0 0 
11 14 13 22 25 0 16 17 10 24 0 19 0 9 1 4 3 0 5 12 23 0 18 0 0 
21 6 0 8 12 0 0 13 0 7 5 15 0 16 10 0 19 0 0 0 0 0 24 25 0 
0 0 7 0 0 0 0 2 0 0 17 0 3 0 0 0 25 9 24 0 0 10 5 4 13 
17 16 0 0 24 23 18 22 0 5 0 7 0 0 0 3 0 14 1 0 12 0 0 10 20 
22 9 8 0 0 0 0 12 24 16 14 1 18 0 23 2 11 0 13 0 4 17 19 21 7 
23 10 0 0 19 11 0 0 0 14 15 0 0 0 0 9 22 7 0 0 16 1 13 0 3 
3 7 0 1 5 10 0 0 4 0 11 0 13 0 6 0 0 16 18 24 22 0 0 23 0 
25 0 0 0 0 0 0 0 0 0 0 0 16 10 17 23 0 19 4 5 9 6 0 18 24 
0 24 11 0 0 0 0 20 17 4 2 25 6 0 0 0 1 10 22 18 0 9 7 0 5 
12 17 10 0 0 0 13 24 2 15 16 0 14 0 0 0 0 20 0 0 6 0 0 8 0 
0 0 1 19 0 25 6 3 0 18 8 0 7 0 5 24 0 0 16 15 2 22 0 20 23 
0 3 20 0 0 0 0 0 11 0 9 0 19 0 0 25 4 5 0 0 18 21 17 24 0 
4 0 22 0 6 0 0 9 0 0 24 0 1 0 15 0 0 23 0 11 14 0 0 0 0 
0 23 19 16 0 0 0 14 0 0 10 0 0 0 11 7 13 18 8 22 25 15 0 9 2 
10 0 15 21 0 12 0 7 22 0 23 0 0 0 0 14 6 24 0 0 0 13 3 0 0 
0 0 0 5 9 15 0 0 18 21 3 14 22 17 13 0 2 0 23 0 19 0 6 1 0 
13 20 14 2 17 24 9 0 0 6 0 0 4 0 19 0 5 3 11 0 7 23 0 22 18 
0 22 3 24 11 0 2 1 23 25 7 18 15 6 0 0 0 4 19 0 0 5 16 14 21 
