0 0 0 0 0 0 0 0 0 2 0 4 8 0 0 0 
0 0 0 5 0 0 0 10 12 0 6 0 0 2 7 0 
0 11 0 1 0 13 5 7 3 15 0 9 6 4 16 14 
0 0 4 7 6 3 8 0 0 13 5 0 15 11 0 12 
0 15 6 14 11 0 7 2 0 0 4 0 0 0 3 1 
0 1 0 0 15 12 9 8 0 0 13 6 10 7 0 16 
7 0 16 11 0 4 10 0 0 0 0 0 0 0 0 0 
9 12 10 13 14 0 6 0 0 3 15 7 0 0 4 5 
0 14 15 10 0 0 12 0 7 16 0 5 0 9 0 2 
0 0 0 0 9 0 1 0 0 12 0 0 0 0 14 15 
0 13 9 0 10 0 16 0 15 0 3 0 0 0 8 0 
11 3 7 16 0 0 0 0 4 0 0 14 12 0 0 10 
15 0 0 3 1 0 0 6 5 10 0 0 0 13 0 0 
13 4 1 8 16 15 2 12 0 7 0 0 0 0 0 11 
0 0 0 0 5 0 3 14 13 8 0 0 0 0 9 0 
0 0 14 9 7 0 11 0 0 0 2 0 1 16 12 0 
