13 9 15 11 12 6 1 0 14 16 0 0 0 0 0 0 
16 4 0 0 0 15 0 10 0 0 5 8 2 6 11 0 
6 0 0 0 0 9 0 14 0 0 0 0 5 12 16 15 
0 0 2 3 0 0 16 7 0 0 11 0 0 1 13 0 
5 1 0 12 0 0 0 0 0 0 0 7 16 14 9 13 
14 16 3 0 9 0 0 0 0 0 2 13 0 0 0 12 
0 7 10 9 15 13 0 0 16 8 0 14 0 0 0 3 
0 0 4 0 0 0 0 6 3 11 0 0 0 0 1 0 
0 0 13 2 0 0 5 15 9 1 8 12 14 0 0 0 
0 3 0 0 0 0 0 2 0 0 0 10 13 9 8 0 
0 0 14 6 0 0 9 0 0 0 7 0 4 0 15 10 
9 15 0 4 6 10 11 8 13 5 0 16 12 0 2 1 
4 0 16 5 0 0 12 9 7 0 0 0 11 8 0 0 
0 0 0 1 10 0 15 0 0 0 0 6 9 13 0 0 
0 0 0 0 7 11 6 0 8 0 13 5 1 0 0 2 
0 0 0 15 8 0 13 3 10 0 9 1 0 0 0 4 
