0 5 2 9 0 0 0 0 16 0 0 1 12 8 7 0 
0 0 1 6 7 8 4 0 0 0 0 15 0 3 0 9 
10 12 0 0 11 5 0 2 9 8 4 0 14 0 15 0 
15 7 0 0 9 0 0 16 0 0 0 0 0 6 2 0 
0 0 15 0 0 0 0 1 0 0 0 5 0 9 16 0 
0 8 5 10 0 0 7 12 2 0 0 0 0 11 0 0 
0 1 6 0 0 4 5 0 11 16 15 9 0 0 12 7 
12 0 11 0 3 0 13 0 8 0 0 0 0 4 0 0 
5 0 16 0 13 0 14 4 0 11 0 0 0 0 1 8 
1 10 9 0 0 0 0 11 13 15 8 0 16 0 0 6 
7 2 13 0 0 0 8 0 0 0 0 6 0 0 14 11 
0 0 0 4 0 7 0 15 0 0 0 16 3 2 13 12 
0 0 10 0 0 11 0 0 4 0 0 8 15 12 6 5 
8 0 7 0 0 1 15 0 14 0 10 0 2 0 11 0 
0 15 0 1 0 0 0 5 0 0 16 11 0 0 9 14 
0 4 0 11 12 9 2 10 15 0 3 13 0 0 8 1 
