6 0 0 0 12 1 0 0 14 0 9 0 0 0 13 10 
0 2 0 0 3 0 0 10 0 0 5 0 9 0 14 0 
0 0 0 10 0 0 0 14 0 0 8 13 0 3 1 0 
1 0 0 14 0 0 13 0 0 10 0 0 4 7 12 2 
0 0 5 3 0 14 0 0 0 6 10 0 12 0 0 0 
0 14 9 0 10 12 0 13 0 2 16 11 0 0 15 4 
2 10 0 12 0 0 0 9 1 3 0 0 7 14 8 13 
0 1 16 0 7 0 3 11 0 14 0 0 5 0 0 0 
10 0 6 9 2 0 0 0 0 8 1 0 13 12 0 7 
3 0 15 0 0 6 12 0 0 13 7 0 8 5 0 0 
8 0 0 7 0 0 10 16 5 0 6 0 15 2 4 0 
13 16 0 11 8 7 0 0 0 0 0 0 14 10 6 3 
11 0 0 0 5 0 15 12 0 4 14 0 16 6 0 9 
14 0 4 13 0 0 0 3 7 5 0 12 1 8 11 15 
0 0 0 16 0 8 1 0 0 9 0 3 0 0 5 0 
0 8 0 0 0 0 0 0 6 0 0 1 0 13 7 0 
