0 0 7 0 13 8 0 0 0 5 2 0 11 0 12 14 
0 0 14 0 0 4 0 16 0 3 0 0 0 7 6 0 
2 1 0 5 0 12 0 0 4 0 0 0 0 0 16 0 
8 11 0 4 0 0 0 0 13 0 12 16 0 10 0 3 
0 0 12 0 0 10 8 0 0 6 0 0 3 2 0 0 
14 0 16 3 0 0 12 2 0 15 5 13 0 0 8 4 
9 0 0 11 6 13 7 4 16 10 0 2 12 0 14 0 
7 0 0 0 0 15 0 14 9 0 1 12 0 16 0 0 
12 8 0 0 7 16 4 0 2 11 15 0 9 3 13 0 
1 7 0 13 0 11 2 0 3 0 14 6 8 5 15 0 
16 0 11 0 3 0 0 8 10 1 0 0 4 14 0 12 
0 0 5 0 14 6 13 0 12 16 0 0 7 0 0 0 
0 2 13 8 0 7 0 11 0 0 10 0 0 0 0 9 
0 0 0 0 8 0 15 13 0 9 0 0 16 12 0 2 
0 0 0 0 0 9 5 0 0 0 0 0 14 0 4 11 
5 9 0 16 1 2 0 0 0 13 0 0 0 0 7 0 
