1 0 4 3 5 6 0 0 0 9 7 0 10 0 0 0 
0 0 0 15 8 13 0 0 0 10 0 0 9 0 1 0 
8 6 9 5 1 7 2 0 0 0 0 0 3 0 11 14 
13 0 12 0 9 15 3 0 0 11 0 0 0 8 0 0 
12 1 14 2 11 16 0 3 0 0 15 10 6 5 0 0 
0 0 13 9 0 2 0 12 0 6 3 16 0 1 10 0 
3 0 7 6 10 4 0 15 5 0 0 0 2 0 0 0 
0 0 10 4 0 0 1 0 0 7 2 13 0 14 0 0 
16 2 1 13 0 0 4 0 0 3 0 0 0 7 0 0 
0 0 5 0 0 11 10 0 0 0 16 2 0 3 4 0 
4 0 15 0 0 3 5 2 0 0 13 0 0 0 0 0 
0 0 0 11 13 1 16 7 10 4 0 0 12 2 0 15 
0 4 0 0 0 0 0 13 0 0 11 15 0 10 8 3 
0 0 0 7 0 14 6 1 0 0 0 4 11 9 13 5 
0 0 0 8 0 10 0 0 0 5 0 0 1 0 0 0 
10 0 11 1 0 0 0 0 0 13 6 7 16 4 15 2 
