0 0 11 0 0 0 14 10 0 0 9 0 0 1 0 0 
0 0 0 0 0 0 0 16 3 0 13 5 0 12 11 10 
0 16 14 13 15 12 3 6 0 0 0 4 8 9 5 7 
0 9 0 4 1 8 0 5 0 0 14 6 0 16 0 3 
0 0 13 8 10 15 0 9 0 14 0 11 0 0 3 5 
9 0 1 6 0 0 13 8 5 0 15 0 0 14 7 0 
11 3 0 10 0 0 5 2 0 13 0 0 0 0 6 8 
5 0 0 7 0 11 0 0 0 3 2 9 0 10 0 0 
4 7 0 0 8 0 0 0 0 0 10 0 16 13 14 11 
0 1 8 11 12 14 9 0 0 0 0 0 0 0 2 0 
0 12 0 0 13 0 2 11 6 8 0 0 0 5 1 0 
0 0 9 0 0 0 16 0 0 0 0 15 10 0 8 0 
6 0 0 9 3 0 8 14 15 0 0 0 0 11 16 0 
14 0 3 0 0 0 0 15 0 0 0 2 0 0 10 13 
7 0 0 15 2 6 1 0 0 4 0 16 0 8 9 0 
0 8 4 12 0 16 10 0 0 0 0 0 6 7 15 2 
