4 0 0 23 0 0 0 0 19 0 25 17 8 0 6 1 11 12 21 7 24 13 0 0 2 
21 0 0 3 0 0 0 0 0 0 18 0 5 1 22 20 0 2 0 0 0 16 0 11 0 
0 14 1 12 0 0 22 15 2 0 0 4 16 9 19 17 0 0 0 0 10 8 20 7 6 
9 0 0 0 13 16 0 0 17 0 0 0 0 0 0 0 0 0 0 8 0 18 0 0 12 
8 2 0 10 20 0 12 0 0 25 0 15 13 0 0 19 0 0 0 4 17 0 0 22 23 
0 9 25 0 8 17 5 2 0 24 0 0 4 23 7 0 22 20 18 0 0 14 19 0 3 
20 13 5 19 0 14 0 0 4 0 0 0 0 21 11 0 0 0 0 0 16 25 0 0 9 
2 0 6 11 10 7 0 13 0 12 0 20 0 0 0 9 5 14 24 21 23 22 0 15 18 
0 0 3 21 0 15 0 9 0 11 5 24 14 0 0 0 25 19 1 0 0 0 8 0 0 
14 22 0 7 24 8 25 21 20 19 0 0 9 18 0 0 0 17 13 2 0 5 1 6 0 
0 0 7 25 21 20 11 0 13 9 3 19 22 12 5 15 0 24 0 10 6 0 18 4 0 
6 0 20 24 3 0 0 17 15 0 11 0 0 0 18 13 0 16 0 0 0 1 0 0 8 
0 5 0 14 0 24 0 3 0 10 17 21 2 16 0 6 0 0 0 0 0 20 0 12 0 
18 11 13 0 9 0 2 4 14 16 0 1 0 0 0 0 0 22 5 20 0 0 21 19 0 
0 17 0 4 12 0 0 25 0 0 0 10 20 0 0 0 1 0 0 0 0 23 3 16 15 
0 0 16 9 0 4 3 22 0 23 12 5 0 0 8 21 2 13 0 0 18 7 24 0 20 
0 0 10 13 0 21 8 0 7 14 0 9 18 0 4 0 20 11 12 3 0 15 6 17 0 
0 20 4 22 0 0 0 0 12 13 0 7 11 17 0 18 0 0 10 25 0 9 2 0 16 
3 0 0 15 0 25 0 16 9 0 6 0 10 14 0 5 0 7 8 0 4 0 12 0 0 
0 12 0 5 0 0 0 0 0 0 0 0 24 20 0 0 9 0 0 17 0 19 0 25 21 
10 21 0 16 22 5 0 19 24 0 4 0 17 7 0 0 18 3 6 1 0 12 0 9 0 
0 0 0 17 5 2 18 12 0 0 0 0 3 0 16 22 19 0 0 0 0 6 0 0 0 
7 25 12 18 0 0 9 8 21 0 1 13 0 0 23 0 0 10 11 16 0 0 0 20 5 
13 3 15 20 0 11 14 0 25 0 9 18 0 5 24 7 23 0 0 0 0 2 0 8 19 
19 24 9 2 0 0 4 20 16 1 14 11 6 0 0 25 21 8 15 5 7 0 13 18 0 
