14 2 13 0 0 21 22 0 0 8 12 16 9 0 25 0 0 24 0 3 7 0 20 5 4 
9 3 0 15 0 10 0 0 0 19 0 17 18 11 0 13 0 12 20 0 1 22 0 2 24 
22 5 24 21 0 0 16 11 1 20 0 0 15 0 0 25 0 4 6 7 0 0 0 0 0 
0 6 17 23 0 0 0 3 0 7 19 20 14 22 0 5 0 0 0 1 0 15 16 8 11 
0 1 20 0 0 0 5 2 0 12 7 0 0 0 13 0 14 0 11 22 0 0 23 0 18 
0 12 0 10 0 23 0 13 14 21 0 25 0 2 0 0 0 17 0 8 0 0 0 4 5 
3 0 22 0 9 0 0 0 5 0 0 0 8 0 0 0 0 0 7 2 13 16 17 15 0 
13 17 0 7 23 16 6 25 0 24 0 18 19 0 9 20 0 21 5 11 3 0 8 0 10 
4 21 0 5 8 15 3 0 0 9 20 0 16 7 0 22 13 25 10 24 0 19 0 0 23 
0 0 15 24 0 19 0 0 0 17 0 0 5 0 22 0 0 3 0 14 11 25 6 9 0 
0 0 0 0 0 20 0 0 0 11 16 1 25 8 24 14 22 0 12 4 0 0 15 7 13 
0 0 1 0 0 0 0 0 0 0 9 4 0 5 0 21 0 6 0 0 0 12 19 3 0 
8 13 0 22 0 3 25 0 4 0 18 0 0 12 6 19 23 7 0 0 16 9 11 10 20 
2 20 0 18 0 7 17 0 12 13 22 10 21 14 0 0 8 9 15 0 4 1 0 23 6 
25 4 0 0 12 22 15 5 23 6 0 0 13 0 0 0 0 0 2 0 24 0 21 0 0 
0 0 11 0 0 24 23 16 25 0 6 0 20 0 7 2 4 14 0 12 19 10 0 18 0 
6 18 0 19 0 9 8 0 0 14 1 0 0 25 23 17 24 0 0 0 15 0 22 11 0 
0 0 7 0 0 0 0 0 2 5 0 0 22 9 18 16 19 11 1 0 0 0 0 24 25 
0 24 0 0 21 0 0 0 0 3 0 0 0 16 0 0 0 0 8 0 23 7 0 0 0 
0 25 0 2 16 11 0 22 0 0 21 0 0 0 15 0 0 18 23 9 5 8 1 20 12 
0 10 12 0 0 0 0 15 13 22 23 9 17 0 0 0 2 0 18 0 0 5 0 0 0 
11 0 0 3 5 2 1 0 20 25 4 22 6 24 12 0 0 0 14 21 0 23 0 16 0 
20 0 0 0 2 8 12 21 7 18 0 0 0 19 0 0 9 16 24 0 14 0 4 22 17 
21 22 6 16 0 5 9 14 0 0 0 0 0 0 0 0 11 20 25 15 0 0 10 19 0 
7 0 0 8 1 4 24 10 0 16 0 0 3 15 0 12 0 23 22 17 6 13 0 21 0 
