0 13 0 14 0 1 16 0 0 4 0 0 7 0 0 8 
4 12 0 7 0 9 0 0 0 13 0 3 0 15 2 6 
0 16 0 9 2 3 13 0 7 15 0 6 12 1 14 0 
0 15 0 0 14 0 6 0 0 0 0 12 0 4 13 0 
6 0 0 0 9 8 10 0 13 12 0 0 0 11 0 1 
8 0 3 16 0 2 0 6 4 5 7 14 15 0 0 10 
0 0 12 10 0 4 0 0 3 0 0 9 0 0 16 0 
2 0 13 15 0 5 0 12 0 0 0 0 0 0 0 14 
0 0 0 0 7 6 0 16 0 0 0 0 1 0 15 0 
14 0 0 0 4 0 15 0 6 0 0 0 9 8 0 0 
7 4 9 6 0 0 0 3 1 2 14 15 13 10 0 16 
15 8 16 13 0 14 0 1 5 9 3 10 0 0 0 0 
16 5 0 0 6 13 0 0 15 0 0 1 14 0 9 0 
9 1 0 4 0 16 0 0 12 7 0 13 10 5 0 15 
0 2 15 0 0 0 0 0 11 0 5 8 0 0 0 0 
10 0 7 3 0 15 4 0 0 0 16 0 0 0 0 0 
