0 1 7 0 16 0 4 2 15 0 0 12 0 13 3 0 
8 0 13 3 15 0 0 9 0 1 10 0 0 16 0 4 
0 10 15 0 12 0 1 0 9 13 0 3 0 11 0 0 
0 11 0 5 3 6 0 0 0 0 0 0 0 9 0 0 
0 0 0 11 0 3 7 0 0 16 12 0 9 10 8 0 
0 13 8 7 4 0 9 0 0 0 1 0 0 15 11 0 
0 0 0 4 0 2 0 5 8 9 0 0 12 0 0 14 
2 12 14 0 11 16 0 0 0 0 13 7 1 3 0 5 
11 0 4 14 0 1 0 12 10 0 3 0 7 0 0 15 
0 2 16 1 0 9 3 0 12 0 0 0 14 0 6 0 
0 7 3 8 0 0 0 11 4 2 9 14 16 0 0 12 
6 0 0 0 0 13 2 4 0 0 0 0 11 8 0 0 
0 3 6 0 1 4 0 16 0 15 7 0 0 0 2 0 
0 0 2 16 0 0 0 13 0 12 0 10 0 0 0 0 
14 0 0 0 7 0 0 6 13 4 2 0 3 0 1 0 
7 4 0 0 2 0 0 0 0 14 6 9 8 0 0 10 
