9 0 0 6 10 0 4 2 0 14 0 0 3 11 15 12 
0 0 0 0 0 8 0 0 11 0 2 0 13 9 0 0 
0 0 0 0 11 13 0 14 0 10 3 0 0 0 0 6 
2 0 0 14 12 3 0 6 0 0 0 5 16 1 0 7 
0 0 12 1 7 14 0 3 2 15 10 8 0 0 0 13 
0 4 0 0 0 15 0 11 14 0 0 0 7 10 0 9 
0 5 10 0 0 4 0 0 0 12 7 0 14 3 0 0 
14 11 0 13 0 0 0 0 5 0 4 9 15 8 0 0 
10 0 0 5 0 0 11 0 6 0 9 13 0 0 0 1 
11 0 16 9 0 0 0 0 4 0 0 14 10 5 7 8 
1 0 15 0 0 12 2 13 0 0 0 0 0 6 0 4 
0 0 4 3 0 0 0 0 8 0 15 16 0 14 13 0 
13 0 5 11 15 2 8 7 0 4 1 0 0 0 9 0 
7 0 0 10 13 0 5 4 16 0 0 0 0 12 2 0 
0 14 2 0 16 9 3 0 7 0 0 0 0 0 10 5 
0 16 9 12 0 10 14 0 0 0 13 0 4 0 11 0 
