0 7 0 0 25 0 1 16 0 0 2 0 24 22 0 0 0 0 23 0 13 9 10 8 0 
0 0 0 0 21 0 0 7 0 9 11 16 0 0 8 1 0 0 2 4 24 17 14 3 0 
0 0 1 0 0 0 6 22 5 24 0 14 9 3 0 0 19 11 15 7 2 18 0 0 16 
0 9 0 13 2 0 0 0 8 0 19 15 18 17 20 14 0 24 0 25 7 0 1 0 6 
0 0 0 0 18 21 0 2 0 15 0 13 1 0 0 10 8 9 5 0 25 22 11 0 23 
0 0 11 1 3 0 0 17 0 0 0 0 4 0 0 7 20 0 8 0 9 0 0 25 0 
0 23 19 5 20 0 0 8 15 0 14 0 0 0 9 0 16 1 0 0 0 10 13 0 2 
24 13 0 0 4 0 0 1 0 6 18 0 8 0 7 21 10 0 0 9 11 12 17 0 20 
0 16 21 18 7 9 0 4 12 19 1 0 11 24 10 5 23 13 25 0 0 15 6 14 22 
8 0 0 9 14 0 16 3 0 20 22 0 0 0 15 18 0 0 0 2 23 7 4 0 0 
0 18 0 21 0 0 0 0 0 0 0 4 0 6 17 22 0 16 9 0 0 0 0 2 25 
0 14 0 24 22 17 7 0 0 25 0 5 0 18 2 13 0 0 10 8 12 0 19 1 0 
0 0 0 25 9 8 10 0 16 0 13 1 0 0 19 15 18 4 6 0 0 0 24 22 21 
0 0 0 0 0 2 19 0 4 11 0 0 0 23 0 12 7 0 3 0 18 14 16 0 10 
0 0 0 0 0 0 9 0 0 21 24 0 14 8 0 19 25 2 0 17 0 13 0 20 7 
5 17 0 7 11 6 0 0 10 0 16 0 0 0 22 4 0 15 0 13 21 25 23 0 0 
0 2 25 23 0 0 0 13 11 8 0 24 0 9 14 0 17 0 22 21 10 0 12 6 0 
0 3 0 16 10 19 0 0 0 1 15 12 23 0 4 0 2 0 7 0 20 24 0 0 8 
13 0 22 0 6 14 0 23 20 0 5 0 0 2 18 0 1 10 11 24 0 0 0 0 0 
9 0 4 20 0 0 3 25 0 0 17 11 6 10 21 23 0 8 12 0 0 1 2 13 0 
1 10 0 12 0 0 0 6 24 22 9 0 0 20 0 2 4 14 17 0 19 21 0 0 13 
0 19 0 0 0 0 17 0 1 12 0 0 0 15 0 0 0 7 18 10 14 0 0 23 0 
18 21 5 11 23 7 8 10 2 0 6 0 0 14 0 0 9 12 13 0 15 0 25 17 3 
20 4 9 0 0 3 0 0 0 0 12 7 0 0 24 8 0 6 16 0 0 2 0 0 11 
2 22 0 6 16 0 0 14 0 5 0 0 17 4 0 0 21 0 19 11 1 8 0 0 12 
