0 0 0 0 0 0 3 0 0 14 10 0 7 1 11 0 
0 7 10 0 0 0 9 0 0 5 16 4 6 14 0 0 
0 4 1 14 7 6 0 0 0 8 0 0 0 0 16 15 
15 0 0 11 1 4 0 0 0 13 6 0 0 0 5 0 
0 0 9 13 0 14 0 10 15 16 1 0 0 0 0 0 
6 14 4 0 5 0 15 0 7 0 0 0 11 8 1 9 
0 10 0 7 0 0 4 1 3 11 0 2 16 15 6 0 
0 2 15 16 0 0 13 3 4 0 0 8 14 0 10 7 
16 0 0 0 0 12 0 9 14 3 2 0 0 4 8 0 
0 6 8 0 4 0 0 7 11 0 0 16 0 0 13 0 
14 0 0 10 0 0 0 0 13 0 4 0 5 2 0 11 
5 9 0 0 0 15 2 13 8 6 0 1 10 0 12 3 
9 0 0 0 2 5 6 0 16 0 0 14 0 11 15 0 
10 0 2 0 15 9 1 0 0 0 0 13 0 0 14 0 
0 15 14 0 3 0 0 11 0 0 0 12 0 0 0 1 
4 0 3 0 0 0 0 0 10 1 15 0 2 0 0 0 
