0 19 9 23 11 25 1 12 10 13 2 0 0 16 0 18 20 4 0 21 8 5 3 0 7 
0 0 0 0 6 14 0 18 2 19 0 0 0 9 8 12 0 7 10 3 0 24 0 0 0 
0 21 0 8 13 0 0 0 0 11 6 0 0 0 0 0 0 19 0 22 4 0 0 0 25 
7 0 24 0 10 20 0 3 8 22 0 0 0 5 11 0 2 0 0 0 14 19 18 12 0 
3 0 5 0 2 0 21 6 9 0 7 0 20 10 19 0 25 0 8 14 0 0 22 16 13 
4 12 0 0 0 10 19 0 0 14 0 0 21 0 0 17 0 0 1 8 9 0 7 0 3 
0 16 0 10 0 1 24 0 11 17 0 0 6 2 0 0 0 25 7 4 12 20 0 0 14 
0 13 1 3 8 16 0 4 0 0 0 14 0 0 0 19 21 0 0 0 0 11 17 22 18 
17 0 11 7 15 0 0 8 12 0 3 0 13 19 20 22 9 0 0 0 5 0 10 4 0 
2 20 6 24 9 22 0 21 0 0 17 0 8 0 10 11 18 0 12 5 0 0 0 0 23 
22 0 2 0 0 17 0 0 0 0 20 7 0 0 14 8 0 12 19 0 0 9 0 0 5 
23 7 19 0 20 9 0 0 0 5 0 8 10 18 21 0 0 0 0 0 0 12 4 14 15 
0 24 17 0 0 0 0 0 18 20 1 3 0 11 0 0 0 5 22 0 0 0 6 21 0 
0 10 8 0 0 12 11 0 0 7 19 2 0 0 6 0 14 0 0 9 16 23 20 17 24 
0 0 0 11 4 6 0 13 14 10 0 0 0 0 25 16 0 23 21 20 7 22 2 0 19 
21 0 0 9 17 0 0 2 0 0 4 10 12 3 15 24 19 8 0 0 25 7 0 20 0 
0 0 16 0 0 0 15 14 4 0 23 6 19 0 13 21 7 9 11 0 22 1 0 0 0 
0 0 0 15 25 21 23 7 19 6 0 9 11 0 0 0 0 0 0 0 17 14 0 3 16 
6 1 0 0 0 5 9 0 0 8 0 0 7 21 0 4 0 0 25 0 0 18 11 15 0 
11 0 0 0 0 13 25 0 0 0 0 20 18 24 2 0 0 16 0 0 21 0 0 8 0 
19 0 20 2 1 8 0 11 0 23 0 16 0 17 0 0 0 0 9 0 0 10 21 25 0 
12 0 0 5 0 4 0 0 6 24 0 0 25 20 7 1 0 0 0 19 0 0 14 9 17 
10 3 23 6 0 0 12 20 7 25 0 21 1 22 0 0 17 24 2 0 18 15 5 0 0 
0 0 14 21 7 18 17 0 5 9 12 19 2 6 3 10 8 22 0 25 0 0 0 0 0 
9 25 18 17 24 0 10 22 0 0 11 15 0 23 0 20 5 6 0 16 0 8 0 7 12 
