0 0 0 2 0 0 0 1 0 0 10 0 16 0 0 5 0 14 12 0 23 0 0 18 11 
0 4 1 5 7 0 0 0 15 18 3 0 0 0 6 0 8 11 0 24 14 22 0 21 0 
0 23 19 8 6 0 0 10 13 5 0 12 0 7 0 0 22 16 25 15 0 4 3 0 1 
0 0 14 21 0 12 16 3 0 17 0 0 5 0 1 0 19 9 0 0 7 0 0 0 6 
0 15 18 0 0 0 8 25 7 0 11 0 0 4 19 6 1 0 2 21 0 10 0 0 0 
24 0 21 0 12 8 0 11 0 7 0 0 15 0 0 0 14 0 0 5 0 9 1 4 0 
7 0 4 10 0 17 9 15 14 0 0 19 11 8 20 16 6 1 23 13 21 0 5 22 0 
15 0 0 0 0 0 0 22 25 0 0 3 0 0 0 0 4 0 11 17 6 12 0 0 0 
1 17 13 11 23 0 21 5 0 0 0 9 0 0 0 0 10 7 19 0 0 0 8 14 0 
0 0 20 19 0 10 0 4 0 1 0 0 14 16 7 15 24 8 9 0 18 0 17 11 23 
0 0 23 0 3 0 15 0 19 0 0 1 0 14 25 22 0 5 13 0 0 7 12 16 24 
14 6 0 4 13 5 20 0 0 0 7 0 2 23 11 0 25 0 24 19 15 21 0 0 0 
16 7 0 17 0 0 0 0 10 0 22 24 13 21 3 20 18 15 1 8 9 0 0 0 2 
0 11 0 1 15 23 0 7 24 0 0 10 12 0 8 14 0 0 0 16 22 0 0 19 0 
0 0 0 0 9 0 0 16 17 3 15 20 18 19 4 0 23 0 7 0 0 14 10 1 0 
0 0 0 0 0 0 0 0 0 0 9 2 24 10 23 0 16 19 0 0 12 5 0 17 22 
5 0 24 9 0 0 0 23 0 0 21 17 25 11 15 0 0 0 0 22 0 0 0 20 16 
0 19 0 22 10 15 5 8 20 0 0 18 3 0 12 0 0 0 17 9 0 23 0 0 0 
23 2 11 3 0 22 17 13 0 9 19 7 6 5 16 0 0 0 15 14 0 1 0 0 18 
21 18 17 7 0 0 12 0 16 24 0 14 4 0 22 0 0 0 0 0 0 3 13 15 9 
0 24 7 0 4 18 10 17 0 13 23 5 8 12 9 19 15 0 16 3 0 0 0 6 0 
0 0 10 0 0 0 0 0 0 0 16 0 7 2 0 8 0 25 0 0 0 0 19 12 5 
19 0 6 0 16 20 7 21 8 15 0 13 1 0 0 0 5 10 0 12 11 24 23 9 0 
9 14 2 15 0 6 1 0 0 16 0 0 0 22 21 0 0 23 0 11 3 17 25 0 8 
13 3 0 12 0 4 23 0 5 25 0 11 0 15 14 0 0 0 6 0 0 18 0 2 7 
