0 15 0 14 18 0 9 0 17 0 24 2 0 19 0 22 7 11 3 13 0 1 4 8 6 
5 0 9 10 19 0 0 4 1 3 16 11 17 0 0 0 15 0 0 0 25 0 0 0 0 
0 23 6 0 0 0 0 8 5 12 0 7 14 9 21 0 10 4 0 2 0 13 15 0 0 
16 17 0 0 4 10 13 18 0 6 15 12 20 0 0 0 0 0 0 0 0 19 0 0 0 
11 0 0 8 0 0 0 15 14 2 3 0 4 0 1 0 0 16 25 0 7 0 9 24 0 
8 10 0 0 13 23 0 11 2 14 0 15 0 3 0 0 0 7 5 12 0 6 24 0 4 
21 0 11 0 0 4 24 17 3 10 0 0 0 0 0 0 0 13 8 1 15 0 0 7 0 
15 3 16 12 7 0 0 1 0 9 0 5 19 13 0 18 0 6 0 0 21 8 23 0 11 
0 25 0 23 0 5 21 16 0 0 0 8 24 4 0 0 0 9 0 3 0 0 18 0 20 
1 4 0 24 0 0 0 6 0 15 0 20 0 0 0 23 2 25 22 0 9 14 12 3 13 
24 0 0 25 12 8 0 2 13 17 9 3 21 7 0 4 0 0 0 5 0 0 20 0 0 
0 5 0 0 0 6 25 0 4 21 0 14 22 24 18 0 13 0 0 0 19 12 1 0 0 
17 0 15 21 0 0 0 23 0 0 0 19 11 1 4 0 12 18 2 0 0 0 25 0 10 
9 0 0 4 14 1 5 0 0 0 12 0 0 0 0 6 3 17 16 22 24 0 0 23 0 
0 11 0 0 0 22 14 12 0 18 0 10 0 17 0 0 8 21 24 0 6 0 0 0 9 
0 9 8 6 17 0 11 7 16 0 0 21 0 0 15 0 5 22 14 0 13 4 3 0 0 
0 24 3 0 0 20 0 0 18 19 0 4 12 0 2 0 16 23 17 0 1 0 0 21 0 
0 0 25 15 23 0 1 5 0 22 20 17 3 0 7 13 0 19 0 4 0 18 16 0 24 
10 0 0 16 1 15 0 13 0 0 11 0 0 14 9 0 25 2 6 18 0 0 5 12 19 
0 13 0 0 21 14 2 3 24 8 0 23 0 5 6 0 9 0 0 0 0 0 17 11 0 
23 0 21 0 3 2 15 0 0 0 0 0 13 11 19 24 18 0 0 25 4 16 14 6 1 
0 1 0 9 0 0 4 21 11 0 0 25 2 0 0 0 0 3 19 6 12 0 7 22 18 
4 16 19 17 22 18 0 0 8 0 21 0 23 0 3 10 11 20 7 0 5 24 13 2 0 
6 14 0 0 25 0 0 24 0 0 0 0 7 0 0 0 4 0 0 15 0 17 10 19 0 
12 0 0 11 2 0 0 0 23 0 4 0 0 20 0 17 22 0 13 14 0 15 8 0 21 
