16 0 0 0 25 0 0 1 0 24 0 10 0 0 0 3 0 0 6 0 0 5 0 0 21 
13 7 2 0 5 21 6 0 0 10 9 0 0 0 24 16 0 0 12 22 15 14 17 0 1 
0 23 6 0 0 0 14 17 22 3 12 8 0 0 2 15 0 0 0 0 0 0 0 0 19 
3 17 0 18 22 4 11 0 0 15 25 20 1 16 19 23 5 14 0 0 8 6 9 0 0 
0 20 14 9 24 0 25 16 19 5 17 21 0 15 6 1 0 13 2 8 3 10 0 4 22 
24 19 0 7 16 6 22 0 0 17 0 13 0 5 25 0 21 0 0 0 0 0 4 0 0 
2 21 0 0 3 15 0 4 0 16 0 7 9 0 8 17 0 22 0 11 0 0 0 0 20 
8 0 0 20 0 25 0 5 10 0 3 17 0 19 0 0 24 1 15 0 12 0 0 22 0 
0 0 11 4 0 0 7 13 20 19 0 24 0 0 0 0 16 0 23 9 6 3 8 1 0 
23 0 0 14 17 18 0 2 0 0 0 0 16 0 22 0 20 3 0 19 0 0 21 11 0 
0 2 0 11 15 0 8 18 5 25 0 3 0 17 0 0 0 0 0 0 20 24 1 19 6 
0 0 17 0 18 0 2 6 23 0 21 22 13 14 4 10 8 0 11 3 9 7 15 5 25 
21 0 20 0 13 1 0 0 0 0 5 25 8 24 0 7 0 12 4 17 0 23 0 0 14 
0 0 0 0 0 3 17 14 24 0 2 16 0 0 23 19 25 5 0 0 11 4 13 0 0 
0 0 0 23 0 0 4 21 13 0 0 0 0 0 9 0 6 18 24 1 17 8 0 2 10 
15 4 8 0 21 0 20 3 11 6 0 5 0 0 13 0 0 0 14 23 19 0 10 7 16 
14 0 0 16 0 24 15 0 4 18 0 2 19 3 20 9 17 0 0 5 21 11 22 12 0 
9 11 5 0 0 0 10 0 0 13 0 15 17 0 0 8 0 7 18 0 0 2 24 0 0 
0 24 0 0 0 0 21 0 25 1 8 0 0 6 0 20 15 0 19 0 13 9 5 0 3 
0 0 0 22 0 12 0 0 14 0 0 18 0 11 16 13 10 0 1 0 0 17 0 0 15 
25 0 21 17 0 0 0 15 0 0 24 0 22 0 1 18 0 19 0 14 0 12 3 0 11 
0 6 0 15 8 0 0 12 0 22 11 9 0 0 10 0 1 20 3 2 7 0 14 17 13 
0 0 23 0 0 0 1 24 0 0 15 19 0 25 3 21 4 0 16 0 0 22 0 9 5 
11 14 22 0 0 8 9 0 0 0 0 12 0 21 0 24 0 0 0 0 10 0 0 15 0 
20 5 19 1 0 10 0 0 18 0 13 14 0 0 0 11 0 15 0 6 0 0 23 0 8 
