0 17 0 13 8 0 0 24 21 0 0 20 0 0 11 0 0 16 0 2 1 0 15 0 3 
23 0 15 9 0 0 7 0 0 11 1 0 2 0 0 0 19 0 12 24 8 0 25 18 0 
24 18 0 0 0 0 0 0 3 0 0 25 12 19 0 0 20 0 0 0 10 2 4 17 9 
1 14 19 0 0 0 0 15 0 25 18 8 17 0 3 0 0 10 0 0 13 7 0 0 5 
0 0 3 7 0 8 0 0 17 20 0 0 15 14 0 0 25 18 0 11 23 12 16 24 19 
13 0 0 8 0 17 1 4 18 0 12 0 0 23 16 24 5 0 3 0 22 19 9 20 10 
2 0 0 3 24 0 15 0 10 9 17 1 0 0 5 4 6 20 14 0 12 25 18 13 0 
0 22 0 0 0 12 0 0 25 3 0 0 18 0 24 19 0 0 0 21 2 0 0 7 15 
0 20 0 18 0 21 13 5 24 16 10 0 19 22 15 25 0 0 2 9 0 0 1 6 4 
7 0 4 1 0 19 0 0 0 0 0 9 3 6 0 10 12 22 18 0 0 0 24 0 0 
3 10 25 0 9 20 0 23 0 5 0 0 22 2 1 0 0 24 0 13 21 15 7 0 0 
0 0 0 19 21 0 16 0 1 0 15 5 20 4 0 0 8 0 0 25 9 0 0 23 11 
20 24 1 5 6 2 0 0 0 0 14 12 9 21 13 11 23 0 0 4 18 0 22 0 0 
0 0 17 23 0 0 12 0 0 21 3 0 25 7 8 14 22 9 1 10 0 5 20 2 0 
18 0 0 0 0 14 0 0 0 22 23 17 24 16 0 5 21 2 20 19 6 4 0 12 0 
0 0 23 25 0 0 0 0 0 12 8 21 0 0 20 9 24 13 0 18 17 1 19 15 6 
19 0 0 24 0 0 5 0 7 15 0 0 16 0 0 0 1 0 0 0 20 0 2 3 0 
5 0 22 21 18 0 0 0 23 0 0 0 0 15 0 0 3 8 0 12 4 0 10 0 7 
15 0 10 0 0 24 3 0 0 0 2 0 14 13 18 0 7 25 4 0 5 0 12 11 0 
0 0 0 6 20 1 18 13 0 8 0 22 0 11 17 15 0 0 0 5 0 0 23 25 0 
10 0 5 12 3 0 22 17 0 6 0 0 13 0 2 0 0 0 7 0 0 23 0 0 18 
0 0 0 0 0 0 20 12 0 18 16 4 7 0 14 0 17 5 9 0 0 3 6 10 0 
6 1 20 0 0 0 0 19 0 13 11 3 10 0 23 2 0 0 25 8 7 0 0 0 0 
11 23 0 2 0 3 21 0 0 0 0 15 8 18 0 16 10 6 19 20 24 0 14 0 12 
9 16 0 0 0 23 8 25 0 10 5 19 6 12 0 0 0 0 24 0 11 20 0 0 0 
