7 15 0 13 12 0 14 0 0 1 5 0 9 0 6 0 
0 0 10 0 4 6 15 0 0 0 0 2 0 13 16 0 
0 6 12 0 2 10 0 7 9 0 0 0 0 4 0 0 
0 0 0 16 0 0 0 0 0 0 0 3 12 5 0 10 
14 0 0 0 0 0 0 10 0 6 11 12 0 8 0 4 
0 0 2 0 0 0 3 0 0 16 0 1 0 11 0 6 
16 3 5 15 6 13 11 0 14 4 0 7 2 1 10 12 
0 8 0 12 0 0 0 0 0 5 10 0 0 16 0 3 
4 2 15 10 0 0 6 0 0 0 0 8 16 0 12 9 
0 13 1 0 0 0 0 11 0 0 16 6 0 2 0 0 
0 11 0 6 9 15 16 2 0 0 0 0 1 14 0 0 
0 0 16 3 10 0 4 0 7 0 2 0 11 0 0 8 
0 0 0 0 16 0 1 13 0 0 0 0 0 0 11 0 
13 0 0 0 11 4 9 0 0 0 15 10 6 12 0 5 
11 14 6 1 3 0 8 0 0 0 0 9 4 10 0 16 
15 0 0 2 5 0 10 6 1 8 0 11 0 9 13 14 
