0 0 0 0 13 0 2 0 9 12 7 11 8 3 1 0 
0 0 9 3 0 12 15 6 4 0 16 0 11 0 2 5 
13 0 0 2 3 10 4 9 0 6 0 5 7 15 0 0 
0 0 0 0 7 1 11 0 2 8 15 3 4 0 0 13 
0 9 0 4 0 0 6 0 0 7 5 16 0 0 13 8 
2 0 7 0 11 8 0 0 0 1 10 0 0 0 0 15 
0 10 13 11 4 16 7 0 15 0 2 6 0 1 0 9 
0 14 15 0 0 0 0 0 11 0 0 12 0 2 0 0 
6 2 0 5 0 11 0 0 14 3 1 0 0 0 15 0 
9 0 0 0 0 2 0 0 0 0 0 4 0 0 3 0 
4 0 3 0 0 6 0 0 5 9 13 8 0 12 0 11 
0 1 10 0 14 0 9 0 6 0 0 0 0 0 0 0 
5 4 2 1 0 7 13 0 0 11 0 14 0 8 12 3 
0 0 0 0 0 4 0 0 12 5 0 0 0 0 11 0 
0 0 14 0 1 0 0 0 8 2 0 7 16 10 9 4 
7 0 0 12 0 9 0 3 0 0 0 1 0 5 0 2 
