0 0 0 23 0 15 0 17 0 0 0 0 0 2 0 0 0 0 16 0 12 0 1 8 20 
0 4 16 0 5 14 11 0 25 6 8 13 0 0 9 2 0 0 10 0 15 0 3 18 21 
19 0 25 8 0 20 22 16 12 0 0 21 3 0 15 0 0 0 18 23 0 0 0 0 0 
0 0 10 15 1 7 0 2 0 13 18 22 16 5 0 0 0 0 9 8 0 25 17 0 19 
17 11 3 22 20 21 18 8 0 9 12 25 23 0 0 0 24 0 0 0 2 4 6 16 0 
13 8 0 0 4 18 0 15 0 0 0 0 0 19 0 10 25 23 24 0 0 7 0 12 22 
5 24 20 0 0 0 1 25 0 2 13 3 12 0 0 8 0 7 17 19 10 0 9 0 0 
12 6 19 9 0 0 14 0 0 0 0 18 15 7 0 0 1 0 3 0 0 0 0 24 25 
0 7 22 0 0 0 6 19 20 0 0 0 0 0 0 0 0 0 14 15 0 13 2 1 5 
15 0 17 16 0 5 12 0 7 8 0 0 0 0 20 22 9 2 11 0 0 19 0 14 0 
0 23 0 11 7 1 0 0 13 0 5 9 14 18 25 15 2 0 0 21 6 16 0 0 0 
0 13 0 0 0 10 0 0 17 0 23 0 0 0 0 0 0 25 1 7 22 8 0 21 0 
0 0 1 24 0 0 25 0 9 0 22 2 17 0 10 3 6 0 19 18 4 12 0 20 23 
22 17 0 0 3 0 23 0 0 0 0 15 19 13 7 0 8 11 4 14 0 9 5 0 0 
4 19 18 10 16 3 0 22 0 7 20 0 0 11 8 0 12 9 0 0 0 0 14 13 24 
7 18 0 13 0 0 0 0 1 0 14 0 0 0 0 0 5 12 0 0 0 21 0 2 0 
21 0 2 5 10 8 0 12 0 0 7 16 0 4 13 18 0 0 0 0 0 0 0 25 0 
1 9 0 14 22 11 13 0 0 0 19 5 0 12 17 0 0 0 20 4 0 23 8 7 16 
6 0 24 4 0 17 20 7 5 15 1 11 2 25 0 0 21 0 8 3 9 0 0 22 0 
25 20 11 0 19 0 0 18 0 10 9 8 6 15 23 0 7 0 0 16 0 24 0 3 0 
23 0 5 0 25 2 3 0 8 20 21 0 18 0 4 9 0 14 0 24 13 11 22 0 0 
0 22 0 12 18 0 17 0 11 16 10 0 0 0 5 19 0 3 0 2 0 0 0 4 0 
0 15 0 21 17 0 24 14 10 18 6 20 0 9 1 0 22 5 0 25 0 2 16 0 8 
0 0 4 0 0 19 7 0 0 21 3 14 0 0 2 0 23 8 12 10 0 0 25 5 9 
0 14 8 0 0 0 0 9 0 22 0 0 25 17 24 0 18 0 0 20 21 0 10 6 0 
