17 20 0 0 18 10 0 0 0 0 0 0 0 6 0 24 0 0 0 5 14 13 3 8 9 
21 3 0 11 22 0 7 0 15 2 23 0 12 14 18 0 0 10 0 0 0 1 16 5 6 
4 0 8 6 24 0 0 3 20 0 0 17 10 0 0 23 13 0 0 22 11 0 21 18 0 
14 0 2 0 0 0 0 0 16 0 15 5 22 0 21 0 0 0 1 3 4 12 0 0 24 
7 23 0 0 0 0 25 0 0 0 0 4 19 13 0 21 0 15 12 0 20 2 0 22 0 
0 0 0 3 15 7 9 0 0 21 0 1 0 22 11 0 2 12 16 0 23 18 8 0 0 
0 12 0 14 0 18 0 10 0 15 0 21 17 0 0 9 0 0 23 11 5 0 0 0 0 
0 6 0 0 0 1 22 23 19 17 18 0 13 0 8 0 0 24 0 14 0 0 0 12 11 
8 10 18 9 0 14 6 0 11 12 0 0 4 15 19 3 0 22 13 7 0 20 24 0 1 
5 11 0 0 19 0 8 16 0 20 0 12 23 9 24 18 6 4 15 1 0 22 13 0 14 
0 0 14 5 3 0 10 24 0 0 0 13 1 21 23 22 0 0 0 2 0 0 0 9 8 
0 16 0 0 6 0 14 11 9 3 17 7 15 18 4 0 1 23 0 0 0 24 0 0 0 
9 0 4 0 20 23 0 15 0 0 0 25 0 19 0 6 3 0 0 10 18 0 0 1 2 
0 1 0 8 21 16 2 17 0 6 3 10 9 11 14 20 0 25 18 0 0 23 0 0 15 
0 18 10 23 11 5 0 21 7 0 0 6 0 12 16 13 0 0 9 0 17 0 4 0 20 
23 2 21 15 0 19 3 6 1 0 4 20 0 17 10 12 0 0 25 0 9 14 22 16 18 
0 0 0 10 4 21 0 18 13 9 0 0 0 0 25 16 0 0 2 6 24 8 0 0 0 
6 0 11 18 9 25 0 12 17 0 0 0 7 0 13 8 0 0 24 4 21 0 0 2 3 
1 0 24 0 0 22 16 0 14 0 9 0 21 0 6 19 0 0 3 0 12 0 0 0 23 
19 0 0 0 17 15 20 0 0 7 12 0 18 24 1 0 0 0 0 21 10 0 0 0 13 
0 8 0 0 12 3 0 5 21 23 0 22 2 0 17 7 14 0 0 0 13 9 19 0 0 
0 4 0 0 25 0 0 0 10 0 11 9 20 0 0 1 0 0 0 0 2 0 0 14 0 
0 0 6 0 0 11 0 7 0 16 21 14 24 8 0 17 0 0 22 23 1 0 0 0 0 
0 21 0 22 0 0 19 20 0 14 0 18 0 1 7 15 12 0 10 0 8 4 0 11 0 
10 7 9 24 0 8 0 1 12 18 0 23 0 0 5 0 0 0 0 0 3 0 15 21 22 
