0 0 0 10 1 14 12 0 15 2 3 16 0 7 4 0 
0 0 3 0 9 2 4 16 5 0 7 6 12 15 0 0 
0 2 7 0 0 5 10 0 0 0 0 12 0 0 1 0 
0 0 15 0 7 0 0 13 0 9 0 0 0 5 0 0 
0 3 0 4 5 0 9 6 0 15 16 0 0 0 0 14 
6 9 0 8 0 16 0 0 0 0 0 11 7 0 0 0 
0 0 0 7 4 0 0 0 0 1 0 0 0 9 0 0 
0 0 1 0 2 8 14 7 0 0 0 9 13 0 6 16 
0 12 0 5 8 15 13 4 0 6 0 0 10 0 9 7 
14 0 2 0 6 10 5 0 8 3 0 7 16 11 13 0 
0 10 0 0 16 1 0 12 2 0 0 15 14 0 0 0 
0 0 11 0 0 7 2 0 0 0 0 10 4 1 12 0 
0 0 0 14 0 3 0 0 0 11 9 5 15 12 10 0 
5 11 13 2 10 0 16 1 12 8 0 3 9 0 0 6 
0 0 0 12 0 0 0 5 0 7 0 0 2 0 3 1 
15 7 0 3 0 0 0 0 0 10 0 0 0 13 16 5 
