0 0 0 2 14 7 4 0 12 0 10 9 0 0 0 0 
0 0 0 0 0 0 0 13 7 5 16 4 14 0 0 0 
14 0 9 15 11 1 0 0 0 0 6 2 7 4 0 0 
0 0 0 16 6 12 5 2 15 0 11 0 8 10 0 0 
2 0 0 0 3 11 0 4 14 0 0 0 15 0 0 7 
7 0 0 3 0 10 0 14 1 15 2 0 9 0 0 0 
0 6 4 0 7 8 2 1 16 11 0 3 0 5 0 0 
0 11 0 0 0 15 0 0 10 0 4 0 0 6 3 2 
0 8 0 10 12 14 0 0 6 2 15 0 4 7 0 5 
0 0 0 0 4 2 0 0 9 14 7 5 0 0 0 16 
0 0 0 6 10 0 1 15 11 0 8 0 2 3 14 9 
9 14 2 0 8 5 7 0 3 10 0 16 0 0 15 0 
5 15 0 0 0 13 0 0 0 0 0 11 0 12 4 6 
0 2 0 0 0 0 0 0 0 13 3 10 0 0 1 0 
0 0 1 11 0 0 0 5 0 16 14 0 0 0 0 0 
10 9 0 0 0 0 11 12 4 6 1 0 5 0 2 0 
