6 0 0 0 20 0 19 0 7 0 13 5 0 0 4 16 15 0 0 0 0 25 0 0 2 
15 23 19 21 16 0 5 25 0 4 7 0 0 0 8 0 0 10 0 0 3 0 1 0 18 
0 0 24 0 11 0 10 6 18 9 0 3 22 0 14 0 0 2 0 0 15 12 4 0 0 
0 13 0 5 9 2 16 1 15 0 0 0 0 6 0 24 0 0 0 3 0 0 23 0 0 
14 12 2 0 0 21 0 0 24 17 10 1 16 20 0 13 0 4 0 18 0 6 0 11 0 
20 0 15 24 8 0 21 0 3 0 23 0 0 7 0 12 17 22 0 11 0 0 10 18 13 
0 19 22 4 0 24 0 17 23 10 12 21 0 13 16 2 14 0 0 5 8 20 0 3 9 
0 0 0 0 0 0 0 2 5 20 14 0 0 24 10 8 0 19 0 0 0 1 11 21 15 
17 0 0 0 10 11 6 12 14 19 0 0 8 1 0 7 3 21 0 16 4 0 0 24 5 
0 0 11 2 21 8 13 22 9 15 0 0 3 0 17 0 10 1 20 24 0 16 0 23 6 
10 17 0 9 0 0 20 14 12 0 21 16 19 0 0 0 1 13 5 0 0 0 0 2 3 
8 21 0 0 7 0 0 13 16 0 24 20 5 0 11 0 4 0 3 0 0 9 0 12 0 
13 0 0 19 0 0 11 7 1 0 3 8 0 12 0 25 0 15 24 0 23 10 20 0 0 
3 0 0 0 5 17 0 0 0 0 0 7 13 2 1 0 0 0 12 19 11 0 0 16 25 
0 0 20 11 12 3 0 0 19 23 0 17 14 0 18 0 0 0 2 0 13 0 0 0 0 
18 11 21 0 1 23 24 9 0 2 15 19 10 14 0 22 0 3 4 7 20 17 0 0 12 
0 22 23 0 17 10 4 0 13 0 0 11 0 16 0 0 2 0 8 1 0 0 18 0 14 
2 24 0 10 0 18 14 5 22 0 8 0 0 0 25 15 11 0 16 0 0 0 19 13 0 
19 0 0 0 0 1 0 3 11 0 0 23 6 0 0 10 0 17 13 9 0 15 7 0 0 
12 0 0 15 13 0 0 19 0 7 4 0 0 0 0 0 0 0 14 0 0 11 0 10 8 
23 3 8 0 18 0 22 0 0 0 20 0 25 0 0 0 0 0 17 4 2 14 0 0 0 
0 0 6 20 19 0 0 10 0 12 1 0 0 5 9 3 0 0 18 8 16 24 21 7 0 
0 1 7 16 0 19 0 18 0 11 6 14 0 0 0 21 13 5 10 20 12 22 17 9 23 
21 5 0 14 0 7 1 8 4 3 11 0 17 0 24 0 19 0 6 2 10 18 0 25 20 
0 0 0 0 0 0 23 20 0 13 0 4 18 21 0 0 24 0 0 15 0 0 0 8 0 
