0 0 0 13 11 12 0 4 6 15 14 0 7 23 19 22 0 0 20 0 0 0 0 5 8 
4 0 0 0 24 13 0 23 0 0 0 6 0 8 20 10 21 14 0 1 2 22 0 11 0 
0 7 0 23 0 11 0 0 0 0 17 21 9 16 0 2 19 0 0 0 18 0 0 0 6 
5 2 18 0 0 20 0 22 7 16 4 24 0 0 10 12 11 8 15 0 14 9 13 21 0 
0 22 8 0 1 0 21 0 14 0 13 0 0 5 0 0 0 0 0 24 23 25 0 20 4 
0 0 13 0 4 0 0 11 12 0 0 0 0 18 25 19 16 0 0 20 3 6 0 8 21 
17 0 0 0 0 16 0 0 20 0 12 0 0 0 0 21 0 0 1 13 11 0 0 7 10 
0 0 0 11 0 15 6 3 0 0 19 10 13 7 0 24 0 0 8 25 9 0 0 14 0 
0 0 0 9 12 0 13 2 8 0 0 0 0 17 6 18 0 10 11 0 0 24 20 0 25 
18 16 21 0 22 10 0 0 5 0 0 11 14 20 4 0 23 12 0 0 19 1 17 15 13 
0 0 0 0 8 0 12 0 0 7 21 14 0 4 0 0 0 25 18 9 0 17 0 3 0 
0 24 0 0 0 23 0 0 10 0 0 3 22 0 18 0 20 11 13 0 0 7 0 4 0 
0 0 14 15 0 25 0 0 0 0 0 0 24 9 17 0 0 5 0 21 0 0 11 6 0 
21 13 12 0 0 9 18 14 0 1 5 0 2 0 0 0 6 4 7 0 10 20 23 16 19 
6 17 23 1 18 4 15 0 0 3 7 19 0 0 13 8 2 16 0 0 0 14 24 25 9 
8 19 0 4 0 2 0 20 18 0 0 12 11 0 24 0 0 0 16 7 6 23 3 1 22 
0 18 3 2 9 14 0 0 0 0 0 7 15 1 16 20 10 6 5 19 17 0 21 0 24 
0 1 7 0 15 0 0 0 21 0 0 17 0 13 0 0 4 0 2 11 12 19 0 0 16 
0 6 17 0 16 22 0 13 15 11 0 0 21 10 0 0 0 1 24 8 7 5 4 0 14 
0 0 24 0 0 0 0 7 1 6 0 0 18 19 5 9 0 0 0 0 15 0 25 0 20 
0 8 11 18 19 5 0 15 17 13 16 0 0 24 0 0 9 0 12 0 25 21 6 10 1 
24 0 0 0 23 8 0 21 22 19 1 0 10 6 0 13 14 0 0 16 20 18 15 0 3 
13 15 16 0 17 6 0 24 23 0 0 9 19 21 7 0 1 20 0 18 0 8 14 22 0 
0 0 1 0 0 7 0 0 0 25 11 18 0 22 8 0 0 19 0 15 0 13 0 0 0 
25 0 22 20 21 0 0 0 0 4 2 0 17 15 0 0 0 0 23 6 16 0 0 0 0 
