4 8 14 0 0 0 0 0 0 0 13 2 5 0 0 0 
5 0 0 0 15 6 8 0 9 0 14 7 0 11 0 0 
0 1 10 9 3 0 0 0 0 0 0 11 2 14 15 0 
15 11 0 3 2 4 0 1 0 0 12 6 9 0 7 0 
1 0 15 6 0 2 11 13 0 7 9 3 8 0 0 14 
3 0 0 0 16 7 10 0 11 8 15 0 1 0 2 0 
0 0 7 4 0 8 0 0 0 0 10 0 0 15 0 0 
0 10 0 0 0 15 0 0 16 0 0 0 0 13 0 0 
9 5 0 0 0 1 12 0 0 0 0 0 7 4 0 0 
7 0 0 16 0 13 6 4 14 9 11 5 12 2 8 15 
0 4 0 0 0 0 3 0 0 0 7 0 0 0 9 0 
0 2 12 14 0 0 0 0 3 13 4 8 0 1 16 5 
0 7 0 0 0 14 4 11 0 12 1 16 15 9 5 8 
0 0 8 5 0 12 0 15 4 0 0 9 11 0 0 0 
12 0 9 11 1 0 0 0 7 14 8 13 0 0 4 0 
0 6 0 0 8 9 0 0 0 0 3 0 0 0 0 2 
