0 0 0 24 0 12 14 13 3 2 19 22 0 0 4 9 20 7 0 18 0 11 0 0 15 
11 0 19 10 18 15 0 0 0 6 9 0 0 0 0 4 0 1 0 3 0 0 22 5 0 
0 0 20 8 3 1 0 0 0 9 15 0 14 0 0 24 0 0 10 0 0 0 0 0 4 
17 14 0 0 5 11 23 19 24 4 0 1 0 3 0 2 0 22 13 8 9 0 7 21 18 
9 0 0 13 21 22 0 8 0 10 18 7 0 16 0 14 0 0 23 12 1 0 19 0 0 
0 0 0 0 0 2 0 0 1 17 0 0 0 8 9 0 0 0 19 13 11 0 0 18 25 
0 8 18 0 24 0 12 0 0 7 4 23 0 25 5 0 16 0 11 14 2 0 17 19 20 
0 0 17 7 19 18 0 4 20 16 2 3 0 22 11 1 0 25 24 0 0 0 0 0 0 
0 13 0 0 25 0 0 0 0 22 1 20 0 17 24 0 0 0 0 4 3 7 9 0 0 
12 2 4 1 22 0 0 14 0 25 0 0 7 13 19 17 0 0 0 20 10 24 21 16 0 
0 5 24 0 17 7 0 2 10 0 0 0 22 18 0 20 0 0 0 16 6 9 25 0 0 
0 23 0 16 0 25 13 11 21 18 0 0 3 20 15 19 6 8 22 0 5 12 24 0 7 
10 15 0 0 0 17 0 0 0 0 0 0 0 6 0 0 0 14 21 0 0 4 11 22 13 
0 20 0 0 8 0 16 6 22 0 0 4 25 0 23 15 13 0 0 7 17 0 3 0 19 
0 3 7 22 6 0 0 12 0 0 13 0 0 10 2 0 0 0 17 5 16 15 1 0 0 
0 0 0 20 0 9 25 23 0 19 8 0 17 0 0 0 4 11 0 15 21 3 12 0 1 
0 0 0 0 0 20 0 7 18 0 0 2 0 0 0 0 0 0 0 24 0 0 0 0 8 
0 17 8 0 0 24 0 15 0 11 16 25 1 0 13 0 18 0 12 0 0 0 5 7 22 
24 0 10 2 13 0 3 0 8 1 7 11 0 15 12 21 0 5 0 0 25 19 0 0 0 
0 0 0 0 4 5 2 16 13 12 0 6 24 9 21 8 19 20 0 0 15 10 14 0 0 
0 25 0 17 0 16 0 9 12 0 10 13 4 24 20 0 22 2 8 0 0 0 0 1 0 
1 19 23 4 7 10 18 25 11 20 0 0 0 0 0 0 14 0 3 6 24 5 0 13 0 
20 0 22 0 2 23 0 1 0 0 21 15 18 0 3 0 9 13 0 17 7 8 0 0 10 
8 16 13 9 11 0 22 0 17 15 0 5 6 0 14 18 10 0 20 1 19 0 0 4 12 
18 21 0 0 0 0 8 0 2 0 0 19 9 0 0 7 0 4 15 25 22 0 20 0 3 
