5 7 1 10 0 0 13 8 11 0 0 12 0 0 14 0 
0 6 0 2 12 0 0 0 4 9 0 15 1 0 0 5 
8 15 0 9 10 1 0 7 14 0 13 5 0 0 0 0 
14 0 0 4 0 0 0 16 8 0 6 7 12 10 2 0 
7 0 2 3 0 0 0 0 0 14 0 0 10 0 0 11 
0 8 0 11 0 13 3 0 9 0 0 0 5 2 6 0 
6 0 0 13 0 12 0 2 10 11 0 4 0 14 0 0 
0 0 0 12 11 15 10 5 2 0 0 6 16 4 0 7 
15 0 4 0 0 0 0 0 1 0 5 0 11 0 0 14 
3 16 8 5 0 11 0 0 0 0 0 0 2 0 4 0 
13 0 6 0 0 0 0 0 15 4 0 0 8 0 10 9 
0 0 10 0 15 0 0 14 16 13 11 8 7 0 5 6 
0 14 7 0 0 6 0 13 0 15 4 0 3 5 0 0 
0 13 9 0 0 0 0 0 0 0 14 1 0 0 11 12 
0 1 5 0 0 14 0 0 3 7 9 0 13 6 0 16 
0 10 3 0 0 9 0 0 0 5 0 0 0 7 1 0 
