9 0 0 0 0 4 0 14 0 0 0 0 11 0 0 10 
0 15 10 8 11 0 0 5 0 1 3 0 0 0 0 0 
0 0 0 11 0 13 16 15 9 12 0 10 4 2 5 0 
4 14 0 16 10 12 0 1 0 0 11 8 9 0 3 0 
0 0 4 0 0 0 9 16 0 0 0 0 0 0 13 0 
0 13 8 9 12 7 0 0 10 14 16 15 2 0 4 0 
0 0 0 10 13 0 1 0 0 6 0 9 16 0 0 5 
14 0 0 0 5 8 0 6 1 0 13 0 12 10 15 9 
0 3 0 15 6 0 10 0 16 0 12 0 0 5 11 2 
0 12 0 0 14 11 5 0 0 3 15 6 0 9 0 0 
16 5 0 0 0 2 0 12 13 0 0 1 0 7 6 0 
8 0 1 0 4 16 0 13 0 9 5 0 0 0 10 0 
11 0 15 3 0 0 0 4 7 16 0 0 1 0 8 0 
0 8 14 0 16 0 0 10 0 11 0 0 0 6 0 15 
1 0 16 6 0 5 12 0 15 0 0 0 10 14 0 0 
7 0 0 12 0 0 0 0 0 10 0 2 0 4 0 3 
