0 5 0 0 0 0 16 0 0 4 0 0 10 0 15 8 
0 0 3 0 0 0 13 0 0 0 0 0 0 6 4 0 
1 11 0 0 5 9 3 0 0 14 8 7 2 12 0 0 
0 0 0 14 7 8 0 0 13 0 6 0 0 0 0 5 
8 2 0 0 9 16 1 11 0 12 5 4 0 0 0 3 
0 14 1 13 0 0 4 0 0 0 0 8 0 0 0 6 
3 4 7 11 0 15 6 0 0 0 0 0 12 14 2 1 
15 12 0 0 13 0 14 7 0 0 2 0 4 0 8 0 
0 16 9 15 0 4 5 0 0 2 0 1 13 8 0 11 
0 1 8 0 0 0 0 6 0 9 3 12 0 0 14 0 
5 0 11 0 15 12 0 0 8 16 14 0 3 10 0 0 
6 0 14 7 0 0 8 0 11 0 4 0 5 0 0 2 
4 0 0 1 3 0 12 8 0 6 0 0 0 0 11 15 
13 0 12 9 0 7 10 0 0 5 0 14 0 2 0 16 
11 15 0 5 0 6 9 16 0 0 7 2 8 0 0 14 
0 0 16 3 0 0 11 0 0 8 0 0 7 0 0 0 
