0 1 0 5 4 0 9 0 0 3 13 10 2 0 12 11 
13 0 15 8 0 16 0 2 1 0 9 12 6 0 4 0 
4 0 2 0 12 0 1 0 7 0 0 16 0 0 14 13 
6 0 0 12 10 15 0 7 5 0 0 0 8 0 0 16 
0 7 0 11 0 0 15 0 12 5 4 0 16 0 0 0 
16 2 6 14 8 7 0 0 9 0 3 0 0 4 5 15 
0 0 9 0 16 4 10 0 0 0 0 0 11 0 0 3 
8 4 0 10 0 0 0 0 0 16 15 0 12 7 0 14 
9 0 3 0 0 0 0 0 0 0 0 7 0 0 11 5 
14 5 0 13 1 12 0 0 0 0 0 0 3 0 2 9 
15 16 0 0 11 9 0 3 0 0 0 0 13 0 7 0 
0 0 0 7 14 5 0 0 0 13 0 9 15 0 0 0 
2 15 5 16 7 0 0 0 10 0 0 0 0 0 0 6 
10 14 7 4 0 13 0 0 0 0 2 3 5 0 0 1 
12 0 0 3 15 1 0 16 4 0 0 0 0 11 0 0 
0 0 0 6 0 10 3 0 16 12 7 13 4 0 0 8 
