1 6 0 0 0 0 4 0 10 2 0 8 0 0 16 15 
0 8 0 15 0 0 0 0 0 9 0 0 0 6 4 1 
0 5 12 0 0 15 6 7 16 0 4 13 0 2 11 0 
0 4 9 0 0 0 0 0 12 0 15 14 13 0 0 0 
6 9 0 0 0 0 15 0 2 0 10 16 0 0 1 0 
2 0 14 4 0 0 0 5 13 0 8 0 3 0 0 0 
0 16 5 8 0 3 0 2 0 0 6 1 0 0 0 0 
0 7 0 1 0 8 0 13 0 3 14 9 6 0 2 4 
0 14 0 6 16 0 0 12 7 0 0 2 0 0 0 0 
0 3 16 0 15 2 0 8 0 0 0 12 0 0 0 6 
8 0 1 12 4 14 7 11 0 0 3 0 0 15 0 10 
0 0 4 9 0 0 3 6 8 5 0 0 0 0 13 16 
5 0 6 0 13 1 0 0 15 0 9 4 7 3 0 2 
0 15 8 10 2 0 0 9 3 0 0 0 16 0 6 0 
9 0 0 13 0 6 0 0 0 0 2 0 0 4 12 14 
0 0 0 0 8 5 0 4 0 7 16 10 11 0 15 9 
