21 10 25 20 0 0 0 0 13 2 0 0 4 0 3 16 19 0 0 0 6 9 0 0 8 
7 12 0 6 0 0 10 8 5 14 0 19 0 0 0 3 21 18 15 0 17 11 16 0 20 
0 4 23 0 0 25 18 0 0 15 0 0 6 11 16 0 14 0 10 20 0 0 19 1 21 
0 0 15 0 0 6 19 0 16 0 5 0 0 21 17 2 0 0 12 22 0 4 23 10 18 
9 19 0 18 22 0 4 20 17 21 24 13 0 0 10 7 0 8 0 25 0 0 14 0 12 
16 17 0 1 0 2 0 0 4 0 0 18 24 8 0 0 0 10 13 0 11 0 0 0 0 
0 14 21 25 4 0 11 18 15 10 0 0 16 0 19 0 20 17 2 0 23 7 0 0 24 
19 0 0 0 18 17 22 0 8 3 20 9 0 0 21 0 0 4 16 0 0 10 12 0 1 
0 20 6 22 13 19 9 0 0 23 10 4 12 2 15 0 24 0 0 18 0 3 0 14 16 
10 9 5 0 15 0 20 14 0 16 0 0 0 3 0 22 0 1 0 0 18 0 0 0 25 
0 11 22 0 5 7 0 23 0 18 0 0 0 19 25 0 4 2 0 16 0 0 0 0 0 
0 16 0 9 0 0 13 0 10 0 4 0 23 7 5 18 0 0 0 0 24 0 0 11 19 
20 15 0 23 0 0 0 24 0 0 0 3 0 13 22 12 10 6 14 0 0 0 1 0 7 
24 7 0 19 0 12 0 2 0 22 0 0 14 0 0 0 5 13 0 8 15 0 0 0 6 
14 3 8 0 0 0 0 0 0 5 0 0 15 10 24 1 0 0 0 0 0 0 13 0 23 
4 0 0 0 20 8 7 16 0 1 0 0 10 18 0 0 0 15 21 12 0 13 0 3 9 
2 0 0 0 9 15 3 10 0 6 0 14 21 0 8 24 0 22 0 0 1 23 0 16 5 
23 21 10 3 8 0 0 11 25 0 0 0 19 4 12 0 7 0 20 0 14 24 0 6 0 
22 0 19 0 0 0 24 17 0 4 3 0 0 15 23 9 0 0 0 10 0 21 0 0 0 
1 5 7 15 0 0 21 0 0 0 13 0 11 0 0 25 2 0 8 0 0 12 18 0 10 
25 0 9 0 0 10 0 13 24 7 0 0 3 12 6 0 22 5 0 15 0 19 0 0 0 
18 8 24 0 0 4 0 0 22 17 2 10 0 20 13 6 23 12 7 14 0 1 3 25 11 
0 6 0 7 0 0 0 25 2 11 0 23 18 22 4 0 0 19 1 0 20 16 0 24 17 
15 2 14 13 0 16 6 1 0 20 19 21 0 25 7 0 8 0 0 0 0 0 5 22 0 
3 22 20 0 0 14 5 12 18 19 0 11 0 24 0 0 16 0 0 0 10 6 0 23 0 
