0 0 4 1 5 0 2 0 10 0 23 0 7 0 15 8 13 0 12 25 16 0 0 0 0 
21 9 10 13 14 18 22 8 0 6 0 12 20 1 0 4 0 5 15 0 25 0 3 7 0 
19 3 24 23 8 25 15 11 5 0 0 6 0 0 16 0 10 22 14 0 0 0 0 0 12 
7 16 2 12 0 0 0 1 4 13 0 14 8 0 10 0 11 0 23 17 15 0 0 0 0 
0 17 0 0 0 16 7 0 0 0 0 0 9 3 25 0 19 0 0 0 10 8 13 0 0 
0 22 6 11 15 0 0 0 17 0 20 0 5 14 21 12 0 4 13 0 7 0 25 0 8 
0 0 0 5 23 0 0 0 11 22 6 0 2 0 0 0 14 25 0 0 0 0 0 15 1 
0 7 17 25 1 21 0 2 15 12 0 0 13 0 24 0 8 18 0 23 14 6 11 19 0 
8 24 3 16 2 0 18 4 0 14 0 25 0 7 12 19 17 0 1 0 23 20 22 0 13 
0 0 0 21 0 7 0 0 1 0 0 15 19 0 18 0 2 0 11 22 4 5 17 0 0 
5 0 0 0 0 0 21 0 13 4 25 19 14 0 6 0 23 8 7 24 0 2 0 3 0 
0 0 20 14 0 8 0 0 3 0 0 0 17 9 22 2 25 11 16 4 6 21 23 13 18 
0 0 0 0 3 0 0 0 0 0 18 0 1 21 20 13 0 0 0 5 17 11 0 8 0 
16 0 0 0 0 0 0 0 0 0 10 0 11 5 13 20 6 0 0 0 0 25 0 24 0 
0 21 11 0 10 0 25 0 0 0 0 2 12 8 23 14 0 0 17 3 0 0 4 0 7 
0 11 13 19 16 4 14 21 2 0 1 5 15 10 7 22 12 20 8 18 3 9 0 25 0 
0 25 8 0 0 17 0 22 18 5 12 0 4 0 0 0 0 0 9 0 0 0 2 23 15 
0 5 9 0 18 0 0 0 0 19 0 0 3 2 0 23 15 6 4 0 1 0 0 11 20 
22 10 0 0 0 0 23 20 0 7 0 0 0 11 17 0 3 0 19 2 0 4 0 12 16 
0 2 12 4 0 15 0 0 8 0 0 23 16 0 0 0 0 0 0 11 0 19 14 10 24 
1 0 7 8 0 12 3 5 24 9 19 17 0 0 4 25 21 0 6 0 0 0 0 18 2 
25 14 18 0 0 19 1 0 21 11 8 13 22 15 0 0 7 0 0 12 24 0 0 0 4 
0 0 0 0 12 20 0 0 22 0 0 9 0 0 5 11 18 0 2 0 0 0 8 1 21 
4 0 21 22 0 2 10 25 0 0 0 11 0 0 0 0 20 13 0 8 9 0 19 14 0 
2 19 5 0 24 0 0 0 0 8 7 0 21 18 1 3 0 0 0 0 11 12 20 0 25 
