14 0 0 0 8 11 0 1 0 20 0 0 12 0 0 0 0 2 0 0 0 13 4 0 3 
6 0 2 0 24 23 18 12 0 8 0 0 9 0 20 0 0 0 0 0 14 1 0 19 15 
25 0 1 0 20 3 0 9 0 21 0 7 13 24 19 18 0 14 23 0 0 16 8 12 0 
0 21 9 0 7 10 2 0 0 19 16 14 11 0 0 20 0 0 0 15 22 23 17 0 0 
5 12 10 0 16 0 13 0 0 7 0 18 15 4 3 0 25 0 0 0 0 2 11 6 0 
0 0 0 2 19 18 6 3 23 0 0 0 21 16 0 25 0 24 20 8 0 0 12 1 0 
0 22 18 0 0 0 19 0 0 4 0 2 5 6 0 0 14 0 0 12 0 9 15 10 16 
16 7 0 25 0 0 0 10 0 0 0 12 0 20 0 0 19 15 0 0 0 14 0 0 0 
0 20 5 8 0 12 0 2 22 16 18 17 24 25 1 11 13 0 0 0 3 19 6 0 0 
0 0 0 12 0 5 0 0 0 15 0 19 14 0 10 0 16 17 0 3 23 0 2 20 0 
1 5 0 0 25 22 0 0 19 12 0 3 0 11 13 0 10 0 0 0 24 6 16 0 0 
0 16 3 0 11 0 24 14 0 5 0 0 10 8 0 19 6 0 0 9 0 0 0 13 1 
0 0 21 0 0 16 10 13 1 0 19 24 20 9 5 8 0 0 7 0 0 18 0 0 11 
20 10 24 22 2 0 23 7 11 3 0 16 0 21 0 0 0 0 13 0 4 12 19 9 8 
19 0 13 0 0 0 8 0 21 9 25 0 0 0 0 16 20 0 24 11 0 0 0 2 0 
8 23 7 0 6 21 1 0 0 24 9 0 3 19 0 14 17 11 0 0 0 0 13 16 20 
0 24 20 0 13 6 4 25 0 0 1 0 0 14 17 0 0 9 0 0 0 0 21 8 0 
17 9 0 0 0 19 16 0 0 14 0 0 7 12 2 0 0 25 0 1 0 0 24 0 0 
11 0 4 0 0 15 7 0 0 0 24 8 23 18 21 0 0 6 0 20 17 0 1 0 0 
0 1 0 0 14 0 17 23 20 0 10 13 6 0 16 24 0 8 0 4 0 25 5 11 0 
0 0 0 20 0 8 12 19 0 0 0 11 16 0 23 7 15 1 14 24 10 0 9 18 0 
12 18 0 21 5 7 3 24 0 22 0 0 0 2 15 9 0 20 0 19 1 0 23 17 13 
13 14 0 6 15 9 0 16 17 10 0 21 1 7 0 3 12 4 22 18 0 0 0 5 0 
7 11 19 24 0 1 5 6 13 0 0 9 0 0 18 2 21 16 0 17 0 0 0 4 12 
0 8 25 1 4 0 15 0 18 0 12 6 0 0 0 0 0 0 0 0 16 7 3 24 14 
