23 21 22 3 0 0 11 0 25 15 20 24 0 7 0 12 1 16 0 0 13 6 10 0 4 
15 18 9 0 0 0 0 1 0 0 16 25 3 0 23 0 0 5 2 0 0 21 19 17 22 
0 0 0 0 0 17 0 0 0 21 8 1 0 0 13 23 0 6 0 0 16 0 25 15 0 
0 0 0 0 25 22 10 4 0 19 0 0 12 17 21 8 3 13 18 15 11 7 5 0 14 
6 0 13 0 0 0 24 16 0 0 0 0 0 11 14 0 21 0 4 0 1 20 0 0 3 
19 20 0 2 21 0 25 23 14 11 4 18 0 15 16 13 5 0 22 8 17 9 0 7 10 
24 16 0 6 0 0 2 0 5 0 0 19 0 10 12 15 0 21 3 20 0 0 0 22 0 
0 0 0 1 13 0 7 0 19 22 0 5 0 3 0 10 14 0 17 0 0 0 11 16 0 
11 0 0 5 10 3 15 0 20 16 0 2 6 0 0 18 0 0 7 1 21 0 4 24 19 
0 0 8 0 0 10 0 21 12 0 0 14 0 0 20 24 0 11 19 0 0 0 0 1 5 
21 0 0 0 0 23 0 11 0 0 0 22 7 25 0 1 0 14 16 19 0 0 9 2 8 
20 23 0 0 6 0 0 0 18 0 12 0 0 0 19 25 0 0 0 17 10 0 0 3 7 
0 0 0 12 8 15 0 0 0 9 6 0 0 0 0 0 11 0 0 7 18 25 20 21 23 
0 0 17 0 24 0 0 2 7 25 11 8 0 0 3 0 0 20 10 6 5 19 14 0 0 
0 0 19 7 0 0 5 17 8 0 10 16 20 0 0 4 23 18 13 0 22 12 24 11 0 
17 10 6 20 0 5 0 3 0 8 0 4 13 12 0 21 0 1 0 23 24 0 7 14 0 
0 25 0 9 18 13 0 0 2 24 22 0 8 6 10 0 16 19 0 0 0 0 0 5 21 
0 0 15 14 19 0 0 0 1 10 23 0 2 5 0 6 0 0 12 3 4 16 22 0 20 
3 5 0 0 1 12 21 25 0 4 24 7 0 16 0 2 18 8 20 0 0 0 0 0 0 
16 0 0 0 4 6 0 14 0 0 3 15 18 20 0 0 22 25 0 10 0 0 0 12 0 
10 12 1 0 0 14 8 0 0 2 5 0 9 0 6 0 0 22 23 18 25 0 0 4 13 
0 0 0 0 7 11 9 18 21 0 13 3 0 22 4 0 20 15 25 0 19 0 0 0 17 
0 0 25 23 3 20 22 0 0 7 0 0 0 0 0 0 0 4 0 0 9 2 0 10 15 
14 0 0 17 0 0 23 10 4 3 25 20 0 0 7 9 2 24 1 5 8 22 12 6 0 
4 9 0 0 0 0 0 0 13 1 0 23 17 0 2 0 0 10 0 0 0 0 0 20 0 
