0 3 13 0 0 4 11 0 5 2 0 0 8 7 0 9 
2 0 12 8 0 7 5 0 10 9 0 3 16 0 0 0 
0 16 10 0 0 9 6 0 0 7 8 13 0 0 5 0 
0 9 0 0 0 8 0 13 6 0 0 4 10 0 0 12 
1 0 2 6 5 16 3 0 11 0 0 0 12 8 9 0 
0 0 0 0 0 0 1 0 4 0 0 14 0 16 0 0 
0 0 0 0 0 11 0 0 0 1 0 0 0 3 13 0 
3 10 11 16 13 0 14 0 0 6 0 8 0 5 2 4 
5 0 0 12 0 13 0 0 14 0 6 0 4 2 1 10 
0 0 0 0 0 0 8 0 13 0 3 0 5 0 7 0 
0 7 0 0 6 0 4 5 2 0 0 1 0 0 0 3 
6 0 3 0 1 2 0 7 0 0 15 0 0 11 12 0 
0 1 0 0 2 0 0 9 16 0 10 6 0 12 11 0 
10 0 8 0 4 1 15 0 3 11 0 2 0 0 16 5 
12 5 6 2 0 0 13 11 0 15 4 0 0 0 0 0 
0 11 0 14 0 0 12 0 1 13 7 5 0 4 15 0 
