0 23 0 0 25 11 0 2 22 24 16 0 0 0 0 0 15 0 0 3 1 7 4 5 0 
0 0 0 0 15 13 21 25 12 4 0 0 17 0 0 0 0 19 0 8 0 0 9 0 3 
4 7 14 0 3 9 5 15 0 0 21 18 6 0 11 24 0 0 20 0 0 17 0 0 22 
16 8 5 0 10 1 17 0 14 20 24 2 25 0 0 21 13 22 6 7 0 12 19 11 0 
22 17 13 0 0 3 8 16 0 0 15 0 23 1 9 11 25 2 0 0 10 21 0 0 24 
0 0 15 17 21 2 0 8 0 12 0 3 0 14 16 18 24 0 0 11 0 0 25 0 9 
0 0 24 18 0 0 22 17 9 0 8 0 0 11 0 0 1 0 23 0 0 14 0 0 0 
0 0 25 16 0 0 1 0 13 0 17 5 0 12 0 10 21 14 0 0 0 0 22 23 0 
5 2 0 0 0 21 24 14 0 3 0 1 0 0 0 0 0 0 17 19 8 0 13 0 11 
0 0 12 10 0 15 23 11 0 19 0 0 0 2 13 20 0 9 0 0 18 1 0 0 0 
0 22 4 0 14 0 15 7 0 0 0 0 16 0 19 0 8 0 10 24 25 9 18 17 0 
0 10 0 24 0 19 20 0 3 9 18 4 21 0 0 1 0 6 0 15 0 0 0 0 0 
8 6 3 19 0 0 0 0 4 0 12 0 0 0 17 0 14 0 13 20 0 0 21 22 0 
17 0 21 0 9 10 0 22 24 0 0 0 5 0 1 12 2 11 16 0 3 0 23 19 0 
1 0 23 0 5 8 16 0 0 6 0 14 24 0 0 19 0 0 0 22 12 0 0 4 10 
2 12 0 0 13 17 18 20 10 0 14 0 11 0 23 4 0 16 1 21 0 25 3 9 15 
0 11 20 0 0 6 3 0 0 0 0 12 0 16 8 17 23 0 25 9 0 13 0 10 0 
9 16 19 0 4 14 7 24 0 2 13 25 0 18 5 0 0 0 0 10 21 11 0 1 12 
10 21 8 1 22 25 19 0 0 13 3 0 9 15 0 0 0 7 24 0 6 18 20 16 23 
0 0 17 25 0 16 0 9 1 0 22 0 2 21 6 15 20 13 0 12 5 0 24 14 0 
24 0 0 22 0 18 0 3 8 0 0 0 0 0 21 14 0 0 2 17 0 0 0 15 0 
23 5 9 0 1 24 12 0 2 21 6 0 0 0 0 13 0 0 19 16 17 22 8 18 0 
12 19 7 0 18 0 13 0 0 0 4 16 14 22 0 0 9 0 15 25 11 3 0 0 0 
0 0 16 0 0 0 0 1 7 15 0 0 0 0 0 8 11 0 0 0 20 0 0 0 0 
0 25 11 3 2 23 14 19 6 16 0 0 0 17 0 22 4 0 21 0 0 5 0 24 7 
