0 0 0 1 0 11 0 0 0 5 16 0 0 10 0 0 
3 10 0 0 16 15 0 0 13 0 0 0 7 0 0 6 
11 7 0 0 0 0 10 0 0 0 1 15 13 0 0 0 
0 2 16 0 0 0 3 6 4 0 7 0 0 0 8 12 
0 16 0 0 6 0 0 14 0 0 9 0 11 0 0 0 
8 0 5 4 0 13 9 0 16 0 14 0 15 0 10 0 
0 12 14 2 0 3 8 0 7 0 0 0 5 13 1 0 
0 0 15 0 5 0 2 0 8 11 0 0 0 0 14 9 
0 0 2 0 3 6 0 5 0 0 0 0 16 9 4 13 
16 0 1 9 14 2 4 0 6 0 8 0 0 0 12 0 
0 0 13 0 0 8 0 9 1 16 15 0 0 14 5 0 
14 3 11 0 10 0 0 13 9 0 0 5 8 15 7 0 
2 13 3 0 8 0 12 0 10 4 5 6 1 16 9 0 
4 0 9 11 15 0 13 0 0 8 0 16 0 7 0 0 
0 8 0 16 4 0 0 0 14 1 0 7 2 0 0 0 
1 6 12 0 0 10 0 0 15 0 3 0 0 8 11 0 
