19 22 25 18 0 0 11 13 12 0 0 21 24 0 0 6 2 8 1 0 9 0 5 0 0 
0 17 1 0 0 5 2 18 15 7 23 22 3 0 19 21 0 0 9 4 0 25 0 20 12 
16 0 15 11 0 22 0 25 9 0 0 7 4 0 17 13 5 0 0 18 6 14 24 23 1 
12 9 0 2 0 24 19 0 1 23 0 25 0 0 0 17 0 0 0 7 16 8 0 0 21 
0 0 5 0 4 10 8 0 6 16 9 1 0 14 11 20 0 15 0 0 19 22 2 0 17 
0 15 0 0 17 0 23 0 7 11 0 10 0 18 0 12 21 0 19 0 25 0 4 5 2 
0 4 11 14 0 0 18 3 0 21 19 5 16 0 0 0 7 25 6 0 17 0 0 0 0 
0 16 8 0 0 0 0 12 0 0 0 0 0 0 0 22 24 5 18 0 0 6 9 7 0 
0 25 3 0 0 0 6 8 2 0 11 9 7 1 12 23 0 17 0 16 0 0 0 0 19 
0 0 0 12 0 0 0 0 0 0 0 8 0 0 0 1 20 3 0 14 15 0 0 0 10 
17 0 19 3 0 23 0 0 0 0 7 0 25 0 1 0 0 14 13 0 8 5 0 10 11 
8 18 0 4 0 9 0 15 5 0 0 0 10 19 6 0 0 2 0 0 22 3 17 0 23 
0 10 0 0 20 0 4 2 11 0 14 0 22 0 0 0 17 21 7 1 24 9 13 0 0 
11 1 0 16 0 13 0 6 0 3 8 0 20 0 0 0 9 12 23 5 7 21 19 25 15 
0 5 13 0 25 0 0 0 0 0 0 18 0 0 23 24 19 6 0 10 0 12 1 0 20 
0 20 0 0 0 14 0 0 21 0 6 0 9 2 0 7 18 0 22 19 4 11 12 0 24 
0 0 0 0 11 0 0 0 16 0 10 0 1 13 0 0 23 0 0 25 0 19 14 22 9 
15 14 2 8 13 18 0 10 4 0 24 23 19 0 0 16 12 11 0 6 21 17 0 0 25 
25 0 0 0 1 0 0 19 22 5 0 0 21 12 14 0 0 0 10 17 23 18 0 0 13 
0 0 7 9 0 12 0 0 25 0 0 0 5 11 0 0 3 0 0 21 0 0 16 0 8 
0 11 16 19 7 0 0 0 18 0 12 14 23 0 0 0 1 20 17 13 3 2 0 8 0 
5 24 0 10 0 0 22 0 19 15 0 6 13 0 20 0 4 23 8 0 18 0 25 9 0 
1 0 0 20 0 6 0 0 0 0 0 0 15 0 16 0 0 7 25 0 11 13 22 24 5 
4 6 9 0 15 2 0 0 0 13 22 0 0 5 0 19 0 18 21 24 12 0 0 17 16 
0 0 0 25 18 8 14 0 0 0 1 24 2 7 21 0 6 0 16 9 10 15 0 0 4 
