0 0 1 13 15 0 4 0 22 2 7 16 3 0 0 0 9 0 0 19 8 5 17 12 0 
0 7 0 0 5 13 6 9 0 19 0 14 0 8 0 15 0 11 3 22 16 23 21 25 24 
6 0 0 2 11 0 0 0 12 7 5 0 25 24 22 0 23 17 8 0 18 20 0 19 15 
0 0 8 0 9 18 5 16 10 0 0 11 19 0 0 7 0 0 0 20 2 6 0 4 1 
22 0 0 25 0 24 23 0 8 17 0 6 0 0 0 16 2 0 0 1 9 10 0 0 0 
0 0 0 0 16 25 0 0 18 6 0 12 7 15 19 9 0 0 10 0 0 0 0 0 0 
15 0 20 0 6 1 0 23 0 10 4 21 0 0 11 0 0 0 0 5 17 0 18 22 0 
0 8 0 19 0 0 9 0 0 5 0 18 0 16 0 0 21 0 1 2 6 0 7 3 0 
0 13 18 0 0 19 14 21 0 11 0 22 0 0 25 4 0 8 17 23 1 0 16 0 10 
7 14 10 0 0 0 22 0 16 0 0 5 0 20 0 18 24 0 0 0 0 9 0 0 0 
19 0 0 0 1 0 0 6 4 0 8 20 21 14 23 0 5 0 0 0 25 0 0 13 0 
17 16 0 0 14 0 19 18 0 8 24 2 22 0 0 0 0 10 4 0 5 0 0 6 12 
0 4 22 12 0 0 0 11 0 9 0 0 5 0 0 0 0 1 0 25 10 7 0 0 0 
10 15 0 0 13 3 25 0 0 0 12 17 4 1 0 0 8 14 0 6 19 0 23 20 21 
8 9 25 0 2 23 0 15 5 12 11 19 10 13 0 0 18 16 0 7 0 0 24 0 0 
0 0 9 0 19 0 0 17 0 21 25 0 0 22 8 0 0 0 13 3 20 0 0 10 5 
0 23 6 0 25 16 0 0 9 1 3 4 11 0 24 5 0 0 7 14 22 8 12 18 0 
0 5 24 14 8 0 7 3 0 23 19 10 13 18 0 25 11 2 20 9 4 21 0 17 6 
0 0 0 0 0 4 11 10 25 24 14 0 2 5 0 12 6 0 16 0 0 0 0 7 0 
4 11 0 20 7 5 0 0 14 13 0 0 15 0 6 1 10 0 0 17 0 0 25 16 0 
0 0 15 21 22 0 16 12 19 0 20 24 0 0 4 17 7 5 0 0 0 1 0 9 18 
11 0 0 0 23 6 0 24 0 20 0 3 17 0 0 0 22 4 2 0 12 0 5 0 0 
1 6 4 0 20 0 0 0 23 0 0 25 12 0 5 21 0 0 14 16 3 19 0 0 0 
9 0 0 0 17 0 0 5 21 0 23 8 0 0 0 0 19 20 0 0 15 22 4 0 11 
5 0 12 8 0 9 0 4 0 0 22 13 18 0 16 6 1 25 15 24 0 2 20 0 0 
