18 14 0 0 10 16 11 15 23 5 6 24 0 3 0 13 0 0 0 25 0 0 0 0 0 
9 20 0 0 19 0 21 4 14 0 0 12 22 18 15 0 17 11 16 0 0 0 8 0 0 
0 8 0 21 0 13 9 2 7 1 0 0 19 4 0 0 14 24 0 0 0 18 20 22 17 
0 0 15 0 0 3 18 0 17 0 14 9 11 16 7 1 8 0 22 0 10 0 19 0 0 
0 7 0 0 0 22 12 0 0 19 0 0 2 21 0 6 0 5 18 0 0 15 0 11 24 
0 0 2 6 7 0 0 0 0 17 21 1 9 20 0 0 15 22 23 10 0 0 0 19 18 
24 23 0 12 22 0 10 25 1 21 19 13 7 2 14 16 0 0 0 4 5 9 11 0 0 
8 0 0 0 11 0 0 0 0 9 0 22 0 10 23 7 0 0 24 14 0 0 0 16 20 
0 9 10 0 14 0 13 6 11 0 16 4 0 0 12 0 18 0 21 5 2 7 23 0 22 
19 0 0 15 21 23 0 22 12 7 24 0 0 6 18 2 0 13 0 9 0 10 4 0 14 
4 19 0 0 15 0 6 16 0 0 9 23 0 22 0 17 0 14 13 0 3 11 18 1 2 
13 0 25 8 18 4 0 0 0 0 2 6 0 0 0 9 20 0 0 1 23 24 15 21 0 
0 0 0 9 17 0 0 18 19 11 0 0 14 0 0 15 0 0 4 6 8 0 0 12 5 
0 0 0 0 3 0 0 8 0 23 0 0 0 0 0 18 0 25 2 24 0 22 6 0 0 
10 0 0 0 23 0 0 24 0 20 12 8 0 19 0 0 3 21 11 16 17 0 13 9 0 
0 15 3 4 0 0 1 0 0 0 20 17 0 23 24 0 0 0 5 0 25 0 10 0 21 
0 0 0 0 24 17 20 9 0 0 18 0 0 1 0 0 21 6 0 11 0 5 2 3 8 
0 17 0 0 20 0 4 12 24 0 0 0 0 13 22 0 0 0 15 0 9 6 0 18 0 
11 0 8 19 2 18 0 5 0 0 7 15 0 25 0 0 13 9 12 0 24 1 0 0 0 
0 0 0 18 5 0 2 7 0 13 8 11 3 0 0 24 25 16 14 0 4 23 22 0 0 
17 22 19 7 0 0 0 0 0 0 0 0 0 12 21 11 0 2 9 0 0 0 0 0 0 
0 21 13 3 6 0 25 19 0 16 22 7 20 0 5 14 0 15 17 0 18 8 0 2 9 
25 18 0 0 8 12 0 0 0 0 0 0 23 14 0 21 0 10 6 13 15 0 5 0 4 
5 0 9 0 12 0 7 21 0 4 0 18 13 0 6 19 23 8 0 0 0 16 0 17 10 
15 4 0 0 16 6 0 0 0 18 3 19 0 8 2 22 5 0 25 20 11 0 12 24 13 
