0 0 15 0 0 0 0 25 22 10 11 12 23 0 0 1 24 13 3 6 5 0 0 14 2 
24 8 0 23 11 1 15 17 6 0 2 3 25 16 22 0 12 10 19 0 13 21 0 0 4 
22 25 4 13 0 0 0 23 19 5 24 0 0 6 9 11 0 14 20 17 3 0 0 12 10 
2 0 6 14 0 0 0 0 9 21 0 0 7 20 0 0 5 16 8 4 0 1 0 25 0 
0 9 7 12 0 4 0 24 13 0 5 10 14 1 0 0 0 21 0 2 6 0 0 8 0 
18 17 0 0 22 0 0 5 0 2 9 25 0 19 24 0 0 23 0 0 4 0 0 3 0 
0 13 0 0 19 0 0 16 8 0 0 14 22 3 0 15 17 0 5 10 0 24 11 0 0 
0 0 0 6 0 11 0 22 15 0 20 0 13 8 12 16 0 3 2 19 7 5 17 0 25 
0 0 12 0 0 0 0 4 0 0 23 0 0 0 5 8 1 0 0 7 2 0 19 0 0 
0 0 8 0 23 7 9 19 17 0 0 2 15 11 10 0 0 25 0 12 0 0 0 0 22 
8 0 0 20 0 0 14 9 0 3 0 0 24 0 0 0 0 0 0 0 17 0 0 0 0 
14 0 0 1 4 13 17 15 0 0 25 20 0 10 0 12 22 24 9 21 8 0 0 19 11 
0 22 0 15 5 0 24 0 0 16 12 0 0 23 0 17 19 0 0 1 10 0 2 0 0 
25 16 3 17 2 0 0 0 12 1 0 6 19 7 0 23 0 15 18 0 9 4 0 24 0 
0 0 0 0 24 23 0 0 11 19 0 0 17 9 16 14 8 0 4 3 0 12 25 6 0 
0 0 24 2 6 9 23 21 0 0 17 11 0 0 25 0 0 0 0 5 0 14 0 0 3 
13 23 0 22 7 19 2 0 0 4 8 0 0 14 3 21 16 1 17 25 15 20 0 5 6 
5 0 20 0 25 16 0 12 0 0 0 7 10 0 0 0 0 0 15 0 0 2 24 0 0 
15 0 16 0 9 25 13 0 0 0 6 0 0 0 21 0 0 0 0 8 0 7 0 0 23 
17 12 0 4 21 0 10 0 5 0 16 23 1 0 2 20 0 6 0 24 0 0 0 0 9 
11 7 0 0 0 0 5 0 1 0 0 0 4 17 0 0 21 8 14 0 19 23 12 10 0 
0 4 22 24 0 21 19 0 23 15 10 0 0 25 0 3 0 17 6 18 14 0 0 0 5 
1 20 0 0 0 0 8 7 0 0 0 0 2 24 23 0 9 0 10 22 11 18 0 4 0 
23 14 21 0 13 24 3 10 18 11 7 0 0 12 0 19 25 4 0 0 16 17 0 0 0 
6 0 0 10 3 17 0 14 20 12 18 13 0 21 0 0 0 5 16 23 0 25 0 15 8 
