12 0 14 24 18 0 20 0 15 16 0 4 0 8 21 0 5 0 0 0 0 3 0 11 0 
11 0 1 0 3 0 23 24 0 2 5 0 16 9 25 0 0 0 20 17 7 18 0 0 19 
8 21 17 2 0 0 3 0 18 25 6 7 10 0 0 1 0 9 12 0 0 16 23 0 5 
19 16 7 20 0 0 13 21 6 10 1 0 18 0 3 8 22 0 15 11 17 0 4 2 0 
10 23 6 5 13 0 0 0 19 0 24 0 2 0 0 4 0 0 3 14 0 0 25 21 0 
0 1 3 22 0 0 10 0 0 4 0 0 20 5 0 0 0 0 0 0 9 0 16 0 21 
0 0 0 17 0 18 0 0 8 24 21 9 4 1 11 0 0 0 16 0 19 23 0 0 25 
9 0 10 0 23 13 5 0 17 0 0 0 14 0 6 0 8 1 0 4 2 24 18 0 0 
0 19 2 0 0 16 22 20 11 0 25 24 0 15 17 0 0 7 0 13 1 5 0 0 8 
0 14 8 25 16 0 1 0 0 9 0 10 13 22 2 0 0 3 5 0 4 11 0 12 0 
14 17 0 13 6 21 2 18 24 11 12 0 0 0 0 0 0 0 0 5 22 0 0 25 0 
0 0 11 0 12 0 0 0 0 0 0 0 0 18 0 14 21 0 17 1 0 0 0 0 16 
1 22 0 0 10 0 16 0 14 0 0 11 15 17 13 0 12 18 0 25 6 21 19 4 0 
18 0 4 16 19 0 25 0 0 0 14 0 0 0 24 3 0 8 0 22 11 0 0 0 7 
15 0 0 3 0 1 0 6 0 0 0 0 0 0 7 23 2 0 13 9 0 12 0 0 0 
16 25 0 0 0 0 0 0 0 0 20 12 22 0 9 6 1 5 11 8 3 4 0 24 0 
0 0 0 0 0 4 9 19 0 20 0 0 7 24 0 22 25 0 10 0 21 17 0 0 0 
17 18 21 12 2 24 0 7 1 0 0 3 0 6 10 19 0 0 14 0 15 0 0 20 11 
24 8 20 4 1 0 6 0 0 5 15 0 0 25 16 17 7 21 2 0 0 19 0 0 0 
22 5 15 9 7 0 12 11 16 0 0 2 0 0 18 0 0 20 0 3 8 0 10 1 13 
3 13 22 0 0 0 0 0 0 23 9 0 1 10 19 0 6 0 8 0 0 7 20 5 24 
4 12 0 0 15 20 18 25 0 21 11 17 24 7 22 2 0 19 0 10 0 8 0 0 1 
6 7 0 1 0 9 17 0 0 13 0 0 0 2 0 0 0 0 0 24 0 0 11 19 0 
0 11 0 19 9 0 24 14 7 1 13 0 3 0 0 5 16 0 0 20 23 0 21 0 4 
5 10 0 21 0 12 0 22 3 0 16 20 0 4 0 13 11 23 0 7 25 2 0 18 0 
