0 0 16 13 15 0 10 14 0 9 0 0 0 0 2 0 
0 0 8 12 13 7 5 0 0 0 3 0 4 0 15 0 
0 5 0 6 12 0 0 0 8 0 16 11 3 0 14 0 
4 2 1 0 3 16 0 0 0 7 15 0 0 0 0 12 
3 0 2 4 1 12 0 0 0 8 0 0 0 0 11 14 
5 16 0 0 8 0 0 6 7 4 0 0 0 3 0 0 
0 8 14 0 4 0 0 3 0 0 0 0 0 7 0 15 
6 1 13 0 14 5 0 0 3 11 12 0 0 0 0 8 
0 6 0 9 0 0 0 15 12 3 0 0 0 0 0 10 
8 15 0 1 10 14 0 0 0 2 6 7 0 0 0 5 
0 0 12 16 0 6 4 7 0 0 11 0 14 8 3 1 
0 4 11 7 5 0 3 8 0 0 0 1 15 12 0 0 
0 0 0 0 0 15 13 5 14 0 0 0 8 0 0 4 
9 14 0 0 0 3 0 12 0 0 0 0 10 0 0 2 
16 0 7 3 0 4 0 2 0 6 8 0 0 15 12 11 
15 12 4 5 6 0 0 1 0 16 9 0 0 0 0 3 
