0 0 0 0 0 16 12 3 7 0 8 6 0 9 0 0 
0 4 0 12 13 10 0 0 0 0 16 14 0 2 11 0 
6 0 8 10 0 5 0 2 0 15 0 3 14 16 12 13 
16 0 0 0 11 9 8 14 2 12 10 13 5 6 0 7 
5 6 0 8 14 11 13 0 4 2 0 0 0 0 0 12 
4 15 0 0 1 0 0 0 14 0 11 0 2 8 13 0 
0 0 0 11 0 2 16 15 0 0 13 0 0 4 0 0 
9 0 7 13 12 0 0 0 15 16 0 5 3 1 0 0 
0 12 0 0 0 0 0 16 6 0 0 0 0 5 7 0 
0 7 0 1 2 12 11 8 5 3 0 9 4 0 0 0 
2 5 0 6 10 0 14 0 0 4 12 16 1 3 9 15 
0 0 0 15 0 1 0 0 0 0 0 7 0 0 0 16 
3 10 1 5 16 0 0 0 12 0 0 4 13 15 0 0 
15 0 0 7 0 0 0 12 10 1 0 0 9 0 0 4 
13 0 9 0 0 0 0 0 16 0 0 0 0 0 0 0 
0 0 0 2 0 4 7 0 0 0 0 15 6 0 0 10 
