2 17 11 0 0 0 15 10 0 0 0 0 1 21 16 0 0 22 25 4 5 6 0 0 0 
0 18 0 4 12 0 22 0 11 21 0 13 24 0 10 7 0 0 0 0 0 0 1 0 16 
21 10 22 16 0 0 23 7 19 0 17 20 0 0 0 0 9 1 0 0 0 12 4 0 0 
24 0 6 0 5 9 0 0 0 0 2 25 0 22 0 15 0 17 0 0 0 18 0 0 3 
0 7 20 14 0 0 18 25 2 17 3 0 5 11 0 23 0 0 0 24 22 8 0 0 13 
0 19 10 0 23 2 0 11 0 25 0 14 6 24 8 21 0 15 4 0 7 0 0 9 18 
12 2 4 22 0 21 0 24 3 23 5 0 7 0 0 14 0 10 0 0 0 1 8 6 17 
0 0 21 5 0 15 12 18 9 1 4 0 0 0 3 2 7 8 20 0 0 10 25 22 23 
0 15 25 17 6 0 0 0 4 0 10 2 22 13 18 0 24 0 0 0 14 0 11 0 0 
0 0 7 0 24 22 10 0 0 0 0 1 0 9 23 11 17 16 13 0 0 0 0 12 2 
22 5 0 0 11 0 0 12 0 2 0 19 0 0 17 24 0 14 0 9 8 0 0 0 6 
7 3 14 0 0 0 9 1 15 8 23 24 0 0 0 17 0 0 16 13 0 22 19 0 4 
10 1 16 0 0 0 17 23 5 19 13 6 0 0 0 0 0 3 0 7 0 0 0 0 0 
19 0 12 20 0 4 24 0 18 0 8 0 21 0 0 5 6 0 10 1 15 2 0 0 7 
0 0 0 24 0 25 21 3 6 14 0 5 0 0 22 8 12 18 15 19 0 20 10 0 0 
18 6 0 7 0 23 0 0 0 0 1 22 0 10 5 16 13 24 0 0 9 0 12 0 0 
0 0 0 0 20 19 7 0 12 0 25 17 3 23 0 22 14 11 0 0 6 0 0 1 24 
0 12 0 3 22 0 0 15 10 0 16 0 0 6 2 25 19 9 0 21 20 23 18 0 0 
0 14 24 2 0 13 0 9 0 0 15 12 0 0 21 4 23 0 6 8 3 0 0 0 11 
0 9 1 23 0 17 0 21 22 11 20 0 14 0 0 0 15 2 18 0 0 0 16 19 0 
15 0 0 13 0 18 0 20 24 0 0 10 4 7 25 0 16 5 3 0 17 11 0 0 22 
0 20 18 0 19 7 11 0 16 9 0 21 2 0 13 12 1 4 23 17 25 14 3 0 15 
0 24 3 0 14 0 0 5 21 13 0 9 23 0 15 0 0 0 2 0 0 0 0 18 10 
0 0 9 11 2 14 3 17 0 0 6 18 16 0 0 0 0 21 0 15 1 0 0 0 12 
16 0 0 12 0 6 4 0 23 0 0 3 0 0 0 0 0 0 24 25 0 0 20 0 0 
