1 0 0 24 0 0 0 0 0 5 0 23 0 0 0 25 11 0 0 2 0 17 0 21 0 
0 8 0 0 0 19 0 0 0 0 13 0 0 0 0 1 23 12 0 0 0 0 0 0 11 
0 0 19 0 0 0 0 0 0 0 0 0 2 0 25 0 5 6 14 7 0 0 13 8 0 
0 2 0 0 4 0 3 0 14 0 0 0 0 0 0 0 0 9 0 0 24 16 25 0 0 
0 0 0 0 0 15 9 0 0 8 0 12 0 0 0 0 0 0 17 0 3 0 2 0 0 
0 0 0 0 0 22 5 0 0 0 11 0 0 0 0 0 0 1 0 0 0 6 0 0 0 
0 0 22 13 0 0 11 12 0 0 0 0 23 0 0 0 0 0 0 0 9 14 0 1 8 
0 0 0 0 8 0 10 25 0 19 0 0 7 0 0 0 9 0 11 0 0 0 0 0 0 
24 12 0 4 0 13 0 0 18 0 15 0 0 0 0 0 0 0 0 8 0 7 0 0 0 
0 0 0 0 16 0 23 8 6 0 0 3 0 20 0 0 12 7 0 0 0 0 0 18 13 
19 4 0 0 0 25 0 10 0 0 0 11 13 0 0 16 0 24 7 20 15 0 23 0 18 
0 0 0 0 18 20 0 21 0 0 0 2 0 0 0 6 0 0 0 0 0 0 1 0 0 
23 17 0 16 0 0 2 0 19 18 10 0 25 22 0 21 3 0 0 1 0 0 0 12 9 
25 21 0 10 0 0 0 14 0 13 17 0 24 0 20 0 0 19 9 0 4 0 8 11 0 
0 0 13 0 0 16 24 0 0 0 0 0 0 0 0 0 0 0 18 17 0 0 0 0 25 
12 0 0 0 13 0 0 2 9 0 6 0 0 0 0 0 16 0 0 0 22 0 0 3 0 
0 0 0 0 7 0 22 0 0 0 0 0 0 0 21 0 0 0 20 0 1 11 0 15 0 
9 0 24 6 0 0 0 0 0 0 0 0 17 4 15 0 25 22 12 11 2 0 0 19 0 
0 0 0 0 0 8 0 0 12 0 19 9 16 0 22 0 0 0 3 0 0 25 4 0 0 
4 22 0 2 19 0 0 0 20 6 0 0 0 3 23 0 0 0 5 0 0 0 0 9 24 
0 0 0 0 22 6 19 0 0 0 23 0 4 7 14 0 17 0 8 5 12 0 0 13 21 
7 0 3 19 0 14 0 5 24 0 0 15 9 10 0 0 22 18 6 0 17 4 0 25 1 
0 0 4 25 0 0 15 16 0 0 0 17 5 8 0 0 20 13 1 3 14 22 0 0 19 
5 0 16 14 0 2 0 1 22 0 0 19 3 13 0 0 0 15 21 4 0 0 0 0 23 
8 0 0 0 0 0 0 0 0 0 0 16 1 0 0 0 0 25 2 0 0 0 0 0 0 
