7 0 21 0 0 0 5 0 19 0 24 0 13 14 0 0 0 0 0 8 0 0 0 18 0 
9 0 0 0 6 0 0 0 0 1 22 4 2 0 3 11 0 18 5 0 21 19 8 0 16 
5 20 8 18 0 12 0 0 0 0 11 16 7 19 0 23 0 0 0 2 9 14 17 3 4 
12 0 0 17 0 11 21 0 18 3 1 0 15 9 8 4 13 10 7 19 0 5 25 20 22 
19 4 24 22 1 0 25 0 9 2 18 21 5 0 17 16 3 14 0 0 11 0 0 0 7 
20 0 0 16 12 0 0 10 4 0 0 18 11 0 14 0 0 6 0 0 1 0 0 0 0 
0 6 18 0 0 9 0 0 14 0 0 0 0 0 1 0 0 22 13 0 3 0 5 4 0 
0 0 0 24 21 18 8 19 7 0 0 22 0 13 15 0 0 20 3 0 25 0 11 0 0 
3 0 0 0 11 13 0 25 0 5 0 7 6 4 0 0 18 15 12 17 14 20 2 0 0 
8 0 13 0 0 0 15 0 16 0 0 5 20 0 19 0 14 0 9 7 0 18 0 24 0 
0 8 0 4 0 0 3 0 0 7 12 0 25 15 23 20 19 13 21 18 16 24 0 0 0 
0 19 0 0 2 6 0 0 0 20 10 0 0 5 0 14 0 1 0 16 22 0 23 25 0 
18 0 14 6 20 16 0 0 0 0 19 0 0 0 0 0 11 0 22 0 10 2 0 0 0 
24 5 22 0 0 10 0 0 0 0 14 0 21 6 0 0 17 23 0 25 12 9 20 0 11 
0 21 3 12 25 0 0 0 24 23 7 20 22 11 16 0 0 0 6 9 19 0 18 8 0 
6 9 0 20 22 14 0 3 12 0 13 0 19 0 0 0 0 0 16 15 4 23 24 1 0 
0 12 11 0 18 7 0 0 0 16 4 0 14 24 0 0 2 0 19 10 0 25 13 5 3 
14 0 4 25 24 19 18 0 0 0 15 9 10 0 21 3 0 0 11 23 0 0 0 6 0 
23 16 0 0 0 2 0 15 6 24 3 0 0 12 0 22 1 0 25 0 8 0 19 0 9 
2 0 0 8 0 21 0 0 10 9 0 25 0 0 0 12 7 24 17 13 18 16 14 11 20 
4 0 0 10 0 17 16 0 11 0 21 12 0 1 13 24 0 0 2 22 0 6 0 19 0 
21 0 0 0 0 0 0 6 5 0 0 19 17 22 0 9 0 16 14 12 0 11 0 10 15 
0 0 0 2 9 0 1 7 0 22 0 10 3 0 0 21 4 0 0 20 13 0 12 17 0 
15 1 12 7 5 0 0 0 3 19 8 0 0 0 0 0 6 0 0 11 20 21 16 22 24 
22 17 19 0 14 0 10 12 8 21 16 15 0 7 0 0 0 0 0 0 23 4 9 0 0 
