20 0 0 19 0 0 15 11 0 21 16 0 0 0 1 0 13 24 2 0 9 23 12 17 7 
0 25 0 0 21 0 0 0 0 0 11 0 20 0 0 12 18 15 0 14 5 1 2 8 3 
0 5 8 0 3 10 25 20 18 9 13 15 0 12 0 11 16 7 23 1 0 0 14 22 24 
0 2 0 12 0 17 0 0 1 0 24 6 0 18 0 0 25 0 0 8 15 0 0 11 0 
1 11 24 13 15 0 0 23 0 0 14 0 9 8 0 0 0 10 3 4 6 18 21 16 25 
22 23 0 0 19 8 21 18 12 0 7 24 13 25 9 0 15 3 0 17 0 2 0 0 0 
24 1 9 8 0 0 0 22 0 0 0 18 4 15 0 0 11 23 5 0 21 3 0 20 6 
0 0 0 2 13 15 1 0 7 0 0 0 3 16 12 0 22 0 4 21 17 0 0 19 18 
0 0 17 18 7 5 0 0 0 0 20 0 0 6 19 8 2 0 0 9 25 22 16 23 15 
0 16 0 21 25 0 2 17 0 0 0 22 0 0 0 19 0 0 24 18 0 4 1 0 9 
2 21 3 23 4 12 0 16 9 1 0 0 0 13 24 15 19 11 18 0 0 5 17 6 0 
13 24 0 5 20 0 3 0 0 17 0 0 6 19 2 0 1 0 9 23 18 11 15 25 10 
19 7 0 1 11 0 0 15 10 13 0 0 0 17 0 14 5 25 12 6 22 24 0 21 4 
0 0 16 0 0 6 24 0 20 4 21 11 5 14 18 0 0 0 7 22 0 12 3 0 0 
0 0 0 10 0 0 8 0 0 18 15 1 22 20 23 0 24 0 21 13 19 0 0 0 16 
21 4 0 0 10 0 18 0 17 22 23 20 12 9 0 5 8 0 0 11 0 0 0 24 0 
0 0 1 15 9 0 0 0 13 0 0 7 14 0 0 0 0 0 0 0 16 0 0 18 12 
0 17 20 14 24 3 0 0 0 0 0 2 0 0 0 4 0 18 25 16 0 21 0 0 0 
11 0 0 22 0 0 5 0 15 0 17 0 18 0 3 0 0 1 20 0 0 0 4 14 19 
18 0 5 3 2 0 0 8 0 7 1 0 10 21 0 0 14 0 13 24 0 17 0 0 11 
16 3 0 0 0 18 0 10 14 8 22 0 17 0 0 0 4 2 11 19 7 20 0 12 1 
0 15 0 0 17 13 0 5 24 0 6 0 0 0 20 0 23 16 10 0 11 0 0 9 0 
10 0 0 0 14 0 11 0 0 3 0 0 0 0 0 9 7 22 0 0 0 0 6 0 17 
9 18 13 7 0 0 0 0 0 0 25 14 0 11 0 0 17 0 0 0 0 0 19 4 21 
0 0 0 0 22 0 17 0 16 0 0 5 24 0 4 13 21 0 0 12 2 0 18 0 0 
