0 13 18 0 20 19 0 22 8 0 15 0 12 9 0 0 6 21 2 0 25 17 24 10 4 
0 0 0 0 6 0 0 0 0 0 0 0 21 0 14 19 10 7 0 5 11 16 0 0 0 
0 0 0 19 21 0 0 0 16 0 0 3 4 0 0 18 11 0 8 0 0 0 0 0 2 
0 8 17 5 0 18 6 3 0 4 0 0 7 0 11 9 25 20 13 0 23 0 21 15 22 
2 0 7 0 0 0 11 0 0 15 25 17 0 0 1 0 0 0 16 0 3 6 18 20 19 
0 0 0 0 0 0 0 17 0 0 12 0 15 0 7 0 20 0 9 0 21 10 23 14 24 
10 0 0 15 23 0 0 19 9 11 2 4 0 0 13 21 0 0 0 14 0 0 25 17 8 
24 0 0 7 4 6 25 1 0 16 0 19 3 11 0 10 23 0 17 18 20 15 0 0 13 
3 0 19 13 25 0 0 0 18 5 17 20 0 0 0 0 0 22 1 0 4 12 7 16 6 
17 0 9 22 8 7 0 0 15 10 0 0 16 1 0 13 0 0 4 0 19 3 0 0 0 
0 0 0 9 13 0 21 25 0 0 0 18 14 0 0 22 2 0 0 7 0 8 0 3 11 
19 18 6 23 0 1 24 0 0 0 16 15 0 3 12 14 21 13 0 0 0 0 5 0 7 
0 0 0 14 16 8 15 23 22 18 1 7 10 0 6 0 19 17 0 9 2 13 20 0 0 
7 2 0 0 0 0 14 4 0 9 13 21 11 0 0 16 12 18 0 0 0 24 6 1 0 
20 21 15 12 3 17 7 5 10 0 9 24 23 0 0 0 0 0 0 4 0 0 16 19 0 
9 4 0 0 0 23 1 10 0 17 22 5 0 16 0 24 0 0 0 0 6 0 19 0 0 
8 23 0 1 7 11 0 0 0 22 0 25 2 0 0 0 0 0 21 6 0 20 13 0 0 
21 0 0 0 0 5 8 2 4 0 7 0 17 0 0 15 18 0 14 1 10 25 22 23 0 
5 6 16 2 22 0 19 0 12 0 21 1 13 18 0 0 0 10 0 11 24 4 14 9 17 
12 15 3 0 0 0 0 0 0 6 11 10 0 0 4 20 0 25 0 16 1 21 0 8 18 
13 0 14 0 0 0 0 0 0 0 6 0 22 7 10 0 17 4 18 21 0 0 12 0 0 
6 20 12 0 1 10 17 0 23 0 0 11 0 0 0 7 16 3 19 22 0 0 0 18 14 
23 17 2 0 0 12 4 0 7 0 0 16 0 0 24 25 0 8 0 13 0 0 0 0 0 
22 0 8 16 15 2 18 0 5 0 0 9 0 0 23 12 14 0 6 0 0 7 3 0 21 
0 7 11 21 0 0 0 8 25 24 3 12 0 14 2 0 1 15 0 0 0 0 17 6 0 
