0 22 14 5 8 0 1 0 0 6 0 13 2 11 17 0 0 0 0 15 21 20 3 0 25 
4 0 0 0 0 0 3 16 0 0 8 19 0 0 7 0 21 22 20 1 15 0 12 0 13 
0 3 15 19 11 0 0 0 0 0 4 22 16 24 23 25 0 0 8 13 0 1 6 0 2 
0 13 0 1 9 0 22 0 25 0 0 0 0 12 18 14 5 0 0 16 23 0 4 8 0 
12 0 0 0 25 0 19 13 0 2 5 14 20 0 1 0 17 0 3 7 0 0 0 11 0 
19 11 23 0 12 0 5 0 9 18 0 2 3 4 13 0 14 6 0 0 10 7 25 0 15 
0 20 16 0 7 11 4 0 0 0 21 0 5 0 12 22 25 3 19 2 17 6 0 0 8 
14 0 0 3 0 13 0 8 15 21 0 0 0 7 0 0 0 4 0 0 19 0 18 12 0 
0 5 0 0 15 14 0 2 7 0 0 0 0 8 16 0 23 11 1 0 4 0 0 0 0 
10 24 0 0 22 0 16 19 20 25 6 11 0 23 0 13 0 7 17 8 0 0 5 9 3 
0 0 20 0 24 23 8 18 0 0 7 0 0 0 10 3 0 16 0 25 0 4 13 2 0 
0 12 0 0 0 0 7 0 11 0 0 18 24 13 2 17 0 15 5 0 0 0 0 3 0 
5 16 22 0 0 2 0 14 13 1 0 0 4 3 19 24 0 12 6 10 18 8 23 0 11 
0 4 0 0 2 0 25 15 0 10 23 0 0 0 0 9 0 13 0 21 0 0 0 19 20 
0 0 6 0 0 3 20 0 0 19 0 0 0 16 0 1 2 0 0 0 14 0 7 17 12 
11 0 12 14 4 0 0 0 23 15 19 0 7 21 20 2 16 1 25 0 24 5 22 10 0 
1 0 5 21 3 0 11 6 0 9 0 0 12 0 22 20 24 14 0 0 0 0 15 25 16 
0 0 17 0 18 0 2 20 0 0 11 23 25 0 9 0 0 0 0 0 0 14 8 1 0 
25 0 0 22 16 0 12 0 14 4 0 3 15 5 24 8 11 0 0 19 0 0 0 6 0 
0 0 0 0 19 0 10 0 0 5 14 0 0 17 8 0 0 21 7 3 2 12 11 4 9 
0 7 0 13 1 20 18 17 0 0 0 0 14 0 0 0 0 0 21 12 6 25 16 24 5 
0 18 8 0 23 25 14 5 3 0 16 0 0 0 0 0 4 20 0 6 0 0 2 22 0 
0 0 11 16 0 19 23 10 0 13 24 0 17 20 3 5 8 0 0 0 0 0 1 0 0 
17 19 0 12 0 4 0 21 0 7 18 10 13 2 0 0 22 25 9 0 0 15 0 23 0 
2 0 0 0 0 6 0 9 0 0 12 0 23 22 0 18 0 17 13 24 11 3 0 21 0 
