24 7 13 4 0 5 0 0 1 0 19 0 9 0 10 16 0 0 15 0 25 17 0 0 23 
0 0 14 0 0 13 23 6 0 0 0 0 0 0 0 17 0 0 19 12 0 0 1 24 0 
2 22 0 11 1 17 8 0 19 9 12 13 20 0 4 23 0 0 25 5 0 0 0 0 0 
25 5 0 21 6 0 16 22 0 24 23 15 3 0 1 0 0 0 0 8 0 0 0 0 12 
19 9 12 0 23 4 0 20 15 0 0 17 0 0 22 0 3 0 1 2 0 8 0 0 0 
6 24 0 17 13 0 3 16 0 4 22 1 5 9 14 20 0 0 0 11 15 0 21 0 0 
22 12 0 0 4 0 13 2 0 5 25 23 16 17 7 8 15 9 24 0 14 11 3 10 0 
0 0 16 23 11 1 24 0 20 0 0 0 2 4 15 5 19 22 7 0 8 0 17 0 0 
9 0 0 14 0 6 0 23 0 0 10 21 0 8 0 3 17 0 0 13 0 0 4 0 0 
10 0 0 18 0 15 7 0 0 17 0 19 0 0 13 0 14 0 0 1 0 24 0 0 0 
0 0 0 24 17 14 0 7 8 0 0 25 4 0 23 0 0 10 0 15 0 3 9 19 0 
11 3 19 10 0 0 0 0 0 0 0 18 17 16 6 0 0 0 0 0 23 22 12 20 8 
21 16 0 13 0 0 9 17 18 0 0 7 0 0 19 0 8 5 0 0 11 10 0 0 25 
4 0 9 0 25 10 1 12 5 0 13 0 22 0 8 24 11 3 0 19 0 7 0 0 0 
0 0 6 0 0 11 0 19 23 0 9 0 21 10 0 0 12 0 4 0 0 18 0 0 13 
13 17 25 8 9 0 0 18 14 23 21 0 19 11 2 0 24 1 0 6 16 0 0 0 10 
0 10 0 1 0 0 0 25 17 6 0 8 13 0 0 15 0 11 0 22 0 0 23 18 19 
15 11 0 0 22 12 21 8 0 0 7 0 25 5 17 2 18 20 0 0 6 1 13 14 0 
0 0 0 5 20 9 0 1 0 0 0 10 0 18 12 0 16 19 8 0 0 2 25 3 0 
0 0 0 0 16 0 0 0 0 3 0 20 0 22 0 10 4 25 14 0 12 5 0 8 21 
0 0 23 9 0 2 25 13 3 0 1 22 7 0 0 0 5 0 0 4 21 6 10 17 16 
16 0 0 0 0 21 0 9 0 1 8 0 10 19 0 14 0 15 17 3 18 0 0 0 0 
0 19 0 22 0 0 17 0 4 0 0 0 6 0 0 21 0 0 0 16 9 23 0 0 14 
7 8 3 25 0 22 14 10 16 0 17 2 11 23 0 0 1 6 13 24 0 4 15 5 0 
17 15 0 12 21 0 0 0 6 0 4 9 0 25 16 18 0 8 22 10 3 0 2 1 0 
