14 0 0 0 21 0 22 23 24 0 0 0 19 0 20 0 8 0 0 10 4 5 0 6 0 
0 0 20 0 13 0 0 9 7 6 0 8 11 17 0 0 19 16 21 0 14 25 12 0 0 
0 11 0 18 0 0 15 0 21 20 0 9 0 23 0 0 3 0 25 4 1 19 8 0 2 
0 17 25 9 0 0 0 19 0 14 15 2 3 24 0 0 0 7 13 0 0 0 0 21 0 
0 19 16 0 8 17 3 0 0 5 4 14 21 7 0 24 0 0 0 12 0 15 0 13 0 
0 18 11 0 16 5 0 6 20 0 3 0 23 13 14 19 25 0 4 0 15 22 0 10 0 
0 0 0 0 17 0 0 0 23 0 0 0 0 21 0 1 14 0 16 11 5 3 4 0 6 
19 23 1 15 10 24 0 0 14 0 5 16 4 18 17 22 0 3 0 20 7 0 13 8 12 
0 4 22 0 2 3 17 0 0 10 12 6 7 0 25 5 0 24 0 0 16 0 0 23 20 
7 3 0 0 0 4 16 15 19 0 0 10 0 11 22 17 21 0 23 13 25 0 0 2 0 
25 12 0 19 6 0 0 4 0 0 8 0 17 20 1 10 13 21 18 0 9 14 11 24 5 
15 7 0 0 0 0 0 8 0 1 13 22 0 0 0 23 0 11 0 19 0 0 2 0 18 
0 0 18 20 0 9 0 21 10 24 23 0 25 0 0 8 0 15 12 1 0 0 6 7 0 
10 13 0 23 0 11 0 14 0 3 16 15 0 4 0 7 0 0 0 22 8 12 21 0 0 
17 0 8 24 11 6 25 2 0 18 19 21 10 12 0 9 0 0 0 0 22 0 0 3 0 
2 8 0 3 9 0 24 0 5 0 0 0 0 0 11 0 0 22 1 6 21 13 17 0 0 
0 0 4 16 25 15 0 0 0 12 10 0 0 2 21 3 5 19 0 24 0 0 0 0 0 
0 0 0 6 22 0 0 0 2 0 17 0 0 3 24 20 0 0 14 15 12 0 5 0 0 
0 10 17 0 0 0 0 0 11 0 0 0 15 0 23 2 0 18 0 25 0 0 0 4 0 
0 24 0 0 23 0 4 3 6 22 14 12 0 0 0 21 11 13 0 17 19 2 20 0 0 
4 6 0 1 14 21 2 0 0 0 7 17 20 0 0 0 0 5 24 18 0 9 0 19 0 
13 25 21 0 0 14 7 0 0 4 9 24 22 6 19 16 10 0 0 2 3 20 0 0 0 
12 9 24 0 0 22 0 18 0 0 21 23 16 1 0 25 15 6 0 0 2 17 14 5 13 
0 2 0 0 0 23 0 0 0 13 0 18 12 15 0 14 20 0 22 21 0 24 0 16 0 
0 0 0 0 0 20 6 0 0 17 2 0 0 0 13 4 9 1 0 0 18 7 10 0 21 
