21 0 0 25 13 0 16 5 0 0 19 15 0 0 0 0 20 11 9 14 18 17 12 3 4 
4 6 10 0 20 0 0 0 0 2 16 11 3 0 12 0 0 17 18 0 7 24 25 22 0 
0 8 0 0 0 0 18 24 0 9 0 0 17 2 0 16 3 4 12 13 20 21 0 23 0 
17 1 19 3 9 0 0 4 0 0 0 0 14 0 23 25 0 10 24 0 0 13 6 5 0 
0 2 0 0 0 25 3 0 17 14 0 0 20 5 0 0 23 0 22 21 15 10 9 8 0 
2 0 6 7 0 5 20 14 0 12 13 0 0 25 8 15 9 23 1 0 19 0 16 0 0 
0 0 0 19 18 13 17 0 0 15 0 0 16 12 14 11 0 0 21 3 0 0 4 24 0 
5 17 0 20 15 8 0 0 0 18 22 19 23 7 0 10 0 0 0 0 1 0 0 14 13 
0 11 0 13 0 0 23 25 16 22 17 3 0 15 0 0 19 0 4 0 12 6 21 20 10 
0 3 21 8 0 4 0 0 0 0 5 0 24 0 1 13 0 0 0 0 0 18 2 25 0 
20 15 22 14 1 3 0 0 4 0 0 6 2 16 0 18 0 12 0 0 8 0 0 0 0 
25 0 0 9 4 0 0 23 0 0 1 12 7 19 22 0 2 21 0 0 0 0 13 11 16 
0 0 0 24 0 22 25 15 5 20 0 8 13 18 11 0 4 1 0 16 0 0 0 7 17 
0 12 13 16 0 10 9 0 2 19 0 24 0 20 5 22 0 0 3 0 6 4 18 0 0 
0 23 18 21 11 14 0 16 12 0 0 4 9 3 0 17 0 0 0 24 0 2 20 0 5 
19 0 0 0 0 0 13 20 10 3 9 0 8 0 21 0 0 16 2 4 11 0 17 0 12 
0 22 20 2 0 0 5 0 6 17 24 16 15 0 18 0 0 0 7 25 9 8 3 13 21 
0 0 0 4 6 21 0 0 8 0 7 0 0 0 0 0 0 0 5 20 0 16 0 15 0 
3 0 0 12 0 9 0 18 14 0 0 20 0 0 0 0 15 0 0 0 0 0 22 0 7 
18 0 14 11 0 15 4 0 0 23 0 0 0 0 0 21 0 0 0 0 0 20 5 6 25 
16 0 0 6 3 11 22 2 0 21 0 0 0 0 20 0 24 0 0 12 0 0 7 4 18 
0 19 0 0 0 12 24 0 0 6 0 23 21 0 0 4 25 0 15 0 0 0 10 16 0 
11 0 1 0 21 18 15 0 13 4 12 0 22 24 7 23 17 5 16 0 0 0 19 2 6 
15 0 4 23 0 0 14 0 25 1 2 0 0 10 0 0 0 3 11 6 13 5 0 0 0 
12 0 0 17 25 0 10 3 0 0 0 18 4 0 6 19 14 2 0 0 21 11 0 9 20 
