0 8 0 0 19 25 4 0 0 22 23 12 20 14 7 0 5 15 0 0 0 1 0 6 21 
11 0 20 2 0 24 0 0 0 5 0 0 0 0 1 12 0 10 0 22 3 0 0 0 0 
0 0 21 23 0 1 8 3 0 12 0 4 0 17 6 9 2 18 0 0 11 0 14 10 0 
0 0 17 4 10 0 15 11 0 0 25 0 18 3 0 7 6 0 0 0 0 13 22 8 0 
0 24 0 13 0 0 0 0 0 0 22 10 2 11 15 16 17 0 23 0 20 0 25 12 18 
0 0 0 14 0 0 0 0 0 17 3 18 13 8 0 0 22 0 9 24 1 21 0 16 25 
0 12 1 0 21 9 22 0 0 0 0 19 0 25 23 0 8 0 18 4 14 2 0 11 17 
22 18 9 0 0 0 20 19 0 0 2 0 21 6 11 0 0 12 10 1 15 0 0 0 0 
0 0 16 11 24 0 0 0 2 18 15 7 0 0 4 21 25 0 17 23 10 20 9 0 8 
5 0 0 3 0 0 16 8 21 0 17 9 1 10 0 11 15 0 7 2 0 0 4 0 0 
17 0 22 0 9 0 10 0 23 8 4 20 19 0 25 0 13 0 0 21 5 0 7 1 0 
8 0 6 0 4 0 0 0 0 11 0 0 0 0 2 0 9 7 15 0 17 0 21 0 16 
0 0 23 0 2 0 25 0 0 13 0 0 0 22 10 14 0 6 16 17 0 0 0 0 4 
0 0 11 0 18 5 0 0 4 0 0 8 0 0 0 0 0 0 0 25 19 0 24 15 13 
0 19 0 12 7 15 21 0 22 20 11 6 17 5 0 18 1 4 24 8 25 0 0 23 0 
15 0 12 22 20 13 0 0 14 0 0 0 23 16 0 0 0 1 4 0 2 5 10 0 11 
0 21 0 18 11 0 5 4 24 9 1 0 6 15 14 0 12 2 0 16 0 0 13 19 20 
14 0 0 0 3 0 0 20 12 1 10 0 0 0 18 25 21 0 0 0 0 16 17 9 15 
25 1 0 0 8 0 0 22 0 0 20 0 0 0 0 15 0 23 0 10 0 3 12 7 0 
2 4 10 0 16 8 23 0 0 3 5 0 0 0 12 22 14 9 20 0 0 18 0 21 24 
3 23 18 25 6 0 14 5 8 0 0 16 10 4 0 0 20 0 0 15 0 0 11 24 0 
4 22 19 20 0 17 9 25 0 7 0 0 0 0 24 5 0 0 21 0 0 0 0 2 1 
9 17 2 24 0 19 12 21 11 0 0 1 0 20 0 0 7 0 6 0 0 0 16 4 3 
0 11 8 0 14 20 24 0 10 16 0 0 15 13 0 0 0 0 0 0 9 0 18 5 0 
1 10 0 0 12 0 13 23 3 0 0 2 5 0 17 8 24 25 0 9 0 19 0 14 22 
