0 8 10 0 6 0 0 0 0 11 0 4 13 0 0 0 
12 4 15 2 0 0 5 0 3 0 0 6 9 0 10 0 
1 0 3 9 0 2 10 0 8 13 0 0 16 12 0 0 
16 13 7 0 8 0 9 0 14 10 0 2 0 0 6 5 
13 12 16 0 15 14 0 11 10 0 0 8 5 6 0 3 
6 0 9 0 0 13 0 0 0 5 0 14 0 0 0 0 
0 0 0 8 0 9 0 0 0 0 13 0 0 0 0 0 
0 0 11 10 5 1 16 0 0 6 0 0 0 0 0 0 
14 0 0 4 2 0 7 0 12 0 3 0 0 16 5 0 
0 0 0 0 0 0 0 0 13 15 4 0 12 0 11 14 
10 0 6 0 14 4 0 0 0 16 0 7 3 0 0 8 
7 11 8 0 0 0 0 0 6 0 14 5 4 13 1 0 
0 16 1 0 0 7 0 2 5 0 10 0 0 14 9 0 
3 14 2 13 0 0 11 0 4 0 0 12 6 5 0 15 
0 10 0 5 3 6 0 13 15 0 2 16 7 11 0 0 
0 0 4 7 12 5 0 0 0 0 0 0 2 3 13 10 
