4 0 0 0 0 0 1 6 11 14 0 9 5 0 0 0 
3 9 11 12 0 14 0 13 16 10 0 5 7 0 0 4 
0 0 0 6 9 3 5 0 1 0 0 12 16 10 0 14 
0 1 0 0 0 16 0 4 0 0 0 6 0 0 0 0 
5 7 0 13 0 9 0 0 15 0 2 0 10 0 6 11 
0 10 8 4 0 0 0 1 0 0 0 13 0 14 0 7 
12 0 0 0 13 8 0 0 14 9 0 10 0 0 0 0 
0 0 1 14 0 6 3 0 0 12 0 11 0 5 0 13 
0 3 0 2 14 15 0 5 0 11 1 0 13 0 10 0 
0 0 0 10 0 0 8 11 0 0 0 15 0 7 2 5 
7 11 5 0 3 10 0 9 0 13 12 14 15 1 4 16 
0 0 0 0 1 0 0 2 0 4 0 8 0 0 0 0 
8 0 0 0 10 0 0 12 0 0 9 0 0 0 0 0 
0 0 12 0 6 2 13 16 0 7 0 0 0 9 14 8 
13 16 2 11 0 0 0 0 8 6 0 4 0 12 7 10 
10 4 0 7 8 0 14 0 12 5 0 0 1 0 0 6 
