18 20 0 3 5 21 0 0 23 0 0 2 0 24 0 0 0 4 12 0 0 10 0 11 0 
22 2 0 0 14 24 0 15 0 0 12 0 20 10 21 0 19 7 0 16 0 6 0 0 9 
0 10 0 9 0 7 0 0 0 12 0 3 15 6 13 0 0 21 0 0 8 0 2 16 19 
21 0 0 0 1 0 2 19 6 8 14 4 17 0 0 13 0 20 0 9 0 22 12 24 15 
12 6 17 0 0 13 0 0 20 0 8 0 1 25 0 3 0 0 0 2 0 0 23 0 5 
19 11 16 4 8 0 0 18 21 0 0 15 6 9 24 14 0 12 10 0 3 0 0 1 2 
0 5 9 0 0 23 0 24 19 0 0 10 12 0 0 25 6 16 0 7 0 0 8 13 17 
0 0 14 22 0 0 3 7 9 0 2 19 0 8 17 0 24 0 0 0 0 0 11 20 10 
0 7 15 0 13 14 8 10 25 0 0 1 11 16 0 2 3 0 17 18 12 0 0 9 4 
0 0 3 10 0 4 12 0 0 13 5 7 25 20 0 9 0 15 11 0 0 23 21 22 14 
16 0 21 24 10 0 15 11 0 14 17 18 19 0 0 12 0 6 5 0 9 0 0 3 1 
2 0 0 6 0 0 19 9 1 7 10 25 0 11 12 0 0 0 0 24 23 0 0 21 18 
0 0 22 12 0 25 16 0 5 0 1 0 0 2 20 0 0 0 3 10 11 0 0 8 0 
15 1 19 0 7 6 13 17 10 0 4 5 0 3 0 23 22 0 21 0 20 16 14 12 0 
17 0 20 11 25 18 0 0 24 3 15 22 0 14 8 1 2 0 4 13 0 7 0 5 0 
0 22 1 20 0 2 0 0 17 0 0 0 18 0 0 8 16 24 0 3 10 0 0 4 0 
0 9 0 0 0 0 24 0 3 0 0 0 0 0 0 20 21 10 7 0 1 13 0 0 22 
0 21 0 0 0 0 0 5 0 16 0 0 22 19 3 0 0 0 2 0 17 12 9 25 20 
11 8 6 15 16 22 0 20 18 10 7 21 0 12 0 0 0 0 9 0 0 0 5 0 3 
3 25 18 2 0 9 0 0 0 0 0 20 0 17 0 22 0 0 6 0 21 0 16 0 11 
0 0 12 16 22 10 20 0 7 0 18 17 5 0 15 0 0 2 0 0 0 0 19 23 0 
0 19 0 17 0 11 0 0 0 0 9 0 10 22 6 0 0 0 0 0 0 0 0 0 16 
8 0 10 0 11 17 5 0 2 24 0 16 0 21 4 6 0 19 0 0 0 9 0 15 7 
0 24 0 18 20 16 22 0 0 15 0 14 0 23 0 7 0 25 0 0 0 0 17 10 0 
0 0 4 1 23 19 9 0 14 21 0 24 7 13 2 10 17 0 0 0 6 0 25 0 0 
