23 0 0 21 17 22 19 0 0 24 0 11 10 25 13 0 0 16 7 0 6 3 5 0 4 
0 16 15 9 18 1 10 0 4 0 6 0 0 2 7 14 0 0 11 25 19 0 22 24 0 
2 5 24 25 10 11 0 0 0 18 0 0 0 8 15 19 0 4 0 9 13 0 0 14 0 
0 4 11 22 0 25 0 14 15 17 0 0 20 0 0 0 0 18 0 24 10 0 0 0 12 
0 0 0 0 3 21 2 12 16 0 0 4 24 0 17 23 10 8 0 5 11 9 18 25 0 
0 0 0 0 1 0 0 10 17 4 15 8 6 9 25 16 0 0 0 0 14 22 23 0 18 
0 11 0 0 0 23 21 0 1 0 0 0 12 0 18 4 0 0 0 7 0 2 3 0 0 
0 17 8 14 19 12 22 16 0 0 11 0 0 0 0 0 0 0 15 10 0 13 21 0 0 
18 21 0 15 16 0 11 0 24 0 20 13 14 3 5 2 8 0 1 23 4 19 0 0 10 
10 2 0 23 0 18 5 0 13 0 24 21 0 17 4 0 0 3 25 0 0 1 0 15 0 
8 0 0 0 23 10 9 0 5 15 25 17 2 4 0 0 3 0 13 21 0 0 24 0 6 
13 0 0 7 24 4 23 0 0 20 22 5 0 0 0 0 0 0 9 0 0 21 25 8 0 
25 3 0 0 0 0 0 0 19 16 7 18 0 0 24 0 4 0 0 0 12 0 20 0 23 
11 0 4 19 0 3 25 0 7 8 0 0 9 0 0 24 0 23 0 6 2 0 13 16 0 
15 0 17 0 0 0 6 18 12 0 0 0 0 0 11 0 0 10 8 20 9 5 4 1 3 
19 6 25 3 4 17 0 5 2 1 9 0 13 18 21 0 0 0 10 0 0 0 14 0 0 
0 0 0 0 0 0 18 4 10 11 0 0 0 24 6 21 9 0 14 0 0 12 0 3 0 
21 0 20 17 12 0 0 0 22 23 0 16 11 14 8 25 2 0 5 0 0 0 0 0 0 
1 24 23 10 0 6 0 21 20 9 17 25 4 12 0 22 11 15 0 18 0 8 2 0 7 
5 0 0 18 0 16 14 24 0 0 0 0 0 10 22 13 0 12 0 19 0 4 0 21 0 
0 0 0 12 0 5 0 7 14 0 8 0 0 21 1 9 0 2 4 17 22 25 0 19 13 
0 0 0 0 7 0 1 0 0 0 0 22 0 0 0 5 19 25 0 13 20 18 8 0 2 
17 0 21 11 9 8 0 0 25 22 0 0 18 20 0 0 16 0 23 3 0 0 0 0 14 
0 25 1 4 0 0 17 9 23 12 0 0 19 0 0 0 15 0 0 0 21 6 10 0 16 
20 15 0 13 8 19 24 0 18 2 0 0 25 16 14 12 0 0 0 22 0 0 9 0 17 
