8 0 5 0 0 0 0 0 0 13 0 11 7 16 0 0 
10 4 11 0 0 8 1 7 0 0 3 0 0 0 0 0 
0 0 0 16 15 0 0 5 1 4 7 9 3 8 0 0 
15 0 0 0 0 13 11 6 16 10 0 8 0 5 1 0 
5 2 0 4 0 0 16 0 7 0 13 12 0 0 8 6 
0 0 13 0 10 6 0 0 0 0 1 4 0 0 0 7 
1 6 3 7 0 9 0 8 10 5 16 2 0 13 15 12 
0 0 8 11 0 7 0 13 9 6 0 3 0 10 0 0 
0 0 0 8 0 1 7 3 0 0 0 10 0 0 0 16 
2 0 9 14 5 0 0 10 0 16 0 0 0 0 0 13 
7 0 12 0 6 11 13 0 14 0 4 0 0 2 9 15 
16 0 0 0 0 0 14 0 13 0 2 0 6 0 0 0 
11 8 0 2 12 0 6 0 5 0 9 0 0 0 0 3 
14 0 7 0 0 0 8 0 0 0 0 6 0 0 12 2 
3 0 0 10 0 0 9 0 4 15 0 14 0 6 7 0 
4 9 0 0 7 0 0 14 2 12 8 0 13 0 0 1 
