14 13 0 9 0 10 0 1 4 0 0 16 0 0 2 0 
0 0 0 0 14 0 13 3 12 0 5 8 0 0 0 0 
0 10 0 0 0 0 0 7 0 0 0 0 6 4 0 0 
0 0 6 7 2 4 8 0 0 0 13 0 14 0 3 0 
0 11 4 0 10 16 0 15 8 9 0 0 0 0 0 0 
8 16 2 0 0 0 9 0 5 0 15 13 12 0 7 6 
12 0 0 5 0 2 0 8 0 10 11 0 16 0 13 15 
0 0 0 0 5 0 12 0 0 0 0 0 11 0 0 10 
1 0 5 0 0 0 16 0 0 0 9 11 4 13 10 0 
0 0 16 0 1 0 0 0 0 0 4 7 0 11 15 0 
7 0 0 0 11 9 0 0 14 0 0 15 1 0 0 0 
0 0 9 15 13 12 0 2 10 8 16 0 0 14 6 0 
0 7 15 12 0 0 2 14 16 11 10 6 0 3 9 1 
5 9 0 0 7 0 0 0 13 14 8 2 10 0 12 4 
0 1 0 16 6 13 11 0 0 0 7 4 15 0 0 8 
0 0 8 13 0 3 0 0 0 0 12 5 2 7 16 11 
