0 17 20 0 0 0 3 10 21 19 14 0 0 0 6 8 0 1 12 9 0 0 22 15 24 
0 0 22 0 0 9 17 13 1 23 11 21 4 0 20 0 0 16 24 0 5 8 0 2 3 
0 10 9 3 6 0 24 4 0 11 0 13 5 0 0 15 0 0 23 0 0 16 21 19 0 
5 13 0 0 0 15 7 25 2 6 0 0 0 0 0 17 19 4 0 21 0 12 0 14 20 
19 21 7 1 0 16 5 8 0 14 17 0 15 0 0 0 18 0 22 13 0 23 9 6 0 
4 0 19 22 0 13 20 6 24 0 0 0 0 0 0 0 0 7 0 1 15 0 0 25 0 
10 9 21 15 0 17 22 0 23 25 16 0 0 0 0 0 12 0 13 0 0 7 8 0 1 
11 0 0 17 0 0 16 9 14 0 0 0 0 0 7 0 20 15 21 4 0 0 5 0 0 
0 0 23 13 24 0 0 0 3 0 22 15 0 0 0 5 0 17 25 16 0 14 19 0 0 
0 7 16 14 3 19 0 0 4 0 0 0 0 8 0 0 10 0 9 11 12 20 0 21 23 
12 23 18 0 0 2 0 22 0 15 0 0 16 0 3 0 0 19 14 5 17 1 0 7 11 
0 0 0 0 17 20 19 0 16 13 0 4 12 14 11 0 6 2 8 0 10 9 0 0 15 
0 0 0 2 0 0 0 0 10 4 0 8 0 6 0 12 13 0 0 17 21 3 18 0 14 
0 25 0 16 4 21 0 0 5 0 0 0 17 0 15 23 0 0 0 0 0 0 24 13 2 
0 11 3 9 13 14 18 0 8 17 0 0 2 22 0 0 15 10 16 0 0 0 20 12 6 
0 0 11 6 16 25 8 2 0 18 4 1 19 15 14 22 0 21 0 12 24 10 23 3 0 
0 2 0 18 0 23 4 17 9 24 0 12 0 0 0 0 11 8 15 0 20 0 16 1 0 
9 0 10 0 0 3 1 19 0 0 0 7 8 21 13 16 4 24 0 23 14 6 17 0 12 
22 0 0 24 19 10 21 0 0 5 23 0 18 9 17 20 2 25 3 6 0 15 11 8 0 
8 4 17 0 7 0 6 0 12 0 0 3 0 11 0 0 0 5 0 0 13 0 0 0 0 
0 6 4 0 0 0 14 0 0 0 0 0 23 16 0 0 22 0 0 8 7 0 0 0 0 
0 3 1 0 12 5 13 0 0 0 0 6 21 0 18 7 0 0 0 0 0 0 0 10 0 
21 22 2 7 0 0 0 16 0 0 0 5 0 0 1 9 3 13 0 25 0 0 14 0 19 
17 5 13 0 0 4 12 21 19 9 15 22 11 0 0 0 0 23 0 20 0 0 1 18 0 
24 16 8 19 10 11 23 7 18 0 0 0 0 0 0 21 17 0 1 15 0 4 0 0 13 
