10 0 16 0 13 0 4 0 0 1 7 5 0 0 0 2 
1 2 4 14 15 5 10 8 0 0 0 0 0 7 0 0 
3 0 15 0 0 12 6 0 4 0 13 0 11 16 5 1 
5 0 0 0 0 14 0 0 0 15 2 12 4 0 0 10 
0 0 0 0 0 0 3 0 14 0 4 0 10 6 0 15 
0 0 10 1 0 0 7 4 0 13 15 0 0 0 0 0 
0 0 7 0 12 0 15 6 0 0 0 0 0 5 0 14 
15 14 0 13 11 0 0 0 7 0 0 6 0 1 4 3 
0 0 13 0 8 4 0 0 9 11 0 15 1 10 2 0 
0 0 0 0 7 10 11 0 5 2 16 0 6 14 0 4 
9 10 14 3 16 2 5 0 12 4 6 8 7 0 0 13 
2 0 0 0 0 0 13 0 10 7 1 0 5 8 9 12 
16 0 0 0 4 0 0 13 0 5 0 0 0 12 0 8 
0 0 0 0 10 7 0 0 3 6 9 0 0 0 0 11 
0 1 0 0 3 0 8 0 13 10 0 7 16 4 0 0 
0 11 6 15 0 0 0 0 0 0 0 0 3 0 0 7 
