0 0 0 13 1 0 14 2 0 0 4 5 0 7 0 0 
0 0 6 5 9 7 11 8 16 13 0 0 0 0 4 3 
1 0 11 0 0 6 0 0 0 0 10 15 9 0 0 0 
0 9 16 7 0 13 0 0 0 0 0 2 0 0 0 14 
0 7 9 15 0 0 0 0 0 0 0 6 0 0 0 5 
6 16 0 8 3 0 4 7 9 0 5 14 0 0 0 13 
13 11 0 0 0 0 0 6 7 8 12 0 4 10 0 16 
0 10 12 0 0 14 0 0 1 11 0 0 0 0 15 2 
11 13 14 0 6 0 0 15 4 16 0 8 0 3 0 0 
0 2 5 16 4 0 7 0 6 12 0 11 0 13 0 0 
9 15 0 4 0 2 13 14 10 0 0 0 11 0 0 0 
0 1 0 0 0 0 0 3 5 14 9 0 2 15 12 4 
0 8 0 10 0 0 0 0 0 2 11 0 3 0 6 0 
2 0 0 0 15 0 0 0 8 4 0 9 0 5 14 0 
0 6 0 9 7 4 12 0 13 0 0 0 1 8 2 0 
0 0 0 11 2 8 6 0 12 0 7 16 0 9 10 0 
