0 0 21 0 19 0 0 5 24 0 0 2 9 10 23 20 12 0 0 6 1 13 0 0 0 
0 1 17 0 2 0 15 0 20 13 22 0 0 14 12 0 0 4 24 5 6 0 0 19 0 
0 0 0 5 23 14 0 0 0 0 1 21 20 13 15 25 9 0 11 0 10 0 16 2 12 
22 4 0 0 0 0 0 10 18 0 24 0 0 5 0 15 23 0 0 13 9 0 11 0 0 
0 0 12 18 0 0 7 23 21 0 0 4 0 6 0 19 10 16 0 0 20 0 0 5 0 
0 0 1 0 0 0 13 0 0 0 6 8 0 7 0 18 0 20 0 9 0 19 0 0 16 
11 5 20 21 0 4 24 6 9 0 19 15 14 22 0 0 0 23 0 0 0 2 0 1 18 
6 14 22 19 12 0 23 20 0 0 21 0 0 18 17 0 2 0 10 3 4 9 15 0 11 
0 2 18 13 3 0 14 15 0 1 0 0 0 20 5 6 0 0 0 7 12 10 24 23 0 
8 0 25 0 16 10 0 18 11 3 23 0 12 2 9 0 4 0 0 19 0 21 20 6 22 
0 7 0 24 1 0 17 0 23 0 0 22 0 0 0 0 0 0 0 0 8 11 9 0 25 
16 19 13 0 11 15 9 0 4 10 0 5 23 24 18 1 17 25 7 2 0 22 14 0 6 
18 0 0 0 25 22 2 19 0 0 4 0 0 21 0 0 14 0 12 8 0 0 0 15 17 
0 12 0 6 0 0 0 0 25 0 10 0 7 8 20 0 19 15 9 0 0 23 0 0 0 
0 0 2 0 0 0 0 16 0 7 0 9 0 15 14 0 21 0 4 20 0 0 12 18 1 
0 18 0 17 22 0 6 7 0 0 20 0 0 9 0 0 8 3 0 4 2 5 0 0 23 
0 23 4 16 0 0 20 0 10 5 17 19 0 25 6 11 1 0 0 22 3 14 8 0 0 
20 0 0 0 8 23 16 4 17 0 18 1 0 3 0 0 0 0 2 25 0 0 0 0 0 
0 25 19 11 6 3 1 0 8 15 7 14 24 0 21 0 0 0 0 23 18 0 0 0 20 
12 3 0 15 7 0 0 25 14 21 0 23 2 0 4 0 20 9 0 24 16 0 0 10 0 
0 20 8 22 15 7 0 0 1 19 13 0 0 16 0 0 25 0 23 18 0 12 0 9 10 
4 21 11 2 14 0 10 0 12 9 0 20 0 0 3 0 24 19 0 1 22 16 0 0 0 
0 0 0 0 0 8 25 0 16 20 0 0 19 1 24 0 22 5 0 21 15 0 0 11 0 
25 0 7 1 0 0 18 24 15 23 0 0 0 0 8 0 3 17 0 0 14 6 19 21 0 
19 24 9 0 0 0 11 22 0 4 5 0 0 17 7 2 16 14 0 0 0 20 0 8 0 
