0 1 13 14 0 15 0 11 0 6 0 0 0 12 0 9 
15 8 16 0 7 14 0 4 0 12 13 0 11 0 0 0 
4 7 0 5 0 6 10 9 11 0 8 15 0 3 0 0 
11 0 0 0 0 0 0 13 16 14 0 1 6 0 0 8 
0 0 14 0 0 0 0 0 0 0 0 0 0 0 0 3 
0 11 0 16 0 0 0 0 5 3 0 2 0 13 0 15 
0 0 1 0 16 0 5 2 8 15 9 14 7 0 6 0 
0 9 8 7 14 0 0 0 0 0 16 11 4 5 12 2 
0 6 9 13 15 0 7 0 0 8 2 3 0 0 11 0 
0 0 0 0 12 0 4 1 15 0 0 6 0 14 13 0 
0 0 11 4 0 2 6 0 0 5 7 12 10 8 0 16 
7 12 0 10 0 5 8 3 0 13 14 0 9 0 2 0 
9 0 3 2 0 0 0 16 0 0 0 0 0 7 0 0 
0 0 0 11 3 0 0 0 0 9 1 0 12 4 0 0 
8 0 0 0 0 0 9 5 14 4 0 0 0 2 3 0 
10 13 4 1 0 0 14 0 0 0 3 0 0 9 8 11 
