0 7 8 16 0 11 0 0 0 15 17 13 3 0 0 23 0 0 14 0 0 1 19 0 0 
0 0 0 0 0 0 0 1 20 0 0 0 0 0 0 19 7 10 21 12 0 16 0 0 8 
0 0 0 0 9 25 21 14 8 0 23 0 1 10 20 4 17 0 3 0 0 0 0 6 5 
0 0 10 0 0 0 12 0 2 0 11 15 4 16 19 13 18 8 5 0 9 0 24 0 0 
0 17 0 3 0 16 0 19 24 6 0 8 0 18 0 20 9 0 11 1 13 14 2 0 10 
15 10 0 23 0 0 0 11 0 2 8 19 0 0 0 7 0 0 0 0 14 25 0 24 0 
5 14 11 0 22 0 15 0 0 16 18 0 0 21 3 0 0 0 8 0 0 10 0 9 0 
0 18 25 4 19 0 20 0 0 0 9 0 0 14 0 5 0 2 0 11 0 0 17 1 0 
20 24 0 17 21 12 3 9 0 25 1 0 5 15 2 0 6 14 0 0 16 8 11 0 0 
0 0 6 7 12 14 1 8 0 24 25 0 11 0 23 18 21 0 22 15 4 20 5 2 0 
1 0 21 11 10 0 0 0 0 17 12 9 25 0 24 14 0 0 0 0 19 15 20 23 0 
23 4 2 19 14 0 0 0 3 0 16 0 0 11 7 0 0 12 0 20 17 0 18 13 9 
13 0 12 0 0 8 24 21 14 0 0 18 6 19 15 11 0 9 0 7 1 0 16 0 25 
18 0 0 0 7 0 5 0 13 0 14 0 0 0 0 0 0 6 0 25 10 24 0 12 11 
0 25 15 6 0 7 2 12 0 9 10 0 13 0 4 0 0 1 0 23 21 5 8 3 14 
0 0 14 9 0 0 11 4 0 0 13 0 0 24 17 0 16 21 7 18 0 22 3 10 0 
19 8 7 24 16 0 14 18 0 0 0 0 15 0 11 22 0 0 25 10 0 0 0 17 6 
0 0 3 0 0 2 19 16 21 5 0 0 0 0 8 9 0 0 23 14 0 11 13 0 0 
10 0 18 13 0 9 6 0 0 8 0 0 14 20 0 0 0 0 2 3 25 0 1 19 0 
4 21 17 20 5 24 0 22 0 10 2 0 0 0 0 0 15 11 1 19 8 12 0 0 16 
24 0 4 22 0 20 0 2 17 11 15 0 16 25 10 1 0 19 0 5 23 0 0 8 0 
9 0 0 0 0 0 0 0 0 22 19 0 0 5 1 12 0 0 20 0 0 4 0 25 2 
25 5 0 12 8 3 0 0 4 0 0 2 0 0 14 0 11 0 0 0 22 13 0 0 1 
3 2 0 0 0 10 0 24 1 12 0 0 18 23 0 25 14 16 0 22 7 0 9 0 20 
0 1 0 0 0 13 18 25 5 14 20 6 0 0 9 2 0 23 4 21 0 0 15 0 3 
