1 0 0 0 4 7 0 0 0 0 6 13 0 8 0 0 
13 0 9 8 0 1 15 10 16 14 0 7 0 2 0 4 
0 0 5 0 12 0 13 6 0 4 0 0 16 0 0 0 
0 0 0 0 0 0 14 9 15 12 0 0 0 0 7 5 
0 3 0 0 10 12 0 0 0 6 8 0 2 0 0 0 
16 0 11 9 0 4 0 0 0 10 12 0 7 5 0 6 
0 14 6 10 7 15 16 0 0 1 2 9 0 0 0 0 
0 8 0 0 0 0 0 3 0 0 7 16 0 0 10 0 
14 16 0 0 15 0 12 0 0 11 10 0 4 1 2 0 
10 0 12 5 8 0 0 0 0 15 0 3 6 16 13 7 
0 0 3 0 16 0 0 4 0 0 14 0 0 9 0 12 
0 0 0 11 3 6 5 2 12 0 4 1 0 0 0 8 
0 0 0 0 14 0 0 0 4 7 15 0 0 6 8 1 
4 0 0 0 1 0 7 0 8 0 5 12 14 3 11 16 
11 0 0 0 0 3 6 8 0 0 16 14 0 0 0 10 
0 1 16 14 9 11 4 0 0 3 0 0 5 7 15 0 
