0 16 0 6 12 7 0 0 11 0 13 0 0 0 0 4 
0 15 0 0 11 0 10 0 0 0 16 2 0 0 0 0 
0 0 13 9 6 0 0 0 7 14 0 4 0 0 0 0 
0 0 0 11 9 0 2 14 5 10 0 0 0 16 13 0 
0 4 1 7 0 0 0 5 13 12 10 14 16 0 9 0 
0 0 0 12 0 14 0 10 2 7 0 1 8 11 0 0 
0 0 0 8 0 0 11 0 0 0 6 0 4 7 0 0 
6 0 0 10 0 9 0 1 3 0 0 11 0 0 12 15 
7 0 0 15 10 0 14 6 0 0 11 13 2 0 8 1 
10 5 14 0 2 0 16 0 0 4 0 0 0 0 6 3 
0 8 0 0 0 0 3 9 6 0 14 0 0 0 7 0 
0 0 12 3 7 11 0 0 1 0 8 0 0 0 14 0 
0 13 0 16 8 0 9 0 12 11 1 0 7 10 0 14 
8 11 0 14 0 0 13 7 4 15 2 0 3 1 0 0 
3 0 2 0 0 0 6 0 10 0 7 8 15 9 4 0 
15 7 0 4 0 3 12 2 14 0 0 16 0 0 11 0 
