0 0 0 0 15 18 8 0 17 0 0 23 12 21 5 0 0 0 6 0 10 2 0 0 0 
25 8 0 1 5 9 24 10 2 13 0 0 18 11 6 12 14 0 22 4 0 21 23 0 15 
0 13 0 2 23 3 19 0 20 14 8 10 4 0 15 24 21 5 0 0 0 6 25 7 0 
10 0 6 19 0 0 0 0 12 0 13 0 20 0 25 0 0 23 15 2 0 0 18 17 0 
0 24 0 9 4 7 0 0 0 15 14 0 22 19 0 13 0 25 11 8 0 0 5 0 0 
0 20 14 0 9 4 0 0 13 11 15 22 0 25 21 17 0 2 0 18 0 0 0 23 0 
2 4 3 25 16 0 0 0 21 0 0 11 0 0 0 0 0 0 1 23 19 0 0 0 0 
0 5 13 21 0 15 0 3 9 0 23 17 0 18 4 0 19 16 0 6 0 12 0 8 11 
17 0 0 10 11 16 0 1 0 6 0 7 0 2 19 4 20 21 0 15 3 24 9 0 22 
19 15 0 6 0 0 5 18 0 0 3 24 10 16 0 14 22 11 12 0 0 0 21 20 25 
0 0 15 0 10 0 0 0 0 0 0 0 7 0 22 16 0 0 9 5 0 25 20 0 19 
3 9 0 20 13 0 14 0 0 4 19 25 15 0 23 0 18 6 10 0 0 8 11 2 7 
11 0 0 7 24 12 0 5 0 0 0 0 0 3 16 0 8 20 0 19 23 10 4 21 0 
0 0 0 0 12 23 21 6 0 20 0 8 2 0 0 11 0 0 0 3 0 0 13 0 14 
0 14 1 8 6 0 0 0 15 0 4 0 9 10 0 0 25 0 23 21 24 22 16 5 0 
20 0 4 0 19 0 0 0 0 23 0 0 11 8 0 18 0 9 0 1 0 7 17 15 0 
23 0 25 5 0 2 0 12 16 0 0 14 0 22 7 0 0 0 19 0 0 0 3 11 6 
0 10 0 0 21 17 0 15 0 0 0 0 3 6 18 23 11 14 0 0 8 0 0 0 24 
9 17 12 14 0 10 11 0 1 0 0 15 23 4 2 5 6 0 0 22 0 13 0 0 20 
0 11 0 0 2 6 0 0 7 5 1 9 0 0 24 21 13 0 17 25 14 0 22 10 23 
0 0 5 18 0 0 0 9 0 7 0 0 24 13 8 22 23 15 0 14 0 19 12 16 0 
0 16 24 0 14 0 17 23 5 12 22 6 21 0 3 20 2 0 13 0 0 11 0 18 0 
13 0 10 15 25 0 0 0 0 0 18 0 16 0 0 6 17 0 5 0 0 0 7 22 3 
6 0 0 0 0 0 0 0 0 3 0 0 25 0 0 0 4 18 0 10 0 0 0 0 5 
21 2 0 23 8 1 0 0 0 10 17 19 5 0 12 0 0 0 0 11 0 20 14 6 4 
