0 5 11 9 0 3 0 0 16 0 0 0 0 0 2 8 
0 7 1 0 16 0 5 0 0 0 0 14 0 0 0 9 
0 0 0 16 2 0 0 9 0 0 0 0 7 0 4 1 
0 15 12 2 0 0 8 0 0 4 0 10 6 0 0 0 
0 6 9 0 0 10 0 2 1 8 5 13 14 0 0 11 
12 2 0 0 6 0 9 0 0 0 10 16 3 0 0 0 
0 13 15 0 11 0 0 0 6 3 12 0 0 0 0 7 
1 4 0 0 3 13 7 0 0 9 0 0 0 6 12 2 
2 0 0 12 0 9 0 0 0 0 4 5 0 0 6 16 
11 14 8 0 0 2 16 0 0 1 0 12 0 5 0 3 
0 0 0 6 5 0 0 12 0 0 11 9 0 2 13 14 
0 0 0 0 8 0 0 0 2 0 14 0 0 0 0 0 
3 12 10 7 15 4 14 5 0 11 0 8 16 0 0 6 
16 1 6 14 0 8 0 11 9 0 0 4 0 7 15 0 
0 0 13 8 9 0 0 16 10 0 7 6 0 3 0 4 
0 9 2 15 7 0 0 13 12 14 16 0 0 8 0 0 
