0 5 0 17 0 0 8 0 0 0 0 0 0 14 22 6 11 0 24 0 12 0 25 18 16 
0 16 0 0 0 0 0 0 0 25 0 0 6 0 0 14 13 4 8 18 15 0 0 17 0 
3 25 22 18 0 19 0 5 7 6 12 16 20 0 0 0 15 10 0 2 0 0 4 1 0 
14 24 15 9 4 0 0 0 21 16 10 19 25 0 18 20 22 5 0 1 0 6 0 2 8 
0 0 0 19 0 0 10 18 0 0 0 0 8 0 4 25 0 0 9 0 0 0 24 3 5 
4 15 25 0 0 20 0 0 23 14 0 0 24 21 0 0 7 0 6 19 0 0 0 0 18 
21 18 24 0 9 17 0 0 0 0 19 0 16 3 0 12 0 2 10 13 0 11 0 8 0 
0 7 20 0 0 2 0 0 0 18 0 6 10 0 17 8 3 0 0 0 16 0 21 19 24 
0 0 5 2 16 0 0 0 0 19 0 0 0 7 20 21 23 17 0 15 0 0 22 4 9 
19 0 3 0 0 16 0 0 11 0 0 0 22 12 15 5 0 18 14 24 0 0 0 7 13 
0 19 0 20 0 0 17 7 16 5 14 8 0 4 6 10 0 15 2 23 0 0 1 12 0 
0 2 7 0 0 0 18 0 6 0 0 0 0 0 19 0 1 8 5 16 0 0 14 0 4 
0 8 6 10 0 4 0 0 9 0 7 11 0 0 13 22 0 24 3 0 21 18 20 16 0 
11 0 23 16 5 24 14 10 3 0 18 0 17 0 0 0 25 6 0 0 8 0 7 0 0 
0 14 0 3 0 0 15 22 8 21 0 0 23 10 0 7 19 11 18 12 0 2 0 0 0 
0 0 0 0 3 0 4 6 18 22 0 12 14 0 8 2 10 13 11 0 0 0 0 24 15 
18 0 12 0 20 0 0 19 17 0 0 3 0 5 0 1 0 7 21 0 0 0 8 0 11 
2 22 16 0 17 5 3 1 13 23 0 0 21 6 7 19 8 0 0 0 0 12 0 25 10 
5 0 0 4 0 8 21 14 0 0 15 25 11 18 0 0 16 0 0 6 0 22 17 0 0 
0 6 0 15 25 7 16 0 12 0 2 10 19 13 0 18 5 0 17 22 4 0 3 0 20 
0 0 13 7 0 0 0 0 0 3 21 0 2 19 0 11 6 25 16 14 5 0 9 20 0 
12 0 0 0 23 14 0 0 25 0 4 15 3 24 9 0 17 0 19 0 18 10 0 0 1 
0 1 9 24 0 0 5 17 0 0 0 0 13 8 12 3 2 23 20 7 0 0 0 0 0 
0 0 0 25 19 0 22 12 0 4 0 0 7 16 11 0 9 0 0 5 17 8 13 23 2 
6 11 17 8 2 21 0 9 0 13 0 22 0 25 0 0 18 0 0 10 7 0 0 14 3 
