17 10 1 2 0 0 7 0 0 0 0 0 15 16 18 0 22 0 0 0 0 8 25 5 12 
23 21 0 8 11 0 0 0 12 0 3 22 0 0 17 15 5 9 18 25 0 13 0 4 10 
0 6 22 13 5 0 25 4 8 0 0 0 0 10 24 0 23 12 1 7 9 18 17 21 0 
19 0 0 0 3 0 22 21 23 0 12 9 20 13 25 0 0 0 16 10 2 0 15 7 0 
0 12 20 0 0 15 17 18 0 0 0 1 0 8 4 0 0 2 0 14 23 0 0 24 0 
0 22 0 0 1 3 0 0 14 7 8 0 9 0 10 0 11 17 24 21 13 19 0 15 0 
0 4 11 16 9 0 0 17 24 0 0 13 3 0 0 0 0 0 0 0 0 1 0 0 2 
21 0 2 0 10 0 0 0 0 11 0 0 19 0 7 18 8 1 0 20 17 0 0 0 22 
8 3 17 19 0 18 0 1 15 21 16 0 0 0 23 13 12 0 2 0 11 7 0 9 5 
0 24 23 0 0 8 0 25 10 16 17 0 11 0 1 4 3 22 0 9 0 12 0 18 0 
0 2 0 5 0 0 0 0 0 24 9 0 0 12 0 23 20 0 8 22 10 17 0 25 0 
9 13 19 20 0 10 18 0 0 0 5 23 17 25 3 24 16 7 0 0 4 21 14 0 15 
0 0 12 17 22 0 9 5 16 0 0 0 0 11 0 0 13 3 0 0 0 0 18 6 0 
16 0 21 10 24 12 23 3 0 0 0 6 4 2 0 0 0 0 17 18 0 22 7 0 0 
14 0 25 23 4 0 15 0 0 13 24 16 0 18 22 0 0 0 11 2 3 0 12 0 9 
0 0 9 0 0 25 16 10 0 0 13 0 0 0 0 0 4 0 21 0 15 6 0 2 0 
6 0 0 0 13 20 0 0 4 23 21 18 16 0 8 0 0 11 7 3 22 0 5 0 14 
24 5 0 0 0 0 2 15 0 22 10 0 0 0 6 12 0 0 20 0 0 9 0 1 0 
10 0 4 0 0 0 0 13 5 0 25 17 0 14 0 9 18 16 0 0 0 23 21 19 24 
12 0 0 0 0 24 14 0 0 0 0 0 23 15 0 22 0 13 0 0 25 4 0 16 18 
0 0 5 15 20 0 10 0 0 4 0 0 13 6 0 7 24 0 23 0 19 0 0 0 21 
7 0 0 0 21 13 3 0 6 9 4 15 18 0 0 5 14 0 0 11 0 0 0 0 0 
2 9 13 1 23 0 0 19 22 0 0 0 25 17 11 8 15 0 4 0 7 24 0 0 6 
0 25 0 0 0 11 1 24 0 15 19 5 21 3 16 2 0 6 9 0 0 20 8 0 0 
11 16 10 0 18 23 8 20 21 17 0 0 0 9 12 0 0 25 3 13 5 0 2 14 0 
