0 0 5 23 0 0 0 0 18 0 0 17 0 13 0 3 1 0 10 15 14 19 0 6 9 
18 0 0 0 0 0 20 21 0 0 0 4 9 6 1 8 0 17 13 0 7 10 11 0 16 
15 0 1 13 2 0 0 0 0 0 0 0 19 5 0 21 0 11 0 0 4 3 8 0 23 
0 0 16 0 0 0 1 23 0 7 0 0 25 21 0 24 9 2 0 4 13 0 0 15 18 
0 7 0 0 0 4 0 0 13 0 0 15 11 0 0 0 0 19 0 16 20 1 0 0 0 
14 4 20 3 0 0 19 0 10 8 5 6 12 0 2 15 11 13 0 0 21 0 1 0 0 
10 16 0 9 25 21 0 0 3 0 0 0 0 23 0 0 2 1 0 12 11 7 17 4 8 
5 21 17 0 12 18 2 15 9 0 0 22 1 0 4 0 0 14 3 0 23 13 6 0 20 
23 0 11 15 0 0 0 16 12 1 0 10 0 0 19 0 22 0 25 18 5 9 14 3 0 
13 22 24 0 0 0 0 20 0 23 3 25 0 16 0 0 0 6 0 21 12 0 2 0 15 
16 0 0 0 0 0 0 11 0 14 0 0 0 0 9 1 25 21 0 13 3 6 4 0 19 
0 0 22 4 10 0 23 1 21 0 0 20 15 25 24 0 14 9 0 0 18 0 5 7 2 
17 3 2 0 0 25 0 0 7 0 13 19 0 10 0 0 5 15 24 0 0 0 22 20 21 
0 23 0 0 24 5 0 0 20 17 16 2 4 0 21 10 3 18 7 22 8 0 9 0 25 
0 13 9 0 5 16 18 0 0 12 22 0 7 11 0 23 0 0 0 19 10 0 0 1 0 
9 0 19 11 0 1 7 0 0 2 0 13 0 0 17 22 0 0 12 0 25 21 0 18 0 
0 0 21 0 16 10 3 9 17 0 0 14 6 0 7 18 13 25 0 0 15 0 23 0 0 
1 18 4 17 6 8 0 13 0 0 9 11 0 15 20 2 10 0 0 3 24 5 0 14 7 
8 0 0 0 0 20 0 0 0 0 0 21 0 0 0 0 0 0 0 0 0 22 0 0 3 
0 14 3 10 0 6 22 0 0 21 1 0 0 0 0 17 0 8 0 7 2 20 0 9 11 
0 11 18 0 0 0 0 2 8 0 21 0 0 19 10 0 20 16 0 14 17 0 24 12 1 
3 0 15 25 22 23 21 0 0 18 24 12 2 14 6 0 0 0 0 11 0 0 20 5 4 
0 10 13 24 20 0 17 0 19 0 0 0 0 0 11 0 0 3 0 2 0 23 7 16 14 
2 0 8 0 0 14 0 0 1 5 7 16 0 20 22 4 24 12 6 23 9 0 0 0 0 
0 0 23 16 14 0 24 0 0 0 25 1 17 4 15 19 0 0 5 8 0 2 0 0 13 
