0 0 18 19 0 0 0 0 0 3 23 0 25 0 8 24 0 0 17 5 0 7 0 0 10 
8 2 0 17 0 0 0 0 19 0 11 0 0 15 0 20 0 0 12 0 23 3 18 22 24 
0 3 25 0 0 18 10 24 17 12 0 0 21 0 2 0 16 11 15 0 9 0 8 1 0 
0 5 24 0 0 23 22 0 0 13 9 12 0 20 16 0 10 0 18 2 0 25 21 0 17 
15 10 22 1 16 0 0 4 11 0 18 0 0 0 0 0 23 0 6 0 14 20 0 0 0 
0 8 9 15 25 0 14 0 12 17 5 13 11 0 0 0 3 0 0 19 6 0 24 21 0 
17 0 0 0 14 24 15 5 0 10 12 0 0 4 25 0 20 6 1 0 13 0 0 9 8 
0 18 5 0 0 13 11 0 16 22 20 21 0 6 7 0 0 0 0 4 0 14 0 10 2 
0 6 0 0 21 0 0 18 1 7 0 19 9 0 0 5 0 13 0 23 0 16 0 0 0 
24 0 23 13 22 19 0 0 25 0 0 18 15 17 0 10 0 12 16 11 5 4 0 0 1 
22 19 21 6 9 3 0 7 0 0 8 0 13 14 0 17 0 0 2 15 0 0 20 18 0 
0 23 0 25 24 22 0 21 0 16 4 0 17 2 18 12 13 7 0 8 1 10 14 11 3 
0 0 0 3 0 10 18 0 14 0 1 25 0 0 0 4 0 0 9 0 12 5 0 0 21 
4 0 16 0 0 1 23 15 5 0 7 20 0 24 0 18 0 0 25 0 0 0 6 2 0 
7 0 0 18 2 17 0 0 13 8 0 0 12 0 9 23 0 16 0 14 24 0 22 19 0 
0 0 0 8 13 0 16 25 0 4 15 9 0 0 21 0 2 5 22 12 3 19 10 0 14 
11 4 3 0 0 14 21 0 0 2 0 22 0 0 19 16 0 0 23 0 18 0 0 24 7 
9 21 14 7 0 12 13 0 0 15 0 0 3 10 0 0 17 19 11 0 0 0 25 0 0 
0 0 2 0 6 5 0 1 24 11 13 23 18 7 12 8 21 0 0 0 0 22 0 20 15 
0 0 12 0 0 0 0 0 23 0 14 8 0 0 20 15 0 0 0 0 0 0 11 13 6 
20 0 0 0 11 16 2 0 0 6 10 3 19 0 0 9 8 25 5 0 7 0 17 0 0 
0 0 0 9 18 0 24 0 10 0 0 2 0 21 0 14 7 0 13 0 20 1 0 0 0 
0 0 8 22 5 25 3 20 21 14 0 7 4 0 0 0 19 15 10 0 0 9 0 6 18 
23 15 7 10 19 0 0 0 0 5 16 14 0 0 17 0 18 0 24 0 22 0 0 0 0 
2 0 0 24 0 15 0 0 0 18 25 11 20 0 5 6 12 23 21 22 10 0 16 0 19 
