0 9 0 3 0 2 4 16 0 1 6 0 0 15 0 12 
10 11 7 14 8 0 0 13 0 5 0 0 0 1 2 9 
15 0 0 6 9 12 5 7 11 13 2 0 14 8 0 16 
0 2 0 0 15 0 0 0 0 8 4 10 0 0 0 7 
0 0 0 0 0 0 0 0 2 0 0 0 0 12 13 0 
0 10 0 7 0 13 15 9 16 0 0 0 5 0 3 0 
0 0 0 16 0 0 0 5 13 0 0 7 15 0 4 0 
13 0 0 0 0 3 6 0 0 15 0 8 0 7 0 10 
0 0 0 0 13 1 0 12 0 0 0 0 0 0 0 8 
2 0 0 8 14 5 10 0 1 12 0 0 0 4 7 15 
1 0 0 0 3 7 11 15 4 16 8 9 0 0 0 0 
14 15 11 5 4 0 0 2 0 7 3 6 1 9 12 13 
12 0 14 9 0 16 13 0 6 0 0 15 10 0 1 0 
5 0 16 0 11 15 0 0 0 0 0 2 0 13 0 3 
0 0 0 11 6 0 0 0 0 10 0 0 0 0 15 0 
4 0 15 2 0 0 1 10 0 0 16 13 0 14 0 5 
