0 15 25 3 17 0 9 0 0 0 13 0 6 2 18 0 20 14 10 23 5 0 12 21 16 
18 10 23 7 2 17 0 5 0 0 0 0 0 21 0 6 13 0 3 15 9 4 25 24 0 
0 0 20 0 0 0 21 0 7 0 15 14 25 0 0 0 9 18 11 2 0 0 0 0 17 
1 6 16 21 9 22 0 11 20 18 23 0 4 0 3 17 0 7 25 8 0 0 15 13 0 
11 0 8 0 4 6 0 0 0 0 0 0 0 17 0 0 24 0 19 1 0 0 22 23 20 
23 12 6 16 14 0 0 0 1 11 21 3 8 10 7 18 0 0 9 4 24 0 0 0 22 
0 0 21 9 0 24 17 20 18 0 0 15 22 23 0 0 12 0 14 25 7 0 5 0 0 
5 0 17 0 0 13 0 0 0 10 0 0 0 18 0 22 23 0 0 0 15 9 1 8 0 
10 0 18 0 19 4 23 22 21 0 17 9 5 0 13 0 0 0 2 0 0 16 0 0 0 
4 0 0 15 0 0 3 0 0 25 2 6 12 0 0 0 0 10 17 13 19 0 23 18 0 
14 0 24 4 0 8 12 0 0 0 0 17 0 0 10 11 25 13 20 0 0 0 0 2 15 
25 0 0 13 0 0 0 0 0 4 0 22 1 5 8 12 2 15 21 9 20 11 0 0 18 
0 22 0 17 1 0 13 0 25 0 14 20 0 11 0 3 0 23 18 5 0 0 16 0 12 
20 8 0 6 0 0 0 0 17 0 0 0 13 0 0 0 0 24 16 19 4 0 21 22 5 
0 0 0 23 18 20 0 0 0 5 7 16 9 6 0 10 0 17 1 22 8 14 0 19 0 
6 0 14 0 16 0 1 0 0 24 22 18 10 0 0 13 17 9 5 11 12 21 0 20 0 
17 9 0 0 25 19 20 23 0 2 11 21 15 14 0 8 0 0 4 0 22 6 0 0 7 
21 19 0 1 23 11 0 0 0 22 0 8 0 0 17 0 0 0 7 10 0 0 2 9 0 
7 20 0 0 0 0 0 25 4 21 0 0 16 13 23 0 3 1 24 14 17 18 0 0 0 
24 0 10 18 0 5 0 17 13 0 6 0 19 0 1 0 22 21 0 20 25 0 4 16 14 
12 0 0 10 0 23 0 18 0 0 5 13 0 0 25 0 21 0 22 0 2 17 20 0 4 
15 0 0 2 0 16 24 0 0 0 9 4 18 0 21 0 19 6 12 7 3 22 0 0 1 
0 0 7 0 21 0 4 0 5 0 0 0 0 16 22 20 0 2 0 0 0 8 6 0 13 
0 0 4 0 0 0 0 1 2 0 0 23 11 15 0 0 10 5 0 0 0 0 18 0 0 
0 17 0 19 22 21 15 10 6 0 0 12 2 7 0 0 0 0 13 0 16 0 0 5 0 
