0 13 9 8 1 2 0 3 0 11 0 7 0 0 15 0 
0 0 0 0 16 0 0 11 0 9 15 0 0 3 0 0 
16 14 0 0 0 8 5 15 6 0 0 4 12 0 9 1 
0 0 7 15 0 0 0 0 3 0 0 16 0 8 0 0 
0 3 0 16 0 15 11 1 0 13 9 6 5 0 0 0 
0 9 13 0 5 0 0 0 0 1 0 0 16 10 0 7 
1 10 0 4 0 16 6 13 0 0 7 0 11 9 14 8 
5 0 11 0 8 0 0 14 0 12 0 0 0 1 3 0 
0 6 14 7 9 0 8 0 1 0 13 5 4 15 0 3 
0 16 0 5 0 11 15 0 0 4 0 9 10 12 0 0 
0 0 0 0 12 1 13 16 0 0 14 3 0 5 0 6 
0 8 0 13 14 0 0 0 15 0 0 0 7 0 1 0 
0 0 0 10 3 0 2 0 11 15 6 0 0 0 0 4 
13 11 5 0 0 0 4 0 0 7 0 0 9 2 8 12 
14 0 0 0 11 0 0 10 9 8 0 0 0 13 7 15 
0 0 0 0 7 0 1 0 0 5 12 14 0 0 0 10 
