1 22 17 15 20 24 0 0 0 13 11 0 0 18 0 0 4 0 3 0 10 6 5 9 7 
0 5 19 16 0 10 0 0 0 0 13 0 4 20 3 0 1 11 7 0 23 25 14 0 0 
0 23 0 2 24 6 5 0 0 1 7 19 10 0 12 20 0 15 18 13 0 4 0 16 11 
0 0 0 10 0 0 0 0 19 4 0 21 0 9 5 24 0 0 0 0 2 0 0 1 20 
0 0 0 9 0 11 0 20 14 7 2 0 0 0 0 0 0 0 0 0 21 0 19 0 3 
17 0 12 13 0 22 18 14 0 19 0 0 3 0 0 6 0 0 4 5 9 0 0 0 8 
0 0 0 19 0 0 0 0 7 0 0 15 0 23 9 1 13 12 0 22 0 5 2 11 0 
0 7 0 0 0 21 0 5 8 2 6 13 24 0 11 23 0 18 0 0 0 0 20 17 0 
15 0 20 0 5 4 0 0 25 23 0 18 12 8 0 17 0 0 9 10 0 0 24 0 0 
8 24 0 23 9 12 11 13 0 10 1 0 0 0 0 3 20 14 2 16 15 0 0 0 0 
0 0 2 0 0 0 4 7 0 12 5 20 14 21 1 9 22 19 10 0 6 15 8 13 0 
5 8 0 3 0 0 21 0 0 22 25 24 15 0 13 0 12 20 0 0 1 10 7 19 0 
11 21 0 18 7 0 0 0 13 0 8 2 22 0 10 0 6 1 0 0 16 0 3 0 0 
20 0 22 1 4 2 14 0 10 5 9 0 0 0 6 18 8 16 13 15 0 0 21 12 17 
9 0 13 12 14 15 8 0 1 0 0 4 0 0 18 0 0 7 21 23 0 24 0 20 2 
10 0 0 0 2 0 0 23 0 11 3 5 8 0 7 12 0 17 0 0 18 0 0 0 22 
0 12 5 0 0 13 0 4 22 15 0 16 20 14 23 21 0 0 1 0 0 0 9 3 19 
0 9 0 0 13 0 12 0 21 3 18 17 2 15 0 0 5 0 0 25 0 0 10 0 24 
14 0 8 0 0 5 2 19 0 0 4 0 6 11 21 0 3 0 0 18 0 13 16 0 1 
23 0 0 0 15 8 10 17 18 0 0 0 0 0 19 0 2 0 16 11 0 0 0 14 5 
2 0 9 0 19 0 25 10 0 16 23 8 1 3 15 13 0 6 24 0 0 17 12 0 21 
12 0 0 20 23 17 0 0 2 14 0 0 18 0 0 10 16 3 19 7 13 8 1 5 6 
22 0 0 5 0 0 0 15 6 20 0 0 13 2 0 8 0 0 0 0 19 3 11 7 0 
6 3 0 7 0 9 0 0 23 8 0 11 19 0 0 0 21 0 0 0 20 18 0 0 0 
0 0 10 8 0 0 0 18 0 21 22 0 7 0 20 11 0 5 17 1 0 0 0 2 0 
