4 3 0 0 25 13 0 21 14 0 15 10 0 0 23 5 2 7 24 0 11 0 6 16 18 
7 14 0 18 0 15 0 0 0 0 0 5 8 0 11 13 21 0 0 12 0 0 0 17 3 
0 0 16 0 17 3 24 8 0 11 12 0 0 7 9 0 10 0 0 0 20 21 0 0 5 
19 0 23 24 13 5 2 0 9 0 0 16 0 21 22 0 11 6 8 18 0 15 10 0 0 
10 0 11 5 0 0 0 12 23 0 0 0 14 24 0 0 15 0 0 25 2 0 7 0 9 
1 16 3 9 0 10 0 0 11 5 7 2 12 22 6 19 0 24 0 4 21 0 0 20 0 
23 10 0 0 4 22 0 14 21 0 0 0 24 0 0 12 0 0 15 0 9 0 13 7 2 
15 21 0 7 2 4 8 0 0 16 0 0 23 0 20 0 0 11 9 0 5 0 0 22 10 
11 17 24 0 12 0 18 20 3 19 5 0 0 9 0 10 16 0 2 0 23 0 0 0 0 
0 18 22 0 0 1 0 2 0 0 0 0 0 10 16 0 14 0 7 23 0 12 0 3 17 
9 0 17 11 7 12 13 0 19 23 1 0 0 14 0 3 20 0 10 21 0 18 22 2 16 
0 19 2 10 22 14 0 0 20 0 6 15 7 0 0 11 18 0 13 0 0 0 3 5 0 
20 4 25 15 0 0 0 17 5 8 21 0 10 0 0 0 0 23 0 16 6 11 1 0 7 
0 0 8 1 5 0 10 0 16 0 9 20 17 0 25 0 4 15 22 0 0 0 0 21 19 
0 0 21 23 3 0 11 0 0 7 0 0 0 0 0 0 0 0 17 0 10 20 12 0 0 
3 5 0 0 0 0 4 0 0 2 0 0 0 0 0 25 22 0 0 14 0 10 19 23 0 
0 0 7 0 0 6 14 0 0 12 11 13 0 0 24 9 0 17 23 0 18 4 0 25 20 
6 9 18 14 0 0 23 10 17 0 22 0 15 3 0 4 7 2 20 19 12 13 0 0 0 
13 23 0 0 11 0 0 5 25 0 0 0 2 0 0 6 0 0 21 0 0 0 0 14 22 
25 0 4 0 24 0 0 0 0 0 0 23 0 0 0 18 5 0 1 0 0 9 2 0 6 
24 25 0 0 0 20 5 4 22 13 16 1 0 8 0 7 23 9 18 2 14 6 17 19 12 
22 0 5 16 0 0 0 0 0 0 18 6 0 0 14 15 0 12 4 0 0 7 0 10 0 
21 0 0 0 0 23 12 18 6 14 0 0 0 0 0 16 0 10 19 0 15 5 9 4 0 
14 0 9 0 18 0 0 16 0 15 23 0 0 0 0 0 0 3 6 17 22 2 0 1 11 
17 12 0 0 23 21 7 0 2 0 24 4 9 0 19 22 0 14 5 20 16 0 8 18 0 
