10 0 0 8 0 0 0 0 2 0 0 0 0 5 0 0 
16 0 3 0 14 12 13 6 0 0 1 0 8 0 2 0 
2 5 0 14 4 9 3 7 6 0 16 0 0 12 0 13 
0 0 0 11 0 0 0 0 4 0 0 12 0 0 1 16 
5 0 0 3 0 1 7 0 11 9 0 10 12 0 13 14 
7 0 0 0 10 5 11 8 0 0 0 0 0 6 0 1 
12 0 13 0 0 16 0 0 0 1 6 4 7 8 0 0 
11 0 8 0 6 0 14 12 0 0 0 0 4 0 0 5 
9 0 11 0 7 4 2 0 8 12 0 6 13 0 0 3 
8 0 16 0 11 0 0 5 1 3 2 0 0 0 10 0 
15 0 4 0 12 3 0 13 14 16 0 0 0 7 8 2 
0 2 0 13 1 0 6 0 0 0 4 7 15 0 0 11 
1 11 0 9 3 15 4 0 13 6 0 0 0 2 0 12 
0 0 0 0 0 0 0 14 0 11 0 0 0 0 0 8 
13 0 0 0 8 7 0 0 0 0 10 14 5 0 0 0 
0 8 10 16 0 6 5 1 3 0 0 0 11 0 4 7 
