0 0 0 0 0 1 6 0 0 0 0 0 0 8 5 7 
0 0 13 0 10 14 8 7 0 1 16 0 4 11 0 0 
4 1 16 8 0 0 3 0 9 0 7 13 0 0 0 10 
3 9 7 11 0 4 12 13 0 5 14 10 2 16 0 0 
0 16 4 0 0 7 0 0 0 0 15 11 3 0 0 0 
11 0 0 1 0 0 0 6 16 0 0 14 7 0 2 8 
0 0 0 0 0 11 0 0 1 10 0 6 0 0 16 0 
0 0 14 0 12 0 0 0 7 2 0 9 0 1 4 0 
0 7 6 16 4 0 11 15 10 0 0 0 5 0 13 2 
0 12 5 0 0 0 7 1 13 0 0 3 0 0 11 15 
13 0 0 0 0 0 16 14 0 0 5 0 8 10 0 4 
0 4 15 14 0 0 0 0 0 11 8 0 9 0 0 0 
12 0 0 0 1 0 0 16 4 7 9 0 10 0 8 0 
7 15 0 5 9 13 10 0 0 0 0 12 11 0 0 0 
2 0 9 6 0 5 0 12 0 16 10 0 1 0 0 3 
16 10 0 4 8 3 15 11 0 13 0 0 0 7 0 0 
