20 0 25 5 15 13 0 24 21 19 0 0 14 6 22 7 0 18 0 9 0 3 0 4 0 
0 0 7 0 0 0 25 0 5 15 16 0 10 0 1 20 24 3 0 8 0 0 9 23 11 
0 0 3 0 0 12 0 9 17 0 7 11 0 0 2 21 0 0 15 0 19 0 25 18 24 
23 1 24 0 11 6 0 8 18 16 13 25 9 3 0 22 19 0 17 0 10 0 21 0 20 
0 0 0 19 0 0 11 0 4 0 0 0 0 18 5 0 25 0 0 2 0 0 0 22 13 
21 16 23 17 25 24 0 0 9 11 14 0 19 7 20 0 0 0 0 0 0 0 0 0 3 
0 24 0 0 8 15 7 0 0 0 0 0 3 0 16 4 14 6 1 19 0 0 12 17 5 
10 0 0 1 0 23 3 0 2 0 12 24 5 13 0 16 9 22 21 0 8 0 0 11 0 
0 0 0 0 0 0 0 1 16 21 2 9 11 8 4 25 0 0 5 0 0 10 0 7 0 
3 13 12 0 5 8 14 6 0 0 0 0 15 25 0 0 18 0 7 0 0 24 22 0 16 
24 0 0 0 9 0 0 17 0 22 25 20 23 2 0 15 0 0 8 0 0 4 0 0 0 
11 6 0 0 1 10 15 25 3 2 0 14 0 22 13 24 23 0 0 5 20 0 0 8 12 
0 4 13 3 0 0 8 23 0 0 5 0 0 1 21 10 11 0 14 20 0 16 24 0 17 
8 0 0 7 17 20 0 4 14 5 0 0 6 0 10 18 1 0 0 0 23 2 13 19 0 
12 23 0 16 0 0 13 0 0 24 0 15 0 9 8 0 17 0 2 0 0 0 0 0 0 
19 5 21 0 0 9 4 22 0 1 24 0 2 11 0 17 6 0 0 13 15 0 0 16 7 
22 0 16 0 24 3 20 21 8 0 0 0 0 0 9 5 2 14 23 0 0 0 4 12 1 
17 11 20 25 0 18 19 13 0 0 4 6 0 5 0 1 0 0 0 10 0 21 0 0 0 
15 0 1 0 10 16 0 0 24 0 22 13 0 0 14 3 0 19 0 0 17 5 0 0 23 
0 0 0 12 0 25 5 2 15 10 0 23 1 17 18 0 21 7 0 16 11 13 19 3 0 
0 3 0 0 13 0 0 0 25 6 19 0 0 0 0 0 0 17 20 0 0 8 0 0 10 
5 21 10 23 6 0 0 12 13 0 0 0 22 0 0 0 0 11 0 0 0 20 16 0 0 
2 0 0 24 0 5 23 20 11 8 17 0 21 0 0 0 0 10 0 25 1 22 6 9 4 
1 25 8 0 0 0 21 15 0 0 0 2 0 20 11 0 5 23 0 0 0 12 17 14 19 
7 17 11 0 0 2 18 19 22 0 10 1 8 0 24 0 3 0 0 0 25 0 0 13 15 
