0 10 7 0 0 13 12 0 0 6 0 0 0 0 3 0 
0 0 4 0 11 6 1 14 10 12 15 0 0 0 0 5 
0 0 0 6 0 16 0 10 3 4 9 13 15 0 0 14 
0 0 2 0 0 4 3 8 0 0 11 5 0 10 16 0 
0 3 9 10 0 15 2 0 0 5 0 0 0 7 13 0 
0 0 15 0 10 5 0 16 0 13 1 0 0 0 6 3 
0 6 0 0 0 0 0 3 0 0 0 0 0 2 0 0 
4 0 0 0 0 0 0 0 0 0 0 8 10 12 0 16 
0 12 1 0 16 0 0 13 2 0 7 10 9 15 14 11 
0 0 0 15 0 1 5 2 4 0 0 0 3 16 8 12 
14 0 0 2 3 0 10 12 0 0 0 15 4 0 5 0 
0 7 3 0 0 0 11 0 5 0 6 12 0 13 10 1 
0 0 8 0 12 0 14 7 9 10 4 3 0 1 0 0 
0 0 10 0 0 0 0 1 13 0 5 0 12 14 4 0 
7 4 11 0 9 0 16 0 12 14 8 1 0 3 15 10 
0 0 0 0 0 10 0 0 6 0 0 16 0 5 0 9 
