0 0 0 17 14 18 0 0 0 0 0 0 4 0 0 0 0 8 0 0 0 0 0 7 0 
16 0 9 0 0 22 3 23 14 5 15 0 21 12 17 4 13 0 20 0 0 0 0 0 11 
4 18 0 23 11 0 13 0 0 16 7 2 0 0 5 12 0 0 0 19 0 22 3 15 20 
12 7 2 22 0 10 25 4 0 0 0 20 0 0 1 23 3 18 9 6 24 0 0 16 0 
0 0 0 15 6 17 12 24 8 0 0 0 18 16 3 10 0 14 22 0 0 4 23 21 0 
24 0 15 11 10 0 22 17 16 0 6 23 0 14 20 21 4 0 0 3 5 0 7 0 0 
8 6 0 25 12 0 0 0 0 0 17 0 2 0 15 0 0 22 16 0 9 0 0 0 3 
17 0 23 0 2 9 24 19 21 0 12 11 0 3 10 20 25 7 0 1 16 0 0 0 0 
0 0 18 16 0 25 10 14 5 0 0 8 0 13 9 0 0 0 0 0 22 20 1 0 0 
13 0 7 20 0 0 0 0 0 0 0 5 16 1 0 0 0 0 8 14 0 0 0 24 6 
0 0 0 0 20 0 0 21 18 23 0 19 0 22 0 0 0 0 0 0 1 3 5 9 8 
22 23 0 21 0 0 0 1 3 0 0 7 5 0 0 0 9 0 10 25 0 13 17 20 0 
0 0 16 0 0 6 0 0 4 0 1 0 12 17 24 3 23 0 2 20 0 0 19 0 0 
9 12 1 2 5 13 0 7 0 20 23 10 3 15 16 8 24 0 0 22 4 25 11 6 0 
0 13 4 19 0 24 15 0 11 10 0 9 25 20 8 0 0 1 21 17 0 0 12 0 0 
11 8 21 6 0 14 0 0 25 0 0 0 9 0 13 0 0 5 19 10 3 0 16 4 0 
20 0 22 14 3 0 1 2 13 24 0 12 10 21 0 0 6 25 23 0 7 0 8 17 0 
0 16 10 4 0 0 0 0 19 22 0 0 0 0 11 0 17 0 0 15 13 21 0 23 0 
0 0 5 0 0 0 16 3 10 11 2 15 0 7 0 1 20 21 4 9 12 0 6 19 14 
19 2 0 0 1 21 0 0 0 15 16 3 0 23 0 13 22 11 14 0 20 0 25 5 10 
0 24 11 1 17 7 5 16 0 2 0 0 8 0 0 22 12 15 3 0 0 0 0 0 0 
0 14 0 9 23 0 21 25 0 0 19 17 0 5 7 0 8 4 1 0 0 16 0 3 2 
18 0 0 8 16 3 17 0 1 4 0 22 0 2 14 9 19 6 7 0 0 5 0 12 0 
15 22 0 0 0 12 19 8 0 0 10 13 1 11 25 0 0 17 5 2 0 0 0 0 7 
0 0 0 0 13 15 0 18 0 0 0 0 23 0 0 25 0 0 11 21 17 0 0 8 0 
