0 0 21 0 23 14 0 0 0 12 0 3 0 11 22 8 5 10 17 13 15 0 0 4 0 
12 0 4 1 24 8 0 10 2 0 19 14 0 6 0 9 0 0 0 16 20 0 0 0 13 
14 11 9 0 25 0 0 0 0 0 0 8 0 12 0 23 21 0 20 0 0 2 22 3 7 
10 3 5 0 16 11 1 9 0 23 0 0 13 0 20 12 0 19 22 4 14 25 21 0 17 
20 6 15 22 7 0 21 0 19 18 0 0 0 16 17 2 0 0 0 24 0 0 5 12 10 
13 15 0 19 9 18 0 22 0 24 12 17 20 21 16 0 0 3 8 1 6 4 0 0 0 
6 18 0 0 0 0 0 0 0 5 0 9 0 2 0 20 0 4 10 12 25 0 0 19 8 
0 21 0 2 0 13 19 0 4 0 15 10 18 0 8 7 24 6 25 0 3 17 1 22 11 
0 0 24 0 0 0 2 25 8 14 22 6 0 0 3 15 0 23 16 0 10 20 13 0 0 
4 10 0 0 8 0 7 6 0 0 25 13 19 5 1 17 0 21 0 22 0 0 24 0 14 
15 0 1 0 2 0 3 0 0 21 0 0 17 0 6 0 12 0 0 0 22 0 25 0 20 
17 0 0 6 21 0 0 0 25 0 0 15 0 14 7 0 1 2 23 0 0 9 8 18 3 
0 0 0 25 20 0 0 15 18 13 0 0 16 0 0 0 8 0 0 3 0 0 0 0 0 
8 9 13 5 0 0 0 7 1 10 0 12 22 18 25 24 17 16 14 0 0 0 0 15 0 
0 0 18 0 19 2 17 0 5 6 3 20 0 8 13 25 0 0 9 0 0 0 14 0 16 
24 25 19 0 0 22 0 0 13 1 16 7 12 0 21 11 18 20 3 8 0 14 15 0 0 
22 4 3 14 0 5 6 0 0 7 0 0 8 15 0 1 0 9 2 23 13 18 20 25 0 
0 20 0 0 5 24 10 0 12 0 14 0 6 0 9 0 4 13 0 21 0 0 0 1 19 
0 0 0 15 0 0 0 18 0 0 0 1 5 19 0 0 14 0 0 0 0 0 0 8 4 
0 0 7 0 0 0 15 0 20 8 0 18 3 0 0 5 19 17 6 25 0 0 0 16 0 
0 8 12 20 0 7 0 1 21 0 0 23 2 0 0 4 0 24 5 0 18 0 10 0 0 
9 13 0 0 0 0 8 11 23 16 0 24 15 20 18 0 0 22 0 0 0 5 0 2 25 
0 0 0 21 18 0 0 4 0 25 5 16 0 22 0 0 23 8 1 0 7 0 0 14 15 
7 0 11 0 1 6 0 5 0 0 0 21 9 0 0 0 0 15 13 0 24 16 0 20 12 
0 0 6 24 17 10 13 0 22 15 7 0 0 1 0 19 0 0 12 0 0 21 0 0 0 
