5 0 0 0 0 0 0 10 2 0 4 6 0 0 0 1 
4 13 0 0 7 5 0 0 0 15 10 0 0 0 16 0 
7 0 3 6 4 8 11 0 16 12 0 1 9 0 2 0 
10 0 0 0 3 0 6 0 11 0 0 8 15 0 4 5 
0 0 0 0 0 9 3 0 0 0 11 4 0 13 0 14 
0 0 0 0 0 10 7 0 0 14 6 0 0 0 0 0 
0 3 0 10 0 11 0 0 0 16 0 0 0 0 0 6 
0 0 14 0 12 0 16 2 1 8 15 0 3 4 11 10 
0 10 7 3 6 12 1 0 0 0 14 0 0 0 0 0 
1 0 0 0 9 14 0 3 8 0 16 12 11 7 10 15 
0 4 0 12 11 0 0 5 6 0 0 10 13 16 1 0 
11 8 5 0 0 16 0 0 0 1 9 0 6 0 14 3 
13 0 6 0 2 0 5 0 9 0 8 0 10 1 0 0 
0 9 4 1 14 0 0 6 0 0 12 11 2 8 0 0 
0 0 10 0 13 0 0 0 0 2 0 16 0 9 0 0 
2 14 8 16 0 0 0 9 10 0 0 7 5 11 3 0 
