9 19 17 0 0 6 14 0 5 24 21 0 3 0 0 15 0 0 0 0 0 0 13 2 8 
0 0 11 4 0 17 0 8 20 0 0 23 13 0 15 5 0 12 9 7 18 24 25 14 0 
10 8 24 20 15 22 0 11 21 16 0 4 9 25 0 0 3 0 0 6 5 23 0 19 7 
0 23 25 0 18 0 13 7 0 0 11 1 22 14 0 0 0 0 0 0 6 0 0 0 0 
0 2 1 14 22 4 23 0 0 0 0 0 7 8 6 25 0 10 0 11 20 16 0 15 21 
0 0 0 19 2 0 0 10 0 4 6 0 1 16 17 0 0 18 7 23 22 13 5 12 25 
17 9 16 15 12 2 0 13 0 0 0 25 11 0 0 6 8 20 4 0 0 0 0 10 0 
3 22 8 6 5 20 0 1 24 0 4 0 10 12 23 0 0 14 0 0 19 0 15 0 0 
0 0 18 0 0 19 6 14 25 17 15 8 2 24 9 0 22 5 3 12 16 11 23 0 0 
0 10 4 0 25 0 0 21 22 12 20 14 0 13 3 0 15 0 19 24 1 0 0 7 0 
7 0 23 25 0 24 0 15 0 0 9 22 0 20 8 3 0 0 12 10 13 6 0 0 1 
20 12 0 0 0 3 0 22 7 23 0 6 19 17 0 0 14 0 25 15 0 5 0 0 0 
2 0 0 22 17 0 12 19 0 9 5 11 23 1 21 24 7 0 0 0 4 0 18 16 15 
4 0 5 0 0 0 25 0 0 8 2 0 0 0 7 0 0 0 23 0 14 0 0 0 0 
19 0 6 8 0 0 0 5 0 13 0 0 0 0 0 0 21 0 0 22 12 7 24 23 0 
25 0 15 0 0 11 24 23 9 6 10 19 4 5 0 0 2 0 13 0 21 18 7 22 0 
12 0 0 0 23 0 22 0 0 0 0 20 0 0 0 0 1 7 10 5 17 0 0 6 2 
5 0 0 0 20 0 0 0 0 0 7 24 6 0 22 0 0 0 11 0 15 10 0 0 0 
0 0 0 10 0 7 3 0 0 25 12 0 17 15 0 0 0 24 21 14 23 0 0 0 0 
22 18 3 7 0 0 0 2 0 0 8 13 0 0 0 9 0 0 0 4 0 19 0 0 0 
0 1 0 11 4 9 18 6 13 22 23 2 25 21 19 0 0 8 14 17 0 0 16 5 3 
0 0 0 16 0 0 17 12 2 0 1 0 0 0 0 13 0 22 0 3 0 21 0 25 18 
18 17 22 0 0 0 0 16 0 19 14 12 0 0 5 0 6 0 15 21 0 0 0 0 0 
23 0 21 0 0 0 8 3 0 5 0 0 20 22 0 7 4 0 1 19 24 0 0 9 0 
8 20 12 9 10 14 7 24 0 0 13 3 15 6 16 0 11 0 5 18 0 0 17 4 0 
