7 0 12 0 0 0 6 0 14 0 0 4 10 0 2 9 
4 5 6 0 0 0 0 2 10 9 3 0 13 15 14 16 
0 13 0 3 16 0 0 0 0 0 11 0 1 0 0 6 
8 0 16 10 0 9 0 0 15 6 12 13 7 3 0 0 
1 6 13 0 9 0 0 14 3 4 0 11 8 0 10 12 
0 12 0 0 0 7 1 0 8 0 10 2 0 0 0 0 
3 0 0 0 0 0 0 10 0 0 0 16 11 0 15 0 
0 0 10 0 0 0 0 0 6 0 0 12 0 0 0 0 
5 9 0 0 8 0 0 12 0 0 6 0 0 1 13 0 
0 16 11 0 1 2 0 9 0 0 7 8 4 6 3 0 
12 0 0 13 0 0 0 16 1 0 0 0 0 0 9 0 
0 0 0 6 13 0 4 5 16 3 0 9 12 0 11 0 
6 11 0 0 2 0 0 8 0 0 0 0 15 13 0 4 
13 0 5 15 0 0 12 3 2 0 8 6 0 9 7 1 
0 10 0 12 15 1 0 0 4 11 0 0 0 0 0 8 
0 0 7 8 14 4 0 0 12 15 13 0 3 11 0 10 
