1 3 15 0 10 16 13 5 0 0 4 14 0 0 0 6 
0 0 13 10 11 2 12 0 16 7 15 0 0 0 0 1 
7 0 0 2 14 0 6 4 0 11 13 1 15 12 0 16 
0 6 0 16 0 0 15 3 0 0 8 10 0 9 13 0 
5 0 11 0 3 15 0 10 0 0 0 0 0 7 4 2 
0 0 2 0 0 4 0 1 0 9 0 5 3 6 0 0 
6 13 0 0 8 0 2 0 0 0 0 0 14 10 12 0 
3 4 0 0 12 0 7 0 11 0 2 0 0 0 0 5 
8 9 0 0 1 0 0 0 0 14 0 0 0 0 16 11 
2 0 0 15 16 0 0 9 6 13 7 0 0 5 14 10 
16 12 0 13 5 0 11 0 2 0 10 0 0 4 3 0 
0 0 0 0 0 13 0 7 0 3 11 0 0 2 9 0 
12 0 0 5 0 0 0 16 4 10 0 0 0 0 0 13 
13 0 0 0 2 10 0 0 0 5 0 11 0 0 6 12 
0 0 9 0 15 0 0 0 0 6 12 2 0 16 0 0 
0 16 6 0 9 3 5 0 13 15 0 7 10 0 0 0 
