0 5 0 18 7 9 0 0 21 0 0 17 0 0 10 0 0 0 0 12 0 0 0 0 1 
2 21 0 0 3 15 0 4 0 0 16 0 0 19 22 8 18 23 1 20 24 0 12 11 10 
0 0 23 0 0 0 10 7 0 12 21 15 0 20 0 3 0 0 0 0 4 6 8 0 14 
0 0 0 22 9 1 0 16 3 8 5 11 0 6 0 0 25 2 7 21 19 0 15 17 20 
15 0 19 17 20 0 25 0 0 22 18 0 1 8 0 10 4 16 0 9 7 23 0 3 21 
0 0 0 10 0 24 18 0 5 7 0 0 9 11 15 12 13 3 0 0 20 25 0 21 23 
0 2 3 16 0 17 0 10 20 0 0 18 21 0 0 0 23 24 14 0 0 5 0 8 9 
0 7 0 11 8 0 1 21 15 0 0 4 17 3 25 9 2 0 0 0 0 0 19 0 24 
9 0 0 0 13 2 16 19 4 0 0 0 23 5 0 0 0 22 0 8 15 0 0 0 0 
17 0 21 0 15 14 0 12 22 6 0 8 0 0 24 25 11 5 0 18 13 3 0 0 0 
0 0 1 0 0 12 22 0 0 0 0 2 18 0 0 0 0 0 25 16 0 8 10 9 7 
14 25 9 0 11 8 0 0 1 23 19 0 20 0 0 21 17 18 0 0 0 0 16 13 3 
0 22 0 0 0 0 20 0 7 11 15 16 4 14 0 0 0 9 2 23 5 12 1 6 0 
4 0 5 0 0 0 0 13 2 0 8 25 0 9 1 0 10 7 0 0 23 20 0 14 15 
8 15 0 0 10 0 17 9 0 0 11 5 0 0 23 19 20 0 0 1 18 0 0 24 25 
23 0 15 0 16 22 12 1 0 20 25 0 10 21 0 0 24 17 0 5 0 14 0 19 0 
22 24 0 0 0 0 0 0 0 0 0 0 0 4 16 0 15 25 9 11 21 7 23 0 0 
6 9 10 0 18 0 21 11 8 14 20 23 7 0 0 0 0 19 3 13 0 1 0 15 5 
0 17 11 12 19 5 0 23 16 15 3 1 24 2 14 0 0 21 8 10 0 0 20 0 6 
21 0 20 0 0 0 0 0 10 2 0 0 0 0 18 22 12 1 0 0 17 0 25 4 0 
3 11 0 14 0 19 0 0 0 9 24 0 13 17 0 16 0 8 0 2 10 0 0 0 0 
0 10 0 0 6 0 0 0 13 0 0 0 19 1 2 5 0 12 0 0 0 0 0 0 22 
0 23 18 8 0 20 0 0 12 1 0 9 0 25 5 0 14 4 0 0 6 21 0 0 13 
1 13 0 0 4 0 0 0 0 10 7 14 0 16 20 23 3 0 18 0 8 0 0 25 11 
0 19 17 15 0 0 5 0 25 16 0 0 0 18 8 0 9 10 13 0 2 24 0 23 0 
