1 3 16 12 18 6 13 0 0 0 15 0 0 0 5 0 22 8 0 0 19 24 0 10 21 
0 11 17 23 21 0 20 25 0 12 19 2 16 1 0 13 14 0 3 15 0 9 0 0 0 
14 15 19 6 0 0 17 0 11 0 0 9 23 12 0 0 10 0 5 2 0 3 0 4 0 
0 0 0 5 22 23 9 1 3 24 6 13 10 4 0 0 19 20 0 0 0 18 0 15 0 
4 0 0 24 7 0 21 0 19 0 3 0 0 0 17 23 18 0 0 0 11 2 12 20 0 
0 21 11 22 0 0 0 13 1 0 0 0 0 20 7 0 6 0 19 0 0 8 17 9 0 
18 14 0 13 1 2 16 15 0 17 0 3 0 0 9 22 24 23 8 12 6 0 7 19 11 
0 0 0 0 0 0 19 6 22 11 16 10 1 14 0 0 0 0 0 0 23 20 24 13 0 
20 0 0 0 17 0 0 12 5 18 23 25 0 0 0 0 0 3 9 0 22 10 2 14 0 
0 0 15 7 0 9 0 10 4 8 22 11 13 17 6 0 0 25 0 14 16 0 3 5 18 
0 7 0 0 2 10 15 14 0 23 1 20 0 3 0 0 0 0 21 0 18 0 0 0 0 
22 17 5 0 11 0 0 3 25 19 8 0 0 0 10 0 0 13 6 1 20 0 0 21 0 
0 18 23 0 0 0 1 17 0 0 0 15 7 6 22 8 3 0 25 0 0 11 0 0 0 
3 20 0 15 0 0 2 7 9 0 14 0 0 18 23 0 0 0 0 10 0 17 8 1 0 
8 10 0 1 19 11 6 24 0 0 0 0 0 25 13 20 0 9 14 0 0 7 15 0 0 
0 19 25 20 12 0 11 8 7 1 0 0 0 0 14 2 5 15 0 17 4 13 0 0 9 
0 24 0 8 3 17 0 0 0 0 13 6 0 9 0 0 1 14 0 20 2 12 22 0 0 
16 22 0 17 0 12 25 0 10 0 0 5 19 2 18 6 9 0 13 0 0 0 20 0 0 
0 0 0 9 0 13 0 0 0 0 0 8 12 23 20 3 21 7 4 25 17 16 19 24 14 
15 0 7 18 0 0 24 0 0 0 0 1 25 0 0 0 0 22 0 8 0 0 11 6 0 
0 4 0 0 0 0 0 23 13 16 0 0 0 22 0 0 0 0 0 3 0 15 0 0 24 
7 0 0 19 23 1 12 0 21 5 0 24 0 15 3 0 11 16 20 0 10 22 6 0 0 
13 1 0 0 14 0 8 0 0 25 0 19 6 16 2 0 0 17 0 23 3 0 21 11 5 
0 0 0 0 16 4 18 0 17 0 0 23 14 0 1 10 8 21 0 22 0 0 25 0 20 
12 0 22 21 15 3 0 20 24 0 0 17 4 0 0 0 25 0 1 13 8 0 0 2 0 
