24 4 10 14 0 0 2 0 12 19 17 0 0 5 0 0 21 16 0 6 8 22 0 0 7 
0 6 0 0 0 0 8 0 0 0 9 14 24 19 10 15 2 7 11 17 12 0 3 13 0 
15 0 0 12 0 0 0 5 0 0 8 0 0 3 23 0 1 25 10 24 20 0 0 6 0 
2 7 16 0 13 15 0 0 17 24 0 0 12 0 0 4 0 9 23 0 0 0 0 0 21 
11 9 3 0 5 0 7 10 0 0 0 16 0 0 0 13 18 19 8 0 23 14 0 17 24 
8 19 18 0 6 3 22 0 13 0 10 0 2 0 9 0 0 15 0 14 0 25 0 0 20 
0 14 0 0 7 6 5 12 9 0 21 15 11 0 8 10 0 24 25 18 0 0 4 0 0 
25 0 4 1 12 21 0 0 0 7 6 0 0 0 0 0 8 3 2 0 19 11 0 10 0 
22 0 23 17 21 0 0 0 10 25 12 19 0 18 3 0 0 0 1 7 0 0 16 9 0 
10 11 13 0 9 19 0 0 0 14 0 1 25 16 0 22 23 0 0 0 6 7 5 0 12 
12 18 0 15 0 5 19 25 7 8 16 23 0 0 0 2 3 22 6 0 0 21 0 20 0 
0 21 22 7 8 0 10 0 0 20 15 24 0 11 17 25 0 23 0 19 0 2 1 0 6 
0 3 24 0 19 16 0 2 23 22 5 0 0 0 21 18 0 14 0 1 13 0 0 0 10 
17 1 0 10 0 24 12 0 4 0 22 3 18 14 0 0 11 0 0 9 0 0 19 8 23 
23 5 14 13 0 0 6 1 11 15 0 0 4 7 0 17 10 21 24 8 0 0 18 0 0 
6 8 5 16 0 1 0 0 0 0 11 0 9 12 0 0 0 0 0 0 0 0 21 2 0 
0 20 1 22 14 17 0 0 0 0 0 2 0 15 25 0 7 6 0 11 0 0 0 23 9 
7 0 17 0 0 23 0 6 0 16 13 0 1 10 5 19 0 20 0 0 0 24 0 15 0 
0 23 0 0 10 0 13 0 22 21 0 4 0 0 14 12 24 0 0 16 1 0 8 0 0 
0 0 12 24 25 2 9 15 0 11 0 0 23 0 0 0 0 18 0 10 0 17 0 14 0 
0 10 0 18 0 0 0 7 0 3 23 5 6 0 16 21 9 8 0 22 11 20 13 4 17 
4 16 9 23 20 0 0 0 0 0 25 0 0 0 12 0 0 0 13 0 0 18 6 0 0 
3 0 8 11 24 18 0 13 0 2 14 9 0 0 0 16 5 0 0 4 0 1 25 21 19 
13 0 0 19 0 0 1 0 15 4 0 0 21 2 7 24 20 0 14 0 9 0 22 0 0 
5 12 7 21 0 0 0 0 0 17 0 0 0 22 0 6 25 10 18 0 14 0 0 16 0 
