13 3 17 0 11 22 0 0 0 12 0 0 14 0 23 25 5 9 10 2 0 0 0 8 15 
0 8 4 21 1 19 25 0 0 0 0 9 0 15 11 24 0 0 22 0 20 13 17 0 7 
0 12 0 0 18 24 0 17 3 6 0 0 8 0 0 0 20 23 0 0 10 0 9 2 14 
9 25 0 0 14 20 0 11 4 5 0 6 0 0 10 0 8 1 0 17 18 3 24 23 16 
6 23 0 0 20 0 9 7 0 0 17 0 16 3 2 0 13 21 11 18 19 0 0 1 0 
0 0 23 0 0 0 15 0 0 0 22 25 17 0 0 1 6 0 0 14 3 0 0 4 0 
0 19 0 1 13 14 11 25 20 23 3 0 0 8 0 10 2 0 9 0 21 15 22 0 12 
0 0 0 3 0 6 0 4 0 0 0 13 0 21 12 0 25 17 15 23 0 16 0 0 0 
0 0 22 0 12 0 0 0 7 17 0 15 0 23 4 19 0 0 13 20 0 24 5 11 0 
4 0 11 15 0 9 18 0 22 0 14 0 20 2 16 0 0 5 21 0 13 23 10 0 19 
0 0 12 23 15 17 22 8 0 18 13 0 5 0 0 9 1 10 14 0 16 2 11 7 0 
0 16 0 18 22 0 0 13 10 1 4 0 7 24 9 0 0 0 0 0 5 6 14 0 8 
0 1 0 0 0 4 23 24 0 7 10 0 0 17 0 11 15 13 0 21 22 25 18 0 20 
0 0 25 9 7 0 0 19 0 20 15 0 22 1 0 0 0 0 0 4 12 0 23 24 17 
0 0 0 14 4 0 5 0 0 16 0 23 0 6 0 17 22 7 0 12 9 0 13 0 1 
3 7 1 0 0 0 24 20 0 9 0 0 0 0 5 21 11 0 0 0 0 12 15 0 0 
0 0 0 0 0 16 0 6 8 0 19 0 0 0 13 4 23 0 0 7 0 0 1 20 22 
25 0 14 17 6 13 7 2 0 0 20 0 0 0 15 0 0 22 1 0 24 5 0 0 3 
0 20 18 0 24 10 14 5 11 0 25 0 0 0 22 6 9 19 0 15 0 8 16 0 21 
0 21 8 13 0 1 0 22 0 0 0 0 2 0 0 3 24 14 20 0 4 0 7 0 11 
21 22 0 24 23 12 20 0 0 2 0 5 0 0 18 14 17 15 19 10 0 0 6 16 0 
0 5 0 0 8 15 17 18 0 0 0 0 23 13 24 0 0 0 0 0 7 0 0 0 10 
0 0 0 25 0 5 6 0 0 0 7 17 11 12 21 0 4 0 0 1 8 19 3 9 0 
0 14 13 19 0 23 0 16 24 3 1 22 0 10 0 0 7 8 0 11 17 0 12 0 25 
0 0 0 16 17 0 10 0 0 0 0 0 25 0 0 13 12 0 6 0 0 18 0 5 23 
