10 3 16 0 0 0 6 0 7 0 0 0 0 0 13 8 
0 0 0 0 10 9 15 0 13 14 0 0 0 0 0 0 
0 1 0 14 0 0 8 0 15 0 0 0 0 0 12 0 
12 15 6 13 14 0 16 7 0 5 8 0 9 0 1 0 
0 0 4 10 6 0 0 13 0 0 12 0 0 0 0 0 
13 0 0 16 12 0 7 0 0 0 3 1 11 0 0 0 
0 0 0 8 2 0 0 0 0 6 13 0 0 0 14 15 
0 0 12 15 3 0 1 10 0 0 0 2 0 9 7 6 
6 0 15 3 0 0 4 1 2 0 0 14 7 13 8 0 
7 0 0 12 15 10 0 0 6 0 16 8 1 2 0 14 
0 8 0 0 7 6 0 0 12 0 10 4 0 11 0 16 
0 16 0 0 0 0 12 0 0 15 0 0 3 6 10 9 
0 0 11 6 0 12 10 4 3 0 0 13 5 0 9 7 
0 12 0 5 16 7 14 6 8 0 9 11 4 0 3 13 
0 0 3 0 0 0 0 2 0 0 14 6 16 0 0 10 
8 0 0 1 9 15 5 0 0 16 0 0 2 0 0 11 
