0 9 0 0 0 0 21 0 22 3 20 0 19 0 0 0 0 0 12 0 10 0 0 0 7 
12 0 16 0 0 2 0 6 14 0 0 17 7 0 9 0 19 0 25 20 18 0 0 21 0 
0 20 0 0 22 0 19 0 5 24 23 25 12 0 0 0 7 8 0 10 15 3 9 13 0 
0 8 2 0 0 10 0 0 9 0 0 6 18 0 0 11 0 0 0 23 0 25 0 0 22 
11 3 0 15 6 13 25 16 0 18 0 22 4 0 0 9 17 1 0 21 19 0 14 0 2 
0 21 8 0 23 0 9 0 10 0 0 12 0 0 0 0 18 0 0 19 1 0 5 0 15 
0 0 22 17 5 12 3 0 0 8 0 0 25 0 6 13 21 0 11 0 14 18 20 0 23 
13 11 0 0 10 16 14 0 0 20 0 15 2 22 23 0 9 0 0 25 0 7 0 6 8 
0 0 0 0 25 15 0 18 0 0 21 8 24 0 4 12 20 23 22 0 0 0 0 0 0 
0 2 0 0 0 19 23 0 21 1 7 5 0 17 10 24 0 16 14 8 0 0 22 3 0 
0 0 14 0 21 25 2 0 17 9 0 18 15 5 0 1 0 0 20 0 0 0 3 7 24 
0 24 17 0 19 14 13 3 23 0 22 10 0 12 7 8 0 0 0 18 6 2 1 11 0 
0 12 0 0 0 20 22 0 15 5 0 0 23 0 11 21 24 6 13 14 17 0 8 10 0 
10 0 0 0 18 1 4 24 11 6 0 0 17 8 0 7 12 0 9 3 0 14 0 15 0 
7 13 0 11 0 18 0 12 8 19 6 0 0 0 0 0 23 17 2 5 0 9 0 4 21 
0 0 6 0 0 0 17 9 0 11 24 19 22 3 1 15 2 4 0 0 0 0 0 20 10 
2 15 21 0 7 3 1 5 0 0 9 16 0 18 0 0 14 0 19 11 25 8 0 22 4 
0 0 9 0 16 21 24 8 19 0 10 0 20 0 0 6 25 18 0 0 23 15 11 2 0 
1 0 13 0 20 0 0 22 0 10 0 4 21 0 0 16 8 9 0 12 3 24 18 0 19 
0 19 18 3 11 4 0 0 0 13 5 0 14 25 0 0 0 20 10 7 12 0 21 0 0 
0 1 0 13 0 24 7 0 0 17 0 0 0 0 22 0 11 0 18 16 0 21 2 0 12 
0 0 0 19 9 5 0 25 0 23 0 0 8 21 24 0 0 15 0 2 11 0 17 18 3 
0 18 11 14 17 0 20 0 0 16 13 2 0 4 25 0 1 12 0 9 24 0 7 5 6 
0 0 7 0 3 0 18 0 0 0 0 0 5 23 20 0 0 21 17 0 8 13 0 0 9 
0 0 0 0 2 0 0 0 0 22 0 3 1 0 18 0 0 0 0 6 4 10 0 25 0 
