6 16 10 15 0 0 2 0 0 13 3 0 5 7 0 1 
0 1 0 2 0 4 3 0 7 0 0 0 14 0 0 0 
0 0 3 7 0 9 0 0 0 0 5 11 2 15 13 12 
13 0 0 0 0 7 8 0 2 0 1 0 0 0 0 9 
0 0 0 12 0 1 0 0 0 7 0 2 0 9 14 0 
0 0 0 0 0 16 10 0 0 3 14 0 0 13 7 15 
0 14 0 0 0 11 13 7 15 4 0 0 6 0 12 5 
0 0 0 4 0 8 0 6 0 0 0 13 16 0 0 0 
0 0 6 0 0 14 15 0 8 0 4 16 9 5 0 0 
1 0 8 11 10 0 5 0 0 2 12 0 13 16 0 4 
0 3 0 0 8 0 0 16 1 5 0 7 0 12 6 2 
16 5 0 10 4 2 12 0 13 0 0 0 7 14 3 8 
0 0 0 0 0 0 7 0 4 8 11 0 12 0 5 13 
0 4 0 8 11 0 9 14 10 0 0 0 0 3 0 6 
15 0 0 0 0 10 0 4 0 14 2 0 11 8 0 7 
0 10 0 5 0 0 0 8 0 9 0 0 15 0 2 14 
