13 0 16 8 21 4 9 0 6 2 7 12 3 10 0 0 19 11 15 0 0 1 5 0 0 
6 0 24 20 2 0 19 8 25 14 15 22 0 0 17 4 0 0 5 0 10 11 9 7 3 
7 10 0 0 22 12 0 5 15 17 0 0 13 0 19 0 8 2 20 21 6 0 0 24 0 
0 9 0 18 0 0 0 1 16 22 24 11 0 0 0 0 7 17 3 14 2 12 0 0 0 
0 0 11 0 0 0 13 0 21 3 6 25 8 0 2 1 0 0 0 0 0 20 22 19 0 
8 17 21 0 23 0 0 0 14 0 0 1 2 0 12 11 9 0 0 0 22 15 16 13 25 
22 24 0 19 18 0 25 0 0 4 23 15 20 0 0 0 0 0 1 5 0 0 12 9 0 
10 0 0 0 20 2 15 12 19 0 21 0 0 0 22 23 0 18 8 3 0 17 0 0 7 
0 5 0 0 0 0 22 11 17 1 0 0 0 3 7 0 6 0 0 0 0 18 0 23 20 
0 15 0 12 0 0 0 0 0 0 0 18 17 6 13 0 14 22 0 20 0 4 1 10 8 
0 11 4 22 10 0 0 0 24 15 20 23 5 12 18 19 0 0 0 9 0 0 0 0 0 
14 0 0 21 1 0 7 0 22 0 3 0 0 0 0 10 20 0 11 0 18 25 0 17 12 
12 19 23 0 6 25 0 0 1 0 10 0 0 13 15 16 0 14 18 0 20 24 0 0 22 
18 0 9 0 0 10 0 13 0 8 1 0 0 0 0 0 0 25 6 0 0 0 0 0 5 
3 20 0 0 0 0 0 0 0 12 0 2 0 0 25 7 1 0 0 4 0 0 10 0 19 
21 0 0 0 9 16 0 0 13 7 0 5 0 24 10 15 23 3 12 19 8 6 17 0 1 
0 7 10 14 0 15 0 0 0 21 13 0 0 22 0 0 0 6 2 0 24 23 0 25 0 
24 0 17 0 0 14 1 25 8 0 4 0 19 0 0 20 11 10 0 18 0 22 13 15 2 
19 22 8 13 4 5 0 0 2 6 0 0 23 0 0 17 0 16 9 0 0 0 14 0 11 
20 12 0 0 15 3 24 0 11 9 25 17 18 2 0 0 22 0 7 0 4 5 19 16 0 
0 0 0 0 0 0 6 20 7 25 2 4 0 21 24 12 18 13 0 0 11 0 23 0 0 
0 0 12 0 19 0 0 14 3 0 17 0 0 25 5 0 15 0 23 6 0 9 0 18 10 
4 6 0 17 0 0 12 0 5 18 0 3 0 23 9 0 25 0 19 0 0 8 0 1 0 
0 25 20 0 24 17 23 0 4 0 0 8 12 19 0 9 0 0 16 1 13 21 2 0 0 
23 0 18 0 0 19 16 21 9 0 0 0 15 0 11 0 0 4 0 2 25 7 3 0 24 
