3 0 8 0 0 21 25 0 18 0 0 13 0 2 17 0 24 0 22 0 0 12 1 0 7 
14 7 22 0 21 8 15 6 17 5 16 4 18 10 19 12 11 20 3 9 25 0 0 23 0 
0 25 10 2 13 12 7 9 23 0 24 15 0 0 3 16 21 5 18 0 6 20 22 8 0 
11 0 24 0 20 10 22 0 0 1 9 8 0 0 7 25 0 19 0 0 0 18 21 17 0 
12 19 0 0 15 0 0 0 0 0 14 22 0 6 25 0 7 0 0 17 0 11 0 0 0 
0 16 0 20 0 15 0 10 0 0 1 0 2 0 18 21 22 7 0 5 13 24 0 14 12 
21 22 14 0 1 0 0 0 20 0 0 0 0 0 0 19 25 9 24 11 0 3 15 7 0 
18 10 0 0 12 5 3 1 0 2 15 0 7 0 0 17 0 6 8 0 21 0 16 11 9 
5 2 0 4 11 7 19 0 16 0 0 0 8 0 20 0 12 0 23 3 17 0 25 18 0 
13 6 9 0 7 0 0 0 14 4 19 21 17 12 22 2 0 18 0 16 8 5 23 0 10 
22 0 0 0 0 20 0 14 0 13 18 25 23 0 0 5 8 0 16 0 3 0 10 1 21 
0 0 4 5 19 0 0 7 0 3 0 0 24 0 0 0 0 0 2 12 18 17 20 0 0 
25 3 20 7 0 6 11 0 0 9 2 12 1 8 14 4 0 24 0 15 16 22 13 0 0 
10 1 0 0 0 2 4 0 24 0 17 19 3 0 0 0 0 11 0 20 0 7 5 9 0 
2 12 0 0 23 17 1 8 0 18 0 20 13 0 0 3 19 22 0 14 0 0 0 0 15 
23 0 0 12 0 25 8 0 0 7 3 0 0 0 0 9 4 21 0 0 1 0 2 0 11 
24 14 13 25 9 0 23 0 11 0 4 0 20 0 5 0 6 3 12 0 0 0 19 0 0 
0 8 0 0 4 0 21 0 5 0 0 0 0 0 0 0 0 2 13 24 23 0 0 12 20 
0 0 1 11 0 14 9 19 13 6 12 10 25 22 21 0 0 23 20 8 0 0 3 0 5 
0 0 3 0 5 0 0 0 0 0 0 23 0 13 2 0 14 0 0 1 22 0 0 0 17 
0 0 0 0 3 0 10 18 6 0 0 0 0 0 13 0 0 14 0 21 0 0 0 0 0 
0 17 0 21 0 16 0 23 7 0 5 0 0 0 0 0 0 0 0 19 0 10 0 22 0 
15 20 5 22 0 0 0 0 1 11 0 7 16 17 9 10 2 0 6 0 0 21 8 0 0 
0 0 19 13 0 22 5 21 3 12 0 1 0 24 0 20 9 16 17 0 7 23 0 2 6 
1 0 0 18 0 19 0 17 0 0 21 0 4 0 12 0 3 0 0 23 0 14 9 0 0 
