0 3 0 16 0 13 0 0 15 0 14 12 0 0 2 11 
11 13 0 5 16 10 0 12 0 0 2 0 15 3 14 9 
0 8 0 0 0 0 7 9 6 0 0 13 0 0 0 16 
0 7 0 4 2 0 8 14 11 0 16 5 0 0 0 0 
5 0 0 0 3 0 0 0 0 4 0 1 6 0 8 0 
8 0 0 3 0 15 12 0 0 2 6 0 0 7 1 0 
1 0 0 2 0 7 9 6 10 0 8 0 0 0 15 0 
7 0 12 6 0 0 4 8 0 0 0 11 9 2 0 0 
6 15 9 7 8 12 0 0 5 10 0 0 16 4 11 0 
0 0 1 13 6 0 0 15 0 0 0 4 0 9 3 7 
0 5 0 12 0 0 16 3 0 8 9 0 0 15 0 6 
0 0 3 8 0 0 0 11 0 0 0 0 0 0 0 2 
15 0 8 0 10 0 3 13 0 11 1 0 0 0 4 0 
0 12 4 10 9 8 0 1 0 0 15 6 11 0 0 3 
0 0 5 11 0 14 2 0 0 0 0 10 13 6 9 0 
16 0 7 14 11 0 15 0 0 0 5 0 0 0 0 0 
