0 5 0 0 11 15 0 0 3 0 12 0 0 0 1 14 
12 3 4 9 14 0 0 0 0 7 10 0 13 16 0 15 
0 15 13 6 0 0 16 8 1 0 0 0 2 0 0 9 
11 1 2 0 13 12 4 0 0 9 15 0 5 0 3 0 
13 4 3 11 0 9 2 7 8 0 6 1 0 0 5 0 
15 0 1 2 8 0 0 3 0 0 16 13 0 4 9 0 
9 14 0 10 1 0 0 16 0 0 0 0 15 2 0 6 
0 16 8 12 6 4 10 0 2 0 0 7 0 0 0 0 
0 0 9 0 16 13 0 0 0 4 1 14 0 5 0 0 
0 2 0 14 0 8 5 11 0 0 0 0 10 0 16 0 
3 7 0 0 0 1 6 0 0 0 8 10 0 0 0 13 
8 0 6 0 10 14 0 0 12 2 0 5 9 3 0 1 
0 9 14 0 5 6 0 13 11 0 0 4 0 0 10 0 
0 0 15 5 7 0 11 0 16 6 3 0 0 0 4 0 
0 10 0 0 0 16 0 0 0 0 0 0 0 0 0 0 
6 0 16 0 0 3 0 0 0 0 14 12 0 0 0 5 
