4 0 0 16 23 0 0 0 8 18 0 11 3 0 9 2 24 0 0 22 0 0 12 25 14 
1 0 0 0 0 20 0 0 0 22 0 0 0 18 0 0 25 0 10 0 9 0 24 11 15 
19 0 0 0 5 0 3 10 9 0 25 0 2 0 7 0 20 0 12 11 22 0 0 17 16 
0 0 25 0 0 24 14 11 0 12 1 13 19 0 0 0 4 16 7 0 0 0 10 0 20 
11 10 0 24 0 0 0 19 13 16 20 23 0 0 15 0 3 0 14 0 6 4 1 7 5 
12 11 16 0 0 0 15 1 0 24 18 0 4 0 13 0 0 3 5 0 25 9 7 0 0 
13 2 0 0 0 0 0 8 0 19 0 14 0 0 24 0 0 20 17 12 0 23 0 21 18 
5 22 0 0 6 0 4 0 0 20 2 0 8 0 0 25 10 21 23 0 11 0 3 0 19 
0 21 0 0 7 22 0 0 0 14 0 6 25 0 11 1 0 9 19 4 16 17 8 0 0 
8 18 3 19 0 23 0 6 0 2 0 17 0 20 10 0 0 0 15 16 1 0 4 22 12 
0 0 0 0 0 6 0 23 2 0 0 12 11 0 18 0 0 0 25 0 24 0 0 14 8 
6 0 23 25 3 0 0 14 20 15 0 0 0 0 1 0 0 0 0 21 18 0 0 2 22 
21 1 15 18 19 10 0 0 24 0 22 16 0 0 2 12 6 13 0 14 0 20 0 3 0 
2 0 0 0 0 4 16 22 19 0 3 0 0 0 17 20 9 18 24 0 5 12 15 0 0 
7 0 0 0 12 11 1 0 0 0 24 0 0 14 20 23 5 0 0 0 0 25 16 0 0 
0 0 0 21 4 18 0 15 1 11 0 25 24 0 0 14 0 12 8 0 23 13 0 0 0 
25 0 24 13 2 5 6 21 14 0 15 18 0 11 0 16 0 0 0 3 10 22 0 12 1 
20 0 1 0 10 3 0 0 0 8 0 2 0 0 16 22 0 5 6 25 0 0 0 18 9 
0 0 18 0 0 19 0 13 0 17 21 20 0 0 5 10 23 24 1 15 2 0 0 8 0 
23 0 0 0 22 16 0 0 25 10 0 0 17 1 0 0 0 0 0 18 20 5 21 15 24 
3 0 0 0 9 2 24 25 0 1 4 22 0 6 0 21 14 10 18 20 8 15 0 19 17 
17 0 0 2 0 9 21 0 23 5 12 10 0 7 3 0 16 15 0 0 0 1 22 4 0 
0 0 19 0 0 13 0 16 0 0 17 9 14 2 0 0 8 4 22 0 0 0 20 0 0 
18 0 22 5 20 14 0 0 15 4 0 24 1 0 0 9 0 2 3 0 21 16 23 0 13 
14 0 0 12 0 8 10 17 0 6 16 0 0 5 0 0 1 0 11 23 0 18 2 9 3 
