4 0 0 0 9 0 0 0 0 8 10 0 0 0 0 16 
10 5 0 0 0 0 14 3 1 15 0 0 0 0 2 8 
11 0 0 0 2 0 1 13 14 0 3 4 9 5 0 0 
6 3 16 0 4 8 7 10 2 0 0 5 0 15 14 1 
15 0 1 0 0 0 16 11 0 6 0 0 0 14 0 0 
0 10 6 2 0 0 8 12 0 3 15 0 5 0 7 0 
13 9 0 16 15 0 0 4 0 5 0 0 6 2 0 3 
0 0 0 0 0 2 3 0 0 0 13 0 0 0 9 0 
7 0 0 0 12 10 0 0 13 14 8 0 0 3 0 9 
16 6 3 13 11 1 9 8 10 0 0 15 14 4 0 7 
0 0 0 0 3 14 0 16 5 0 0 0 0 0 0 11 
8 0 9 14 0 15 0 0 0 0 1 0 0 0 10 2 
3 14 0 6 8 16 13 1 15 0 0 2 0 9 11 0 
0 16 0 0 0 4 0 0 0 12 0 0 0 1 13 6 
12 0 0 0 10 0 0 2 0 0 16 0 3 8 0 14 
2 0 0 0 0 0 12 0 6 0 4 1 15 10 0 0 
