0 10 11 0 0 0 6 9 0 0 15 0 7 16 5 0 
0 0 0 0 12 0 5 7 0 0 0 8 3 2 0 10 
13 1 7 2 8 0 11 4 16 12 10 5 0 0 9 0 
5 0 0 0 0 0 0 13 9 0 0 6 1 0 0 8 
0 0 6 10 9 0 0 0 0 0 0 12 0 14 16 15 
0 15 0 0 0 12 16 0 0 6 9 2 8 0 10 7 
7 0 5 0 0 0 1 0 15 10 0 4 0 3 0 0 
0 0 0 0 0 13 0 0 0 3 0 14 0 12 6 0 
16 0 0 0 13 7 0 0 0 0 0 11 0 9 15 2 
8 5 0 0 3 0 0 1 2 0 0 15 12 6 0 0 
0 6 2 7 0 9 0 11 12 5 14 10 0 8 1 3 
15 0 0 0 0 0 0 0 7 0 13 0 0 10 14 0 
0 11 0 6 0 5 8 10 14 4 0 13 9 7 0 16 
10 7 16 5 11 0 0 14 0 0 2 9 15 13 0 0 
0 0 0 0 0 0 0 0 0 0 0 0 10 0 4 0 
0 0 15 0 0 1 9 16 10 11 0 7 14 5 0 12 
