0 0 0 0 18 0 0 7 14 2 0 24 3 4 0 11 0 9 17 20 13 0 5 10 0 
3 14 0 0 0 0 4 0 9 1 0 0 0 20 0 0 0 15 12 23 0 0 0 0 21 
0 8 23 9 10 0 18 0 0 0 22 0 17 16 21 0 0 0 4 0 25 0 0 1 2 
11 7 5 0 0 0 22 20 0 10 0 0 8 0 6 0 0 3 0 18 19 14 12 0 0 
20 25 0 22 0 0 3 0 0 19 0 0 0 2 5 16 0 6 14 0 0 7 0 0 11 
5 0 0 18 9 0 19 0 11 20 7 22 2 6 1 12 17 0 0 0 0 25 0 4 3 
12 0 14 0 0 0 0 4 0 21 0 23 20 18 8 0 19 11 3 0 0 0 10 0 22 
7 11 0 8 25 2 23 16 22 9 0 3 0 0 10 0 4 18 15 13 0 0 6 0 19 
23 0 2 0 0 10 0 14 7 18 25 0 0 0 11 22 6 1 0 8 0 0 0 0 9 
1 0 22 13 0 8 0 0 25 3 4 0 0 17 0 10 0 7 5 0 0 11 23 0 0 
0 0 0 0 16 0 9 0 24 6 0 21 0 0 0 23 0 0 22 0 0 8 0 13 0 
0 24 21 0 1 0 13 25 18 0 0 2 23 0 12 0 15 0 20 3 0 0 0 11 5 
8 9 0 19 2 0 0 10 0 0 0 0 0 25 16 24 11 0 0 21 17 6 18 3 0 
4 0 0 0 3 7 21 17 0 14 24 8 6 15 20 0 0 0 0 0 10 22 1 2 0 
17 22 0 12 7 3 2 0 23 0 9 0 11 0 0 4 10 8 0 6 16 24 20 21 14 
10 0 13 15 0 0 14 11 6 0 0 0 25 24 0 21 16 0 23 19 0 0 0 9 0 
0 20 0 3 8 9 0 21 2 16 5 0 4 10 0 0 0 24 0 0 11 23 0 6 0 
0 23 6 25 11 18 7 15 0 24 19 16 0 0 17 14 3 2 8 1 0 10 0 5 4 
24 2 0 0 22 4 0 0 0 0 0 6 0 0 0 17 0 10 13 9 15 0 16 20 18 
0 1 4 0 0 23 0 0 13 0 2 9 22 8 15 0 0 0 0 0 0 12 14 0 0 
22 0 8 11 0 14 15 18 1 13 6 17 0 0 2 3 9 0 0 5 23 4 19 0 0 
0 0 3 0 23 19 0 0 0 0 0 10 0 13 25 1 20 17 0 14 6 2 0 0 7 
15 0 7 17 13 24 11 8 5 23 1 0 0 0 22 2 25 19 18 4 0 0 21 16 10 
0 0 16 0 14 20 6 0 10 25 0 4 0 23 0 8 0 22 7 0 12 0 0 0 0 
0 0 0 1 0 0 17 0 0 0 18 11 0 19 0 6 23 0 0 12 8 0 0 0 13 
