24 0 0 11 16 0 0 0 6 12 19 0 0 5 0 9 0 0 1 0 7 0 0 2 10 
19 23 0 18 20 21 24 0 4 17 8 7 2 0 0 12 0 6 0 16 1 3 0 0 5 
6 0 8 4 12 19 13 7 0 5 24 10 9 20 1 0 22 25 23 2 15 21 18 17 16 
21 9 17 7 0 0 0 0 0 0 11 16 12 0 0 18 0 5 4 15 0 19 13 14 20 
13 0 0 2 15 11 0 0 0 0 4 17 18 0 6 0 0 0 0 8 0 0 0 23 12 
23 0 0 0 0 22 20 0 9 0 0 0 11 12 24 16 3 13 14 0 2 0 5 1 0 
20 18 22 14 3 17 1 24 21 19 6 0 0 4 0 0 5 0 7 23 0 0 0 13 0 
0 4 5 21 0 0 15 0 0 6 0 0 0 9 10 0 0 0 18 17 3 16 24 7 0 
0 0 16 0 24 0 0 11 7 25 20 0 0 3 5 0 8 0 9 0 23 0 0 15 0 
9 0 2 0 13 16 12 0 0 14 0 8 0 0 0 4 0 22 0 11 0 0 19 0 21 
16 21 3 0 0 24 6 0 0 9 0 1 8 0 19 0 0 23 11 0 0 7 14 10 15 
4 17 0 22 14 12 18 21 0 7 16 15 6 0 23 24 20 10 0 0 0 11 0 0 19 
0 0 13 24 0 0 23 0 10 16 0 20 0 0 0 0 7 0 6 0 9 0 4 12 3 
7 10 20 0 0 5 0 17 0 4 0 3 24 0 0 15 0 0 22 19 13 0 16 6 0 
0 0 12 0 19 15 3 0 1 2 10 0 0 0 14 13 9 0 17 0 21 0 0 0 0 
0 11 24 17 0 0 0 23 0 13 1 5 4 0 2 0 21 12 20 9 22 0 15 0 6 
5 0 0 8 25 0 0 0 3 11 23 12 0 17 0 22 0 0 10 13 0 0 2 16 24 
14 0 0 12 0 0 0 22 0 0 9 6 0 18 16 0 23 11 25 3 0 5 0 0 0 
22 0 0 0 23 20 0 0 0 18 0 11 25 8 0 17 0 4 5 24 10 0 0 3 7 
0 0 0 20 0 0 5 0 0 8 0 22 3 0 0 0 19 1 16 14 11 23 0 0 0 
0 24 11 13 5 0 10 0 2 0 0 0 20 22 0 0 25 0 8 0 0 0 12 0 0 
0 0 0 0 4 13 0 0 24 20 18 0 7 6 11 0 16 0 0 0 0 15 0 5 0 
0 20 21 15 0 0 11 0 17 0 0 0 1 16 4 0 13 0 0 0 19 0 0 0 0 
17 16 19 0 7 0 0 1 0 15 21 0 0 10 12 23 0 20 2 0 4 13 6 0 8 
0 22 14 0 2 6 0 16 12 21 0 0 17 23 0 1 4 24 15 0 0 20 3 11 0 
