0 0 0 0 0 4 7 0 0 0 0 0 0 0 13 0 
0 3 0 0 0 12 0 0 0 4 10 13 0 0 0 0 
13 4 0 0 6 0 0 0 5 0 2 8 0 0 16 12 
0 0 0 0 0 2 0 5 0 6 0 0 4 3 8 15 
0 0 0 0 0 7 0 0 0 0 0 0 13 4 0 3 
0 1 8 0 0 15 6 0 9 5 0 7 16 0 0 11 
0 14 0 0 4 5 13 1 2 0 6 0 0 0 9 8 
2 0 7 4 0 16 12 0 0 3 8 10 0 6 0 0 
3 10 4 0 0 8 14 7 0 0 0 0 0 2 0 9 
0 13 0 9 0 0 0 0 0 8 0 2 7 14 0 0 
8 7 0 14 0 0 0 6 0 9 5 0 12 13 0 0 
11 0 12 5 0 13 9 2 0 7 14 0 3 0 4 6 
5 11 0 0 2 6 0 4 12 0 0 9 14 0 1 7 
7 2 0 12 8 9 0 0 1 0 0 6 11 5 0 0 
6 16 1 15 3 11 5 13 8 0 7 0 0 0 0 0 
0 0 14 0 7 0 15 12 3 2 11 0 8 16 0 13 
