0 0 1 2 16 0 0 0 0 4 9 10 0 6 0 0 
3 0 12 0 13 11 0 5 0 0 0 0 0 0 0 14 
0 0 13 5 4 0 9 0 0 0 16 0 3 0 2 0 
4 0 0 15 0 0 0 0 0 0 0 0 11 0 12 0 
0 0 15 0 7 0 0 0 3 0 2 0 0 12 14 0 
0 11 0 0 0 5 2 0 1 16 0 7 4 0 3 0 
0 0 9 12 8 0 14 0 0 13 0 15 0 0 10 11 
0 4 0 0 9 1 0 11 8 0 12 0 15 0 5 0 
15 9 5 4 1 0 11 8 0 10 0 0 2 14 13 12 
16 3 2 11 0 0 15 12 0 0 0 0 9 10 4 7 
0 8 0 7 0 0 4 13 0 0 0 5 6 1 0 3 
13 0 0 6 14 7 0 0 2 15 4 12 8 0 0 5 
0 0 0 3 6 9 0 1 0 5 15 4 0 0 8 0 
9 0 0 0 0 13 0 0 0 2 0 1 0 3 6 10 
5 12 0 0 3 0 8 2 0 0 0 16 0 15 9 4 
6 0 16 0 0 12 0 4 0 3 8 0 5 0 0 13 
