0 0 0 0 0 3 16 2 7 0 0 0 15 8 0 10 
1 0 15 0 0 0 14 0 16 0 13 2 0 7 0 0 
0 0 6 0 0 7 11 0 0 0 8 0 0 0 0 0 
0 0 4 7 0 0 1 0 12 0 14 0 6 2 16 11 
6 13 0 1 0 8 0 0 9 0 0 14 0 11 4 0 
0 15 7 3 0 12 0 0 11 13 4 0 16 6 0 0 
2 0 0 14 0 4 0 0 0 0 15 8 7 9 10 3 
4 0 16 11 0 10 0 0 0 7 3 5 13 14 0 0 
0 1 12 0 0 0 6 7 13 0 0 4 14 16 0 9 
5 14 11 6 10 0 0 0 15 1 0 0 8 0 7 0 
0 16 0 0 8 1 5 0 0 0 0 7 10 12 6 13 
7 3 13 2 0 9 0 14 0 10 0 0 4 1 11 0 
9 7 0 12 0 0 0 0 0 0 0 0 0 0 0 0 
0 0 0 13 3 14 0 16 0 9 1 15 0 0 0 6 
14 5 0 15 0 13 10 6 3 0 2 12 0 0 0 0 
0 0 3 10 0 11 9 0 0 8 7 0 0 0 0 14 
