6 0 0 16 2 0 7 11 0 0 12 9 14 0 3 0 
0 3 15 7 0 4 1 0 2 0 0 11 0 0 0 0 
0 0 0 11 0 12 3 8 0 16 13 15 2 0 0 1 
14 0 4 2 0 5 9 13 7 0 0 0 16 0 0 11 
15 4 12 0 5 10 2 14 0 0 0 13 7 0 0 0 
0 7 16 14 1 0 0 0 0 0 0 0 0 0 6 0 
0 0 6 1 0 7 4 15 0 2 16 0 3 0 0 0 
0 0 0 0 0 0 12 3 9 14 0 0 1 2 0 4 
0 0 0 12 3 0 14 0 13 0 2 16 5 15 0 0 
0 15 14 0 4 0 13 0 0 7 0 10 8 0 0 0 
8 11 7 0 9 0 15 2 12 0 0 0 4 10 13 14 
0 2 0 4 7 0 0 10 15 0 0 14 0 1 0 6 
7 0 0 0 0 0 0 5 0 0 0 6 11 0 0 3 
0 5 0 0 15 14 6 0 3 0 7 8 0 0 2 9 
12 16 2 10 0 3 11 0 0 13 0 0 6 0 14 0 
1 0 3 0 0 0 10 0 0 0 14 2 13 0 0 0 
