4 0 0 0 0 0 0 0 0 2 0 0 14 3 0 0 
12 8 13 7 0 16 0 14 0 9 1 3 4 10 0 6 
0 0 0 0 0 0 8 0 16 4 0 14 13 15 0 11 
15 0 2 0 0 0 13 3 8 0 5 0 16 9 7 1 
7 0 4 6 0 0 16 15 14 5 0 0 3 2 0 13 
13 0 3 0 7 1 0 4 0 0 0 10 15 5 0 0 
0 0 15 0 12 5 0 2 0 0 0 0 0 0 0 0 
0 5 10 16 3 0 6 11 12 0 0 15 0 0 14 0 
0 0 0 8 15 0 10 1 2 0 4 12 5 13 6 0 
0 4 12 15 13 14 0 5 0 0 0 16 0 0 9 0 
0 0 0 0 0 0 0 8 7 3 15 1 12 0 4 0 
0 0 7 0 0 4 0 0 9 13 0 5 11 0 0 15 
0 0 0 2 1 0 4 12 3 15 13 0 0 0 5 0 
0 0 0 0 2 6 0 0 1 10 0 8 0 4 0 3 
0 0 8 0 14 0 0 13 0 16 0 0 6 0 0 9 
10 1 0 4 8 15 3 9 0 0 6 0 0 0 13 0 
