0 0 14 11 0 6 0 7 0 0 0 0 1 0 0 15 0 0 22 0 2 0 5 0 0 
0 0 0 0 5 0 0 0 0 14 0 2 0 19 0 0 12 11 18 10 1 0 6 24 0 
0 0 0 21 17 0 10 18 0 9 6 13 0 0 0 19 20 8 1 7 16 23 25 12 0 
12 10 0 0 6 24 0 11 0 0 0 0 18 0 9 4 13 0 16 0 0 21 19 0 0 
4 23 0 19 1 5 16 0 13 0 0 15 0 22 0 14 0 24 6 0 7 0 0 18 0 
0 18 6 0 23 11 0 12 16 0 3 0 0 24 25 0 22 7 5 0 0 0 4 8 9 
0 22 4 0 14 0 0 9 15 0 0 11 5 13 0 0 0 19 0 0 0 2 0 0 12 
5 25 21 24 12 20 13 0 6 3 0 16 7 0 1 8 10 4 14 15 22 18 17 11 23 
0 2 0 0 7 0 1 0 0 10 22 17 15 6 0 0 18 0 0 0 5 25 0 16 19 
1 0 11 15 0 18 8 17 5 22 0 10 0 0 0 0 0 0 0 6 13 7 20 0 0 
8 1 9 0 0 19 0 0 0 11 0 0 0 20 0 0 0 0 23 0 0 24 0 21 0 
10 0 0 23 0 0 9 0 18 0 0 19 2 25 0 0 0 14 0 0 8 6 0 0 3 
6 0 5 0 15 0 0 0 0 4 0 1 14 0 21 18 0 3 10 9 17 0 22 23 16 
0 17 16 14 0 8 22 0 0 21 15 24 0 23 0 0 19 5 2 0 0 11 18 10 25 
3 11 12 0 20 0 0 0 0 6 18 0 0 16 8 0 25 0 13 24 0 4 0 0 5 
0 4 18 0 13 0 0 0 22 5 24 0 21 14 0 0 0 12 11 16 25 0 8 0 17 
0 14 0 0 21 0 11 0 20 16 19 3 0 15 7 0 0 18 0 0 0 0 24 0 0 
16 7 17 5 0 21 2 4 24 0 25 0 0 0 0 0 14 0 3 8 11 0 0 13 0 
11 8 24 3 2 0 0 25 9 15 0 5 0 17 16 13 23 22 21 20 0 0 0 7 0 
0 0 23 1 9 7 18 14 3 17 0 0 0 12 13 5 0 0 19 0 0 16 15 0 21 
0 3 2 18 10 0 7 21 17 25 0 6 0 0 0 0 4 20 9 22 15 19 23 5 0 
14 5 19 16 22 23 0 0 11 24 10 0 0 0 0 3 0 13 0 18 0 0 0 0 0 
17 0 15 4 11 0 3 22 2 13 23 18 0 1 5 10 0 0 8 0 24 20 0 25 7 
23 0 20 0 0 9 12 0 0 18 17 22 16 4 0 2 5 0 0 0 21 14 11 0 6 
21 0 0 0 0 0 4 5 19 0 0 0 13 3 0 11 15 25 12 0 0 22 0 17 0 
