21 12 20 0 4 0 15 0 0 0 19 14 18 8 0 0 17 10 1 16 0 0 0 0 3 
23 0 0 0 0 0 14 0 24 0 0 0 3 0 22 25 15 13 5 9 0 0 0 21 12 
17 0 24 15 0 19 12 18 0 3 0 1 0 0 25 0 0 7 0 6 0 0 0 0 0 
0 0 0 0 5 20 17 0 25 0 2 7 23 12 11 0 8 0 0 0 6 18 19 14 15 
0 0 8 0 0 11 21 5 2 10 0 13 0 9 15 0 19 0 12 0 24 0 0 23 25 
4 24 0 1 0 8 16 0 3 0 9 6 0 0 12 13 0 0 17 0 2 0 25 22 23 
0 0 21 14 0 4 22 0 7 25 3 18 19 0 0 0 0 23 0 0 0 0 10 9 0 
0 0 25 0 15 0 0 6 1 20 0 22 2 0 5 10 4 8 9 0 0 0 14 0 13 
20 10 0 0 19 0 0 0 11 12 0 0 8 1 0 2 0 3 22 0 15 4 0 24 18 
12 0 0 22 0 0 2 0 0 23 4 11 0 0 21 16 25 0 14 0 17 0 20 3 0 
5 0 7 0 0 0 0 0 23 19 18 0 1 0 13 21 22 0 16 3 25 9 17 20 0 
1 0 19 21 2 0 18 3 0 4 12 5 0 0 7 0 0 14 0 13 0 0 8 11 24 
0 16 0 17 10 25 13 0 8 14 22 0 15 3 19 0 2 0 7 24 12 23 0 0 0 
14 0 0 0 13 15 11 20 12 24 0 17 21 16 10 18 6 0 8 1 0 3 7 4 2 
24 3 4 0 23 22 1 16 0 7 20 8 9 14 2 0 0 17 0 0 13 15 21 0 6 
15 0 23 0 0 0 0 0 0 0 0 2 12 0 17 4 5 0 25 0 0 14 0 6 7 
7 5 17 6 0 12 8 10 0 0 0 0 11 0 18 0 0 1 21 22 23 16 2 0 0 
8 1 0 4 16 5 20 7 0 2 0 3 22 25 14 0 9 6 18 11 21 24 0 19 0 
0 0 9 0 0 0 23 0 0 0 0 0 0 20 0 0 0 0 15 19 22 8 12 13 0 
19 21 2 24 22 0 0 1 4 15 7 9 6 0 16 0 20 0 13 0 0 11 0 5 0 
0 7 13 0 0 0 0 12 21 0 0 0 0 0 0 6 16 0 20 0 10 0 22 17 0 
11 0 0 20 0 0 9 23 0 0 0 10 16 0 0 5 1 0 0 0 0 0 0 0 19 
0 0 0 12 18 0 7 8 14 16 0 19 0 22 0 9 0 25 11 23 20 6 0 15 0 
16 0 3 23 24 0 0 0 15 17 0 0 0 7 0 19 12 22 10 21 0 0 0 0 0 
0 2 0 0 17 0 10 19 0 0 25 12 0 0 0 0 7 18 4 14 0 13 0 16 0 
