17 15 18 16 0 0 2 6 19 9 0 0 8 0 0 0 23 0 10 22 7 14 12 0 0 
9 0 0 8 10 11 22 0 0 0 0 15 23 4 0 0 0 24 0 7 0 20 3 0 0 
24 0 0 4 0 23 0 20 0 14 0 13 0 21 0 8 0 11 0 0 15 0 0 16 2 
0 13 0 2 0 10 0 4 16 7 0 3 24 12 0 18 0 0 0 14 8 0 0 0 0 
0 0 7 0 0 0 0 0 0 5 0 22 2 1 16 3 6 17 0 25 23 0 4 18 10 
20 10 2 0 15 0 0 0 6 0 24 5 7 0 0 1 0 21 0 18 11 0 9 17 0 
0 0 0 0 0 12 20 0 0 24 21 16 0 0 22 17 10 0 11 0 0 5 2 0 1 
0 18 4 0 24 0 0 0 0 21 0 0 3 0 0 19 22 12 0 5 25 0 0 8 6 
0 0 5 0 22 25 7 0 0 4 10 0 6 8 1 0 0 0 0 0 24 16 13 23 0 
1 0 0 9 0 0 3 0 0 10 12 17 4 0 0 24 0 13 0 23 18 21 14 20 0 
0 2 1 0 0 0 0 0 14 0 15 0 0 0 9 0 0 6 23 0 22 4 0 0 12 
0 0 9 22 4 0 0 12 20 0 3 6 11 25 2 0 24 7 0 8 17 15 19 14 0 
6 14 0 0 0 4 23 5 2 0 0 10 0 7 21 0 0 25 19 0 0 0 0 0 9 
0 24 8 21 23 0 9 7 13 15 17 0 12 0 19 14 0 0 4 3 10 0 0 0 11 
0 19 11 15 17 24 25 0 3 0 23 0 0 14 4 16 12 9 18 0 0 2 8 21 7 
0 0 0 7 0 14 0 25 0 2 0 19 0 15 0 11 0 23 5 17 4 6 0 12 13 
14 9 13 0 0 17 0 24 0 3 0 0 0 18 0 15 4 0 0 19 5 7 0 0 0 
0 21 0 5 18 0 0 10 7 0 0 2 17 9 24 0 13 0 22 0 14 3 0 25 0 
0 20 10 1 0 13 6 0 15 0 0 0 14 0 0 0 7 3 0 0 0 0 0 9 0 
0 23 0 0 25 20 0 18 5 12 6 0 0 3 0 9 0 8 1 21 0 19 24 10 0 
0 6 20 18 0 0 12 0 0 0 0 0 0 0 14 23 5 0 0 4 9 13 0 2 0 
22 0 14 0 9 0 19 1 0 25 5 0 15 0 11 7 0 18 0 0 6 0 21 0 16 
13 0 0 23 0 0 24 0 0 20 2 21 25 0 3 0 1 14 6 11 0 22 5 19 18 
12 4 21 24 1 6 5 0 23 0 18 9 19 10 0 25 0 22 17 0 20 0 11 15 14 
2 0 15 0 0 18 14 11 10 22 13 0 0 6 23 0 8 20 9 12 1 17 0 24 0 
