25 8 0 1 0 0 0 3 0 2 0 7 0 0 13 5 15 0 19 0 0 23 17 20 0 
4 9 17 20 21 13 10 0 24 12 6 0 14 23 0 0 7 16 0 0 18 0 0 3 0 
0 0 0 15 0 0 1 25 6 21 2 8 9 0 0 24 3 23 0 13 0 16 0 14 0 
0 22 23 0 0 16 9 19 0 15 4 0 5 10 1 2 20 21 0 11 0 0 13 6 0 
0 11 13 0 0 0 7 8 14 23 24 3 0 0 20 0 0 10 4 0 19 25 21 0 22 
16 0 24 19 7 0 0 0 23 0 0 9 17 0 21 15 12 4 0 0 8 0 1 13 11 
0 0 0 23 14 0 18 15 0 0 25 0 4 0 0 17 10 6 0 0 0 21 0 9 2 
17 0 1 0 2 0 8 20 0 0 7 10 12 6 0 18 0 0 16 21 0 15 25 24 23 
0 4 11 0 0 25 21 22 1 0 0 0 13 0 15 0 24 0 2 0 20 0 18 0 6 
0 0 6 21 0 12 0 0 0 17 23 0 19 0 22 0 0 1 13 20 0 5 7 10 3 
12 14 0 0 0 22 0 7 0 0 0 0 8 0 0 20 23 0 0 0 0 3 0 0 0 
0 24 15 0 4 0 0 5 0 6 0 0 7 21 0 0 2 0 9 0 1 18 0 11 0 
1 16 9 6 0 14 0 0 10 0 15 0 0 3 2 0 5 24 7 4 21 0 0 0 0 
20 5 18 0 11 17 0 0 25 1 14 4 6 13 23 0 0 15 8 0 24 0 0 7 0 
8 10 21 7 23 0 0 0 18 0 0 16 0 0 5 1 0 13 12 0 0 0 15 0 4 
0 0 0 10 0 24 14 16 22 0 0 21 0 0 25 0 4 0 3 17 7 0 8 0 18 
19 15 0 8 9 21 17 6 0 0 0 2 1 18 0 0 0 0 0 24 13 11 0 4 14 
11 7 0 0 24 0 0 0 0 4 0 14 10 9 0 0 0 18 0 0 2 0 20 0 0 
21 0 14 4 5 10 0 18 0 0 8 0 0 19 6 9 13 0 0 0 17 0 0 12 0 
18 0 0 0 0 8 11 23 12 19 0 20 0 7 4 0 14 2 1 0 3 10 0 0 0 
9 20 4 0 1 2 25 0 13 22 17 6 21 0 7 0 0 0 10 5 0 24 14 0 0 
5 2 0 0 0 11 6 0 21 0 9 0 20 0 8 0 17 22 15 0 0 0 3 0 0 
24 17 8 3 13 0 0 9 0 18 10 22 23 11 0 0 19 25 6 12 0 4 2 0 0 
23 21 0 14 16 3 0 0 0 8 0 13 25 0 0 11 0 20 24 2 10 1 0 0 0 
6 19 22 0 0 7 23 4 0 10 0 24 2 0 3 0 0 9 14 1 0 0 0 8 0 
