6 12 10 9 5 0 0 0 14 13 0 0 8 2 1 0 
1 0 0 0 10 13 2 0 4 8 0 0 7 5 0 9 
8 14 0 0 0 3 0 1 11 9 5 0 0 0 6 10 
5 3 13 4 7 0 9 0 0 12 0 0 0 0 16 0 
10 0 14 3 9 2 6 0 5 11 0 8 12 0 15 0 
0 0 0 0 0 0 0 0 0 0 10 14 5 0 0 0 
0 15 8 0 11 1 0 0 13 2 0 4 3 7 0 6 
4 0 12 6 0 5 14 0 0 0 0 0 11 0 0 0 
12 0 2 0 14 11 0 0 0 0 0 6 0 0 0 0 
14 4 15 8 0 7 0 0 9 0 0 0 1 6 0 0 
0 6 0 16 0 0 0 2 10 7 1 13 0 0 0 5 
0 0 0 0 1 6 8 0 0 0 0 11 16 10 4 0 
0 0 0 0 0 14 11 4 12 0 13 5 2 0 7 16 
0 0 0 0 15 0 3 0 0 0 11 0 6 14 0 8 
0 7 3 0 6 0 1 0 0 16 0 2 0 0 0 15 
0 8 0 0 2 0 7 5 3 14 0 9 4 12 11 0 
