0 0 10 11 0 0 0 0 0 0 0 0 0 2 7 15 
6 0 0 1 13 11 2 0 7 0 0 0 10 3 16 0 
0 0 2 5 12 16 0 0 0 0 14 3 0 0 8 0 
15 0 0 7 0 0 0 0 4 0 2 0 13 5 11 9 
11 15 0 0 16 13 4 0 5 6 10 0 8 7 0 0 
0 0 13 8 6 0 10 14 2 0 0 7 5 0 15 0 
2 0 0 0 0 7 0 15 0 11 0 13 4 16 10 12 
10 0 7 16 0 9 5 8 0 0 0 12 14 0 0 13 
0 0 6 4 0 0 0 11 3 8 0 2 15 0 0 0 
12 0 8 15 0 0 0 3 0 14 0 5 0 10 0 7 
3 0 0 0 5 0 0 10 0 15 12 9 2 0 4 16 
0 5 9 0 7 15 12 0 0 0 0 4 6 0 3 0 
0 0 0 10 0 5 0 13 12 3 1 0 0 0 6 0 
0 11 16 0 8 0 0 0 14 4 0 0 3 15 0 2 
0 13 0 0 0 0 16 0 9 0 0 11 0 0 14 4 
9 8 0 0 0 0 0 0 0 0 13 0 16 12 5 10 
