0 9 0 0 0 0 14 7 8 3 15 2 0 0 0 12 
0 0 16 0 12 5 0 3 0 10 13 0 0 0 2 1 
2 0 8 0 0 11 0 0 0 0 0 7 3 0 0 13 
13 12 0 3 0 8 0 2 1 9 5 0 0 0 16 14 
0 3 9 1 0 6 13 5 12 15 10 0 0 0 4 11 
8 0 2 0 0 0 11 0 0 6 0 0 16 7 12 15 
15 11 14 12 0 0 7 4 0 0 3 0 13 9 6 0 
16 6 10 0 0 9 0 12 0 14 0 0 0 0 5 0 
3 7 13 0 2 10 0 0 0 0 0 15 4 0 0 9 
0 0 4 9 0 0 0 6 0 0 12 13 0 0 0 0 
0 2 11 0 3 0 9 0 0 0 0 0 6 12 0 16 
12 10 1 0 0 0 8 0 0 7 0 0 15 14 0 0 
4 16 0 14 13 0 1 0 0 0 0 0 0 0 0 6 
10 0 5 0 0 0 4 0 9 0 2 14 0 0 0 7 
6 13 0 11 0 0 0 9 15 4 7 5 1 0 14 0 
9 8 7 2 0 0 5 16 0 0 1 0 0 0 0 4 
