0 7 0 1 0 17 0 18 0 0 21 22 14 0 10 6 5 19 0 11 15 0 0 8 0 
25 22 16 11 3 20 19 1 0 0 7 0 9 6 2 0 15 12 0 0 0 14 0 21 24 
0 0 0 0 0 0 0 0 7 0 0 17 18 19 24 0 4 9 0 0 0 11 3 1 0 
0 0 19 24 0 0 21 23 9 0 0 1 13 25 0 0 0 0 0 0 20 18 0 5 0 
0 4 0 18 10 3 22 5 6 0 11 0 8 0 16 21 7 24 0 0 2 25 0 9 13 
0 0 0 0 25 12 0 0 0 4 0 0 20 0 3 18 16 1 5 0 0 0 11 0 9 
0 0 5 0 17 6 16 0 18 0 0 0 0 0 25 9 21 3 13 15 7 0 0 23 20 
14 23 0 19 20 25 10 17 3 9 0 0 0 0 0 8 0 7 0 4 16 0 24 0 0 
0 9 0 6 0 1 15 0 5 0 10 0 0 17 0 24 0 25 23 0 18 21 0 3 12 
0 0 0 0 0 0 23 0 19 2 0 0 0 9 4 0 6 22 0 14 0 17 0 25 15 
0 1 0 10 14 23 11 22 8 3 19 18 0 24 0 17 0 16 0 0 0 0 12 7 21 
9 18 0 0 13 19 0 0 0 25 0 23 0 4 0 7 0 0 0 0 5 6 0 22 1 
23 20 8 16 22 0 18 2 17 0 12 0 25 21 0 0 3 0 4 6 0 13 9 11 0 
24 5 7 0 19 10 9 0 0 6 16 20 0 22 8 0 11 0 2 0 0 23 14 4 0 
11 3 6 0 12 14 0 4 13 7 0 0 0 0 0 0 0 23 19 25 24 0 18 16 0 
0 19 0 20 4 0 0 6 0 18 0 24 7 2 0 10 25 5 14 12 0 0 22 15 0 
0 0 10 0 24 22 2 0 0 0 0 25 17 8 0 0 0 0 21 7 6 0 0 14 0 
0 14 25 0 0 7 17 3 0 21 0 13 4 0 0 11 8 6 0 16 9 0 23 19 2 
0 0 0 9 1 0 0 10 0 15 22 11 0 0 6 19 0 0 0 0 0 7 0 18 0 
3 0 0 0 7 0 14 0 25 5 15 19 10 16 21 0 0 18 22 0 4 24 20 12 11 
0 24 21 14 0 18 0 0 1 23 25 4 0 7 22 0 17 2 0 9 0 3 0 20 6 
0 11 0 0 0 0 0 15 0 0 0 3 16 0 0 23 0 8 12 21 0 4 0 0 0 
0 25 22 4 2 0 8 0 11 19 20 6 0 13 0 0 24 10 0 0 0 0 0 17 18 
0 0 0 3 16 0 6 0 0 0 8 10 24 12 0 25 0 4 7 19 0 22 0 13 5 
12 10 0 15 0 0 3 0 22 17 0 0 21 5 1 0 0 0 0 20 19 16 7 24 23 
