0 15 9 0 5 16 0 0 0 0 3 0 12 0 2 0 
1 4 6 5 0 2 3 14 11 15 12 0 10 0 13 16 
14 0 8 0 11 0 0 0 0 0 9 0 5 1 0 3 
0 0 3 7 10 0 4 1 0 2 0 0 9 11 0 14 
0 0 0 0 0 0 0 0 0 0 0 2 0 0 0 12 
0 0 0 0 13 15 8 4 0 0 7 0 14 0 0 5 
0 10 5 6 0 3 0 0 4 0 0 0 15 9 11 0 
2 14 16 8 12 0 0 9 0 11 0 0 7 0 4 0 
15 6 12 0 0 0 0 3 2 4 0 0 0 13 5 0 
0 9 0 0 0 5 16 8 3 0 11 1 0 0 0 2 
5 0 14 3 0 0 9 11 0 13 0 6 4 0 0 0 
11 2 1 16 0 0 13 0 0 5 14 0 0 12 9 0 
0 3 0 0 8 0 0 0 0 6 0 10 0 14 0 7 
8 0 0 14 0 10 0 0 0 0 0 0 11 0 0 0 
0 11 15 12 4 0 2 16 0 7 1 0 0 5 8 10 
6 0 10 0 3 7 14 13 0 8 4 0 2 0 0 9 
