2 10 0 0 0 0 15 0 0 0 0 0 0 16 0 0 
0 0 15 0 16 0 2 8 0 6 0 0 11 0 0 5 
16 1 0 0 3 0 11 0 0 2 0 0 0 9 0 0 
0 0 8 4 9 7 0 5 12 0 0 0 13 14 0 0 
5 0 7 0 10 0 6 0 0 12 11 0 16 0 1 0 
0 0 0 16 11 0 5 12 1 0 8 0 15 0 0 3 
10 0 0 3 0 13 0 0 9 0 0 0 5 0 6 8 
6 15 2 12 1 8 0 3 0 16 14 0 0 0 0 0 
0 0 0 2 4 6 0 11 16 9 10 7 14 0 12 15 
14 9 3 6 0 0 12 0 11 4 0 0 0 0 2 0 
4 0 16 1 2 0 0 10 15 0 6 8 3 5 0 0 
0 0 0 11 0 16 8 0 0 0 0 2 4 0 9 0 
0 2 14 0 8 0 10 1 4 0 0 0 0 0 0 12 
3 0 0 7 12 0 14 0 0 8 0 0 9 0 11 4 
0 0 11 10 0 4 0 13 0 3 9 0 0 15 5 0 
0 0 4 0 0 11 9 2 6 13 16 12 8 3 14 0 
