0 0 0 0 2 0 0 0 0 0 0 0 0 15 3 1 
0 0 0 0 0 16 8 12 0 0 0 0 10 13 0 6 
11 2 0 1 0 0 9 13 0 0 15 4 0 16 0 0 
13 0 16 0 0 0 15 0 9 8 10 1 2 0 0 11 
5 0 0 2 0 4 0 0 0 6 0 9 0 0 7 10 
3 0 0 10 7 0 0 0 16 0 0 5 0 9 15 0 
0 0 8 7 0 13 16 0 10 11 4 15 0 2 0 3 
16 9 0 4 15 0 5 1 0 0 2 0 6 0 13 14 
0 14 3 0 11 0 7 2 15 0 0 13 0 10 12 0 
0 10 0 11 5 15 0 16 0 4 6 0 0 3 0 0 
0 0 0 5 0 1 3 0 0 7 0 10 0 6 0 0 
0 1 13 0 0 0 14 0 11 0 3 8 15 0 0 16 
10 8 5 0 12 0 6 0 4 13 0 0 3 14 1 2 
0 0 1 12 13 0 0 0 0 10 5 0 0 4 16 9 
0 0 2 0 0 0 10 0 1 15 0 0 8 11 6 0 
0 0 6 0 16 0 0 4 8 0 12 11 0 5 0 15 
