14 0 3 4 0 20 25 0 16 22 9 8 12 0 0 0 0 0 18 11 0 2 0 23 0 
0 0 0 0 16 4 15 0 13 21 6 17 19 24 7 25 0 23 12 14 18 9 22 10 0 
0 0 0 18 20 7 0 9 0 6 0 0 4 1 25 5 21 16 15 10 0 0 3 12 14 
0 0 0 0 0 1 8 18 0 17 14 11 3 5 0 0 0 24 4 6 21 0 0 7 15 
0 0 0 0 15 14 11 0 0 24 18 0 21 0 0 22 9 3 17 8 5 0 13 6 0 
0 7 20 0 13 0 0 0 0 0 1 16 10 23 0 21 0 6 0 0 0 0 0 4 8 
9 0 0 1 0 0 0 2 0 0 19 6 0 0 15 4 0 8 16 7 0 0 11 14 23 
0 8 19 0 0 0 0 0 17 18 20 12 25 21 24 0 1 11 23 0 6 22 0 9 0 
5 12 21 6 25 24 13 0 7 23 11 18 0 14 4 0 22 0 0 9 1 15 2 0 0 
0 23 0 0 11 0 0 1 4 0 7 3 2 0 0 0 18 14 5 0 13 21 24 19 12 
0 14 12 8 2 6 22 0 1 0 15 24 0 11 5 0 19 0 21 0 0 10 0 0 3 
0 15 25 16 0 2 0 0 0 9 17 0 14 0 13 6 11 22 0 0 12 8 0 0 0 
0 0 23 0 1 0 0 21 0 0 2 25 16 0 0 14 0 15 0 24 7 5 0 0 22 
17 0 0 0 0 5 14 25 3 0 4 10 0 9 0 16 7 20 0 12 0 0 23 0 0 
0 19 24 7 0 23 18 4 15 8 0 0 6 0 0 0 0 2 25 0 0 0 14 16 17 
0 0 2 0 0 18 0 0 21 15 0 13 9 0 1 7 8 0 19 0 14 12 0 0 0 
25 0 4 24 0 0 16 0 19 1 0 0 0 0 0 0 0 0 14 23 22 0 21 0 0 
7 16 5 12 23 11 17 22 14 13 3 19 0 6 0 0 15 0 0 0 10 0 0 8 9 
1 18 8 0 3 25 7 20 5 4 12 0 0 0 0 11 17 9 6 21 19 23 16 0 24 
0 0 0 13 0 0 2 0 8 0 0 0 0 0 16 24 5 0 0 22 0 0 18 0 25 
18 3 0 0 0 22 0 0 6 0 0 0 23 8 0 0 14 0 0 0 16 19 0 24 4 
11 4 0 20 7 0 0 0 25 0 0 1 0 12 19 0 16 0 22 18 23 0 8 21 2 
0 10 15 21 0 0 3 0 0 11 16 4 20 0 0 8 0 13 0 25 9 6 1 5 0 
12 0 0 0 0 16 0 8 0 5 0 21 0 3 0 10 0 19 9 4 0 0 0 11 13 
24 0 16 19 0 0 0 15 23 0 25 0 0 0 18 17 0 0 11 0 0 0 0 22 0 
