11 23 3 2 1 7 21 25 5 0 22 0 8 0 0 10 0 0 0 0 0 20 0 16 0 
8 14 20 7 10 15 0 0 0 16 5 4 1 24 0 23 22 25 17 0 21 0 6 2 13 
22 25 18 5 17 0 0 13 10 0 7 0 0 16 0 0 6 0 21 11 0 23 0 9 4 
0 15 0 12 0 2 0 0 19 6 0 0 14 0 3 18 16 0 20 0 0 22 25 17 1 
0 19 0 0 4 0 9 0 0 0 18 23 0 21 0 14 0 8 0 0 12 0 0 0 11 
7 12 0 23 0 8 19 22 16 24 0 5 0 10 20 21 0 0 11 13 25 4 9 15 0 
0 0 4 24 0 0 25 6 0 0 9 0 0 0 7 15 0 14 16 0 1 0 2 13 0 
25 17 0 0 0 0 11 20 0 1 0 0 0 13 4 22 3 5 8 0 18 0 0 19 7 
1 0 0 0 0 10 2 0 0 15 0 0 11 18 0 6 25 0 0 23 0 21 5 22 20 
2 0 0 0 3 17 13 0 4 18 0 15 6 25 0 9 0 0 0 1 0 0 0 24 12 
0 2 13 3 0 4 0 0 18 0 6 0 21 20 0 8 17 0 0 0 19 0 0 0 16 
0 24 0 0 16 19 0 2 7 5 14 11 9 23 22 3 21 0 12 0 4 0 13 0 15 
0 11 0 22 21 0 6 16 13 0 19 8 0 17 1 20 7 0 24 25 2 0 14 0 0 
0 0 1 25 0 0 0 0 17 0 2 3 0 0 18 13 0 23 0 0 8 0 0 6 9 
19 0 5 0 7 0 0 9 0 0 25 0 12 15 0 1 11 22 2 16 17 18 20 0 0 
5 0 0 0 2 0 24 10 0 0 3 17 18 9 16 4 15 0 25 21 0 0 0 0 22 
0 18 0 0 14 0 0 0 0 0 0 21 22 0 0 0 1 20 3 0 7 16 0 8 10 
3 16 0 10 20 22 0 0 15 7 4 25 0 8 0 2 19 13 23 9 14 0 12 0 17 
17 21 23 0 25 0 0 0 0 9 20 0 0 14 12 0 24 0 18 22 0 0 0 0 2 
6 0 7 0 0 16 23 3 0 20 0 0 13 2 0 0 8 0 14 0 9 5 19 25 18 
0 9 25 14 0 23 0 0 22 0 0 19 0 0 0 0 0 1 6 4 11 8 16 18 3 
23 0 12 19 13 0 0 1 0 17 0 9 0 0 0 25 14 0 10 0 0 0 15 0 0 
0 1 11 0 0 0 0 8 24 10 0 14 0 3 13 19 9 2 0 0 0 0 21 4 23 
16 22 0 17 0 20 14 0 2 11 0 18 0 0 5 0 0 0 13 0 0 9 1 12 0 
0 0 0 0 0 0 0 12 6 0 0 0 24 0 8 11 0 16 15 0 0 13 17 14 0 
