4 0 0 0 8 0 0 0 0 0 16 5 0 0 7 0 
0 0 16 11 1 12 0 6 10 9 2 4 0 14 0 0 
0 7 0 0 5 13 14 0 0 1 3 6 12 16 0 0 
0 3 0 0 0 0 16 10 12 0 0 15 0 0 5 13 
0 0 12 15 0 9 0 0 0 0 1 0 0 2 13 0 
0 6 0 13 2 15 0 0 0 0 0 0 7 10 16 0 
0 0 0 0 16 8 13 11 0 0 9 0 0 12 3 0 
0 2 5 16 4 0 3 7 0 6 0 0 9 8 0 0 
15 11 3 7 0 16 0 0 0 4 0 1 8 0 6 0 
0 0 13 10 0 6 0 1 0 8 12 0 0 3 2 0 
0 0 14 12 3 0 15 13 16 0 6 7 5 0 10 0 
0 0 1 2 0 5 0 8 0 13 0 0 0 11 0 0 
7 0 0 0 10 1 6 0 0 0 0 13 0 15 0 2 
0 15 0 0 13 0 0 3 6 16 8 2 10 0 0 1 
16 0 2 1 0 0 0 0 0 14 0 3 0 0 0 6 
12 10 0 8 15 2 11 16 1 0 0 0 0 4 14 3 
