8 0 0 24 21 0 5 0 0 0 23 0 0 16 10 0 0 0 25 12 7 0 0 11 0 
0 18 0 6 0 24 20 16 25 17 4 0 1 0 0 23 0 10 5 11 0 12 22 9 2 
2 1 0 0 12 0 0 8 0 0 5 0 11 18 25 9 6 0 0 0 24 0 0 10 0 
25 5 9 23 0 21 0 0 0 11 6 8 0 24 0 16 2 18 17 14 0 1 19 3 0 
0 0 14 20 10 0 13 9 0 0 15 0 2 19 7 0 0 0 0 21 0 25 17 18 0 
0 15 0 0 5 0 7 23 8 25 16 1 0 0 0 0 0 21 0 18 0 0 3 0 0 
0 0 23 0 0 11 16 20 15 14 7 0 5 0 0 25 8 3 0 24 6 18 1 21 0 
19 17 0 0 7 18 21 0 1 5 0 0 0 20 0 11 22 14 9 2 23 13 8 0 10 
10 20 25 0 14 2 0 24 0 0 0 0 0 22 23 19 0 1 4 0 9 0 15 0 11 
11 8 0 0 0 0 0 0 17 0 0 0 3 0 6 7 0 0 12 15 16 24 0 25 19 
13 23 8 25 0 0 24 17 0 1 19 10 14 2 12 22 0 6 11 4 18 15 16 0 0 
0 0 19 0 0 0 14 15 11 20 21 5 0 0 16 18 9 0 3 0 0 22 0 0 0 
0 22 20 0 0 25 0 5 7 0 0 4 24 17 1 13 0 0 0 23 0 0 0 6 12 
0 0 0 0 0 0 6 19 12 0 0 0 0 15 22 20 17 25 0 16 13 21 0 8 0 
18 24 0 0 4 0 2 22 0 8 9 0 6 0 13 12 0 7 14 1 19 0 25 17 0 
7 0 0 0 0 0 17 0 18 12 1 23 0 0 3 2 4 9 16 22 0 0 24 0 0 
6 14 17 15 16 3 0 0 9 0 22 0 20 0 4 21 0 24 13 0 25 8 10 2 1 
22 0 1 2 0 0 8 0 0 7 0 16 18 0 9 0 11 15 0 0 0 0 5 0 0 
0 25 18 4 0 14 0 1 13 15 0 0 19 8 2 3 0 0 23 0 0 0 0 7 9 
0 0 3 12 9 4 25 10 0 16 11 0 0 21 5 0 7 0 1 19 0 6 18 0 0 
0 16 4 0 0 8 0 13 3 0 24 19 22 6 0 0 25 0 2 0 1 9 12 15 0 
0 0 15 0 17 0 4 0 19 9 12 0 23 0 0 0 0 16 22 0 0 0 0 0 25 
3 10 13 0 25 0 0 14 5 24 0 7 9 0 8 1 0 0 0 0 0 11 0 16 23 
0 0 0 11 22 0 0 0 20 0 10 25 0 0 0 8 0 23 0 9 3 4 0 19 0 
23 0 12 0 0 7 15 0 0 0 13 2 0 0 17 0 0 0 19 3 0 0 6 22 8 
