5 0 0 11 0 0 12 0 10 15 0 9 13 16 0 0 
8 0 0 16 0 0 14 10 0 1 0 2 12 7 0 0 
0 12 1 0 0 0 0 2 3 0 0 0 0 15 6 0 
0 0 0 9 5 3 1 11 12 7 6 0 0 0 0 0 
10 14 13 12 0 0 0 0 0 0 16 3 7 0 9 0 
3 8 5 0 0 2 0 0 0 0 15 13 0 12 0 1 
0 0 15 0 16 10 0 12 0 6 8 0 3 5 4 0 
0 0 2 1 0 8 0 0 0 0 7 0 0 13 0 0 
0 0 10 5 2 0 6 9 8 3 0 0 15 0 14 11 
0 7 0 2 0 11 0 0 0 10 9 0 0 0 13 12 
13 0 0 0 8 0 0 5 15 14 1 0 10 2 0 0 
11 1 8 15 0 0 0 0 2 0 12 6 0 0 3 5 
0 0 0 4 6 0 2 13 0 0 3 0 8 14 16 0 
2 3 7 0 0 4 11 0 1 0 10 14 5 0 15 6 
0 0 0 0 15 0 9 0 0 0 0 8 0 3 12 0 
6 0 0 14 0 0 0 0 16 9 4 15 1 0 0 13 
