4 14 10 0 7 0 8 5 0 0 0 13 0 0 12 15 
11 7 2 8 16 12 0 1 6 15 0 4 5 3 0 10 
5 1 12 15 9 0 0 0 0 10 0 3 0 14 8 0 
9 0 0 0 10 0 0 11 0 0 0 5 0 0 6 7 
0 2 0 0 8 0 0 0 16 5 0 0 15 0 0 1 
12 13 1 16 0 14 0 15 3 11 0 0 7 0 4 0 
6 0 0 5 0 16 1 0 7 14 2 0 12 9 0 8 
0 0 11 0 0 0 12 0 0 0 0 15 0 16 2 0 
2 0 0 12 0 0 0 0 0 7 13 0 0 0 0 0 
7 11 0 0 0 5 2 9 12 6 3 0 0 15 0 0 
0 0 0 0 0 0 3 16 0 8 15 11 0 0 0 0 
0 0 0 10 15 0 4 12 0 9 5 0 8 0 7 13 
1 6 5 14 12 8 16 0 15 0 0 2 3 0 10 0 
10 0 3 0 0 1 5 14 13 0 0 7 0 0 0 12 
16 0 0 0 0 0 0 2 0 3 10 0 0 4 0 0 
15 8 4 0 3 0 0 0 0 0 0 9 0 7 14 0 
