0 19 0 12 13 8 5 2 3 0 0 0 4 17 0 0 0 9 0 1 23 18 25 0 0 
0 0 0 10 0 1 12 4 0 24 11 2 6 13 16 20 0 5 15 0 7 0 0 0 22 
0 4 0 0 0 19 0 9 0 0 0 23 25 21 0 24 0 18 14 0 0 0 0 2 5 
21 1 0 0 18 6 0 0 16 23 8 9 22 7 0 11 0 17 0 0 0 0 0 0 24 
0 16 0 2 24 0 0 20 25 13 0 0 19 18 1 0 0 0 22 23 11 14 4 9 6 
0 20 0 0 0 2 9 24 12 0 0 13 0 0 10 0 0 0 0 0 5 0 0 8 0 
0 10 12 0 5 20 0 1 0 25 18 0 0 0 0 21 0 6 0 0 0 0 0 23 9 
6 17 0 21 9 3 0 19 8 0 5 22 1 0 2 23 0 24 0 0 0 4 11 0 12 
0 18 0 0 4 7 6 5 11 21 0 0 0 8 3 0 17 0 2 9 19 0 16 0 20 
0 0 8 19 0 0 10 0 22 15 0 0 0 0 0 0 0 0 16 12 14 0 0 0 0 
19 0 21 25 0 0 24 18 13 12 3 16 0 0 0 15 1 0 0 5 0 0 0 11 14 
0 5 1 7 12 9 0 0 14 19 0 15 13 10 0 0 0 11 0 6 0 0 0 20 4 
16 0 0 17 8 25 11 0 0 5 0 18 0 4 21 9 0 10 20 0 0 0 0 12 3 
0 6 2 9 0 0 1 21 4 0 17 12 14 22 0 0 0 8 0 0 0 25 5 0 0 
20 0 11 4 3 15 0 0 0 16 6 0 0 1 0 0 24 0 12 0 10 17 9 19 13 
8 25 9 5 0 0 3 0 7 0 0 10 0 0 13 14 0 1 0 0 0 19 23 18 2 
10 7 0 0 0 12 0 0 19 9 21 0 18 24 15 0 6 0 13 0 17 0 20 3 25 
0 21 6 0 20 4 0 11 15 0 0 25 0 14 19 17 23 3 0 22 9 0 10 5 16 
0 23 0 24 1 21 14 0 0 10 7 6 20 3 0 16 0 19 9 0 13 0 12 22 8 
12 3 4 22 0 16 2 0 0 18 0 0 0 0 17 10 0 0 11 25 0 6 14 0 21 
0 8 23 0 0 13 25 0 0 6 14 0 0 12 24 1 0 22 0 7 2 5 0 0 19 
0 0 18 14 25 0 0 0 1 0 0 7 0 0 20 2 0 0 5 0 0 12 0 0 0 
0 0 10 6 22 5 4 15 24 8 13 21 0 25 18 0 11 20 19 17 16 0 7 14 0 
7 24 19 0 21 0 0 12 9 0 0 17 10 5 23 3 0 0 0 8 25 22 13 6 18 
0 0 0 0 0 0 18 17 0 7 4 19 8 0 22 13 0 0 0 21 20 9 0 0 0 
