0 0 7 0 2 14 0 15 4 0 5 6 10 0 0 8 
1 2 5 0 6 3 0 12 14 0 11 0 16 9 15 13 
11 0 9 0 0 0 0 0 7 13 15 2 0 0 4 0 
15 12 0 10 0 0 0 0 9 16 1 3 6 0 5 0 
0 0 12 16 15 6 0 2 0 9 0 11 0 1 3 5 
0 7 1 0 0 0 0 0 12 0 0 15 11 10 0 6 
0 0 0 0 0 0 0 3 0 6 0 10 13 7 0 0 
0 8 0 0 9 0 0 0 5 1 0 4 2 14 0 15 
0 10 13 5 12 1 15 0 0 0 8 0 0 0 0 11 
0 0 16 2 0 0 0 5 0 15 0 0 1 8 10 3 
4 1 3 0 10 0 16 6 0 0 14 0 0 12 0 2 
0 0 0 0 0 2 0 0 0 4 12 1 0 0 0 16 
0 0 11 1 8 0 4 0 6 7 0 0 0 0 12 0 
9 3 0 14 5 12 6 0 0 11 10 0 0 0 0 1 
6 0 0 0 0 10 3 0 0 0 4 0 0 16 14 0 
0 5 10 12 0 0 2 16 0 0 0 0 0 6 11 0 
