19 21 8 18 22 0 0 0 0 10 3 5 0 0 25 0 0 23 7 6 0 0 0 13 0 
17 13 14 0 20 0 1 0 23 24 8 12 19 0 0 18 22 0 4 9 0 7 2 3 5 
0 12 0 25 7 0 13 11 9 0 22 0 23 0 20 5 2 3 0 1 0 0 0 17 0 
5 0 0 0 16 17 19 0 4 8 21 9 14 0 18 0 10 0 0 13 0 23 22 0 12 
24 23 9 6 0 7 0 25 0 22 0 0 13 4 0 12 17 0 15 0 0 21 0 18 20 
15 0 0 4 0 10 0 0 0 0 0 20 18 11 3 0 0 0 22 0 0 0 0 19 7 
0 22 0 0 18 8 4 0 0 21 25 0 2 0 12 0 14 0 3 0 17 0 16 0 1 
0 0 13 0 0 0 22 0 1 25 0 0 0 8 0 16 4 18 9 11 0 15 0 12 0 
0 17 16 19 0 20 0 18 0 0 10 22 0 1 0 13 12 2 23 21 3 25 4 0 14 
0 1 10 0 0 2 0 0 3 0 16 0 15 17 19 0 0 24 8 25 18 0 13 0 6 
13 5 11 21 0 14 0 0 0 4 0 0 6 0 0 0 0 0 1 18 12 0 7 8 10 
2 14 1 12 3 13 0 15 0 16 0 24 7 18 21 23 0 4 0 20 11 19 9 22 0 
25 0 23 8 15 3 21 0 11 20 9 0 22 0 17 0 13 0 0 0 4 1 6 14 0 
0 10 7 22 9 1 18 0 0 0 4 0 11 13 0 0 8 16 25 0 0 24 0 0 17 
0 24 17 16 4 9 5 19 10 0 0 0 0 0 0 11 0 0 0 0 23 13 0 21 15 
0 4 15 14 0 5 0 10 0 0 0 0 16 9 0 0 0 0 13 0 25 0 23 1 0 
9 0 0 0 24 4 2 1 13 17 11 8 12 25 0 10 19 21 14 0 20 16 5 15 0 
0 25 0 11 0 24 6 0 20 0 0 7 0 23 14 2 0 12 0 0 19 0 21 0 0 
0 16 20 5 13 0 9 0 14 19 24 0 10 21 4 25 0 0 0 0 0 0 0 2 3 
0 19 21 10 12 0 16 0 0 0 0 17 20 0 0 22 18 6 0 4 0 14 0 0 9 
0 0 0 0 0 6 0 5 0 0 0 0 3 0 0 0 0 15 2 24 8 0 25 0 0 
0 11 0 13 0 22 10 0 0 0 18 0 8 0 0 9 25 17 0 12 0 0 0 7 21 
0 8 22 3 25 0 0 0 17 0 7 0 9 0 0 1 0 0 0 5 2 0 15 0 11 
14 15 19 0 0 0 7 4 0 9 12 21 0 0 0 8 0 13 0 0 22 0 17 6 0 
0 7 0 17 6 0 0 20 24 11 14 25 4 15 2 0 0 22 0 10 0 12 0 9 0 
