0 0 0 7 8 2 14 0 0 15 0 5 0 0 0 0 
14 11 0 0 0 0 0 13 0 8 0 0 7 5 6 3 
8 15 0 2 5 9 3 0 0 7 0 0 0 13 1 16 
5 9 0 0 0 4 0 0 0 10 13 0 0 0 0 0 
16 0 0 9 0 13 6 0 3 11 2 0 0 12 0 0 
0 0 12 13 0 11 0 14 0 0 10 0 3 6 7 2 
2 10 0 11 0 12 0 0 0 0 0 14 9 8 13 1 
0 0 7 0 2 0 0 0 9 0 0 0 11 14 0 0 
12 1 2 14 0 8 13 0 10 5 11 0 15 9 3 0 
0 13 0 16 14 6 12 0 15 0 0 0 0 10 0 0 
6 3 11 0 0 0 10 0 0 0 7 0 14 1 0 4 
0 7 0 5 4 1 0 0 0 0 9 3 8 0 12 13 
0 0 3 4 0 14 0 5 0 12 0 0 0 7 0 11 
11 0 0 15 13 0 1 0 0 0 16 10 0 4 14 12 
9 6 13 0 0 7 11 0 4 0 5 2 0 0 0 0 
0 0 14 12 0 0 0 0 11 3 0 0 13 0 10 0 
