15 0 14 0 13 0 1 21 0 0 0 0 0 0 0 9 0 6 0 8 12 16 19 0 10 
9 0 1 20 5 10 0 7 0 6 3 0 15 18 14 0 0 24 25 0 22 2 4 0 23 
3 12 7 17 0 0 24 16 18 0 0 0 25 23 0 22 0 0 14 0 1 0 5 13 11 
0 22 23 0 25 0 20 19 0 0 0 0 16 24 12 0 0 3 2 0 0 15 8 7 0 
0 4 6 21 0 0 22 0 0 2 1 17 13 5 0 15 0 23 0 0 24 0 0 0 9 
5 11 0 0 3 12 0 0 20 8 6 24 21 0 7 0 13 15 1 0 16 17 18 22 19 
10 17 0 0 22 0 0 1 2 24 5 8 0 0 0 0 11 19 0 23 0 12 21 4 0 
19 14 0 12 0 11 10 0 22 0 23 0 2 0 4 0 5 0 8 9 0 24 6 1 20 
4 20 24 0 15 5 0 0 0 21 17 22 0 0 13 12 0 25 0 3 0 8 0 2 0 
1 25 0 16 18 6 14 17 23 13 0 0 0 0 0 0 2 22 4 24 0 11 7 9 0 
25 0 17 0 1 15 0 0 12 0 0 0 7 0 6 23 0 0 11 0 3 0 0 20 0 
6 0 19 18 0 9 0 0 1 11 12 0 22 0 5 0 0 4 0 25 0 0 14 23 0 
0 0 10 2 24 25 3 18 0 0 4 9 0 17 0 0 14 20 0 0 0 19 15 0 0 
22 0 0 0 7 0 0 20 0 4 10 0 24 11 0 16 3 0 0 6 25 13 1 12 5 
0 0 0 14 0 0 0 23 0 0 19 16 18 0 25 1 10 0 21 15 0 0 0 0 22 
0 0 11 0 23 19 0 5 0 0 14 0 0 0 17 0 0 0 15 13 2 0 12 0 0 
14 13 0 0 0 0 0 0 15 1 24 3 0 8 0 0 0 0 0 0 4 0 22 0 21 
17 7 4 15 8 0 0 2 0 0 0 0 0 12 0 20 0 1 18 5 9 0 11 0 0 
24 0 12 25 9 0 8 0 3 20 0 23 0 13 22 6 21 0 10 0 18 5 0 14 0 
0 1 0 0 10 22 17 0 0 12 0 2 5 15 18 14 23 0 0 4 0 20 0 6 0 
7 0 0 0 0 0 12 24 10 0 25 0 9 14 23 0 0 13 16 21 8 22 0 19 4 
23 19 20 0 16 21 0 0 0 0 22 5 0 10 24 0 9 0 0 1 0 0 13 0 0 
0 10 0 24 0 0 9 14 16 0 13 0 8 7 11 4 0 5 22 0 6 21 23 17 0 
0 21 18 0 0 23 0 22 13 17 15 4 3 2 16 0 0 10 19 7 0 14 0 24 0 
0 3 22 0 14 0 0 15 0 19 0 20 0 0 21 0 24 0 23 0 10 0 16 5 0 
