0 0 7 3 0 0 12 9 1 17 23 0 0 0 0 0 0 5 0 0 0 16 15 4 0 
0 18 5 20 16 21 0 4 0 7 0 15 0 11 9 2 0 10 0 3 23 12 17 22 25 
10 0 19 12 25 0 0 0 6 0 24 0 18 0 0 23 0 17 16 0 0 8 9 7 11 
0 23 17 0 0 0 0 0 18 25 0 0 20 8 0 1 12 9 22 21 0 0 14 0 24 
2 0 11 9 8 23 0 15 0 0 0 17 12 4 13 14 0 0 6 25 0 3 1 0 0 
0 0 0 24 0 22 0 0 4 8 0 0 0 0 3 0 19 0 21 10 11 13 16 0 0 
0 0 0 8 17 24 0 6 0 0 10 0 1 16 0 0 22 0 0 20 0 18 23 25 7 
0 0 0 0 7 0 0 0 0 0 20 0 13 22 15 0 5 14 24 4 17 0 6 0 8 
0 15 18 13 0 25 0 0 23 0 2 6 0 24 14 0 0 0 1 16 9 0 3 0 0 
1 14 4 11 22 0 16 0 20 5 21 0 0 0 18 0 0 25 23 0 0 0 0 0 12 
17 2 8 15 19 7 0 5 0 6 4 0 0 0 20 9 21 12 0 0 0 24 0 0 1 
23 24 22 0 0 0 2 21 0 0 0 0 5 10 17 8 20 0 7 0 18 4 0 15 0 
3 4 6 10 13 1 25 23 12 0 0 2 0 0 22 19 14 24 18 0 8 0 0 9 16 
0 20 25 0 9 0 0 24 0 22 8 13 21 23 0 4 16 1 0 0 0 5 0 3 0 
0 7 0 0 0 0 0 0 0 0 0 0 24 0 6 0 3 0 17 0 0 25 0 23 13 
0 0 15 0 10 9 23 14 22 0 0 20 2 13 0 5 18 4 8 1 0 6 0 0 0 
6 0 13 7 3 2 4 10 5 12 0 0 0 17 16 21 0 20 19 22 0 0 0 0 23 
4 0 16 0 0 0 20 19 8 3 0 0 0 0 12 24 0 11 2 0 0 0 13 10 15 
11 8 24 22 0 15 7 0 0 0 19 0 25 0 10 0 9 0 3 12 2 0 18 0 0 
0 0 12 0 0 0 18 16 0 0 22 0 8 1 24 0 17 7 15 0 0 9 4 0 21 
24 0 3 0 4 10 11 18 7 0 0 0 15 20 0 22 0 0 5 17 16 23 25 12 0 
0 12 1 19 20 0 0 0 0 23 0 0 17 0 4 25 10 0 14 0 13 15 5 18 0 
0 0 14 23 21 0 17 0 13 15 12 0 22 3 1 20 0 18 0 0 10 19 0 6 4 
0 0 0 0 0 0 19 0 0 4 0 0 0 0 23 0 0 6 0 7 24 0 0 8 0 
8 11 2 18 5 12 3 0 0 21 13 24 10 6 25 0 0 0 4 19 14 7 0 1 17 
