0 14 0 0 0 0 0 0 0 12 11 3 1 8 5 0 
0 0 0 10 14 2 11 0 16 1 4 9 15 7 0 0 
0 12 0 0 5 4 1 9 0 0 15 10 0 11 14 16 
11 0 15 1 0 0 0 3 0 0 5 0 4 0 9 10 
0 2 14 0 0 0 4 1 0 0 0 16 0 0 0 7 
1 0 0 13 3 0 5 12 0 15 0 0 6 14 0 0 
3 9 0 15 6 14 0 0 0 0 8 1 0 12 0 0 
0 6 0 0 13 0 0 0 14 0 10 12 0 0 16 15 
0 0 0 0 8 9 10 0 12 0 0 13 16 0 4 1 
0 15 0 0 0 6 0 4 3 10 16 5 7 0 0 9 
0 3 6 0 0 0 0 14 4 0 0 15 10 5 11 8 
9 10 13 0 12 3 0 0 7 11 0 0 2 0 0 14 
10 0 0 5 0 0 12 16 15 8 0 2 14 0 6 0 
0 0 0 0 0 0 8 0 0 14 0 4 0 0 0 5 
0 1 0 0 0 5 0 0 0 0 12 0 0 15 8 13 
13 0 12 0 10 0 14 7 0 0 0 6 0 16 1 0 
