7 0 13 4 6 0 0 16 0 15 0 2 0 0 0 1 
12 0 11 0 9 0 0 0 0 13 1 16 0 5 7 2 
0 0 0 0 0 13 15 12 0 7 10 11 16 0 4 0 
16 10 0 0 0 1 7 11 0 5 0 4 8 0 0 6 
0 0 0 0 8 0 10 0 1 11 0 0 0 0 0 0 
8 0 0 0 0 0 11 0 0 2 9 0 0 1 0 12 
0 0 1 16 13 12 6 0 15 0 3 0 14 9 0 0 
0 0 0 0 0 9 0 3 7 4 16 12 6 0 15 10 
11 0 5 0 15 6 0 0 0 0 12 0 3 0 1 8 
4 0 16 8 11 0 3 0 14 0 7 0 10 0 0 0 
0 1 12 0 4 2 13 10 0 6 15 0 0 16 14 0 
0 0 6 0 12 7 0 0 2 1 0 3 9 4 0 0 
15 0 0 0 0 0 12 13 16 0 5 7 0 0 2 0 
0 16 10 13 0 15 2 0 0 0 0 0 5 0 0 0 
5 0 0 0 16 0 0 9 0 10 6 15 0 14 0 13 
1 0 0 0 0 8 5 7 0 12 0 9 4 15 0 16 
