0 0 8 11 7 0 15 0 0 12 3 14 2 0 10 16 
6 13 0 0 16 0 0 0 0 10 0 7 12 9 11 8 
10 4 16 7 0 12 0 6 0 2 0 8 0 3 13 0 
2 15 0 12 0 3 0 8 13 0 11 0 0 0 7 0 
4 0 0 0 8 10 0 0 11 0 13 0 0 6 9 5 
1 0 0 13 0 0 16 3 0 4 0 6 0 14 8 0 
14 12 10 0 9 11 0 0 0 0 16 3 1 0 15 4 
0 0 0 0 2 0 0 0 0 0 8 9 0 0 16 0 
7 3 0 0 0 5 4 0 8 0 0 0 0 10 0 0 
0 10 11 0 0 0 0 16 7 0 0 13 5 1 12 9 
0 5 0 0 3 0 14 7 0 0 0 10 0 0 0 6 
0 0 1 6 12 9 13 0 0 0 0 2 0 0 0 0 
0 7 3 0 0 2 8 5 0 0 6 0 0 12 0 10 
0 8 0 0 4 6 0 0 0 0 0 5 0 16 0 3 
13 0 0 15 0 16 0 0 14 9 2 1 0 11 0 0 
12 16 5 10 13 14 0 1 0 0 0 0 4 15 6 0 
