6 0 14 10 19 0 0 0 0 0 21 9 24 23 0 4 0 7 8 15 11 25 5 0 0 
9 11 24 0 0 23 0 0 14 0 0 5 0 0 0 21 1 25 16 0 18 3 0 0 6 
0 1 12 0 0 16 6 21 15 0 14 25 13 22 0 9 24 0 3 0 0 4 0 20 0 
0 17 16 2 22 25 0 0 10 0 4 0 19 3 7 20 6 14 0 5 24 9 0 0 13 
0 7 21 0 0 0 5 0 0 18 20 6 8 2 0 0 0 0 17 0 0 1 0 19 14 
0 0 0 0 0 0 15 22 0 4 25 3 0 0 20 0 0 13 14 7 16 0 18 21 0 
24 5 19 0 0 0 2 20 3 0 8 0 0 4 0 16 0 15 0 18 23 17 11 14 22 
0 14 25 0 4 0 23 0 13 5 7 0 16 0 0 0 17 2 0 24 0 6 12 0 15 
12 8 15 0 13 21 25 10 0 14 0 0 18 24 6 0 0 0 0 3 4 5 20 2 7 
0 22 20 16 7 17 0 0 19 6 0 11 0 0 15 23 10 0 0 21 1 0 0 0 8 
5 12 0 7 0 0 0 0 22 0 11 0 14 0 0 0 0 8 9 19 6 0 17 1 20 
19 0 0 3 25 0 16 15 0 12 18 0 0 21 1 24 23 0 10 0 14 8 2 9 11 
4 0 0 15 9 19 14 5 18 0 12 0 0 0 0 11 7 0 0 25 0 22 0 24 3 
0 6 0 0 8 0 9 0 0 3 0 10 0 20 0 0 0 0 0 0 13 0 0 4 0 
10 21 1 0 2 0 17 0 4 11 0 13 0 0 0 0 18 0 0 0 0 0 23 0 0 
1 0 9 22 15 6 0 0 0 0 2 14 0 7 0 0 0 0 0 10 17 11 0 0 23 
0 0 4 25 6 0 20 0 11 15 10 8 21 19 17 7 0 0 24 16 0 13 1 0 12 
0 0 8 17 14 0 0 19 21 16 0 0 11 0 0 22 25 0 13 1 2 20 0 0 5 
0 0 0 20 5 0 7 18 25 23 6 16 0 0 22 15 0 9 0 17 19 14 0 10 24 
0 16 10 18 0 14 22 2 17 1 24 15 0 0 5 0 8 0 0 0 7 21 0 0 4 
20 15 0 8 0 10 0 0 5 0 16 0 0 0 0 17 0 0 0 0 25 0 13 7 0 
0 0 5 23 17 18 4 16 2 24 3 20 0 11 10 0 15 0 21 9 0 0 0 0 0 
14 0 6 12 24 0 0 13 0 0 1 0 23 0 0 25 0 0 0 0 0 0 4 0 21 
0 0 7 1 21 12 0 17 0 0 13 24 9 0 14 3 0 10 19 0 0 2 15 11 18 
16 9 3 0 0 15 0 0 0 22 0 17 25 8 0 0 4 18 0 0 0 12 0 6 10 
