0 12 0 0 13 0 6 0 16 0 0 14 0 8 9 10 
13 0 4 9 0 0 0 0 0 0 6 8 5 7 0 14 
14 0 10 0 0 8 11 7 0 0 0 0 0 6 0 0 
15 7 0 6 12 9 14 0 10 0 0 0 0 0 0 4 
8 0 0 12 10 0 0 5 0 6 11 0 0 0 1 0 
0 0 7 13 6 14 12 0 1 4 3 9 10 2 0 5 
1 0 0 11 4 13 0 15 0 0 7 0 8 0 0 9 
0 4 0 0 7 0 0 0 12 14 8 0 15 3 0 13 
0 8 0 1 14 4 10 9 7 0 5 11 0 13 0 0 
0 0 9 0 0 0 0 0 0 0 0 13 3 0 0 6 
12 0 15 0 0 6 13 0 0 8 0 0 7 0 0 0 
10 0 13 0 0 0 0 0 0 0 1 0 11 9 14 16 
0 13 11 15 16 7 0 12 0 0 4 6 14 0 2 3 
0 0 0 0 0 11 4 14 0 1 0 0 6 15 10 0 
6 14 0 7 2 0 15 13 0 3 0 0 0 4 0 0 
0 10 0 0 5 3 0 6 0 0 14 2 13 0 0 11 
