0 0 17 10 0 0 5 0 6 0 0 0 15 2 20 25 0 23 0 0 9 0 0 1 0 
0 0 0 0 18 25 19 9 0 0 0 11 16 21 0 0 5 0 0 0 12 15 0 6 0 
0 1 25 0 2 0 0 20 4 0 24 0 0 23 3 0 0 0 0 0 13 14 0 0 10 
0 4 22 5 0 1 0 14 0 8 0 0 12 6 0 0 0 24 15 0 0 20 11 16 0 
20 11 16 0 0 0 0 22 12 0 0 0 0 18 10 2 0 3 0 0 0 25 0 0 0 
19 0 20 15 1 11 0 23 0 0 18 0 13 0 12 5 14 0 0 0 0 0 0 24 0 
25 10 0 0 0 12 0 8 20 5 0 14 23 15 16 24 17 11 0 4 22 19 1 18 21 
11 23 18 0 0 14 0 16 17 1 0 0 0 0 4 22 15 19 0 0 7 5 0 3 0 
22 0 8 0 21 0 0 10 19 7 0 0 25 5 0 0 0 0 16 13 20 0 14 17 15 
0 9 0 0 17 24 4 0 25 15 0 0 10 19 8 23 20 7 0 3 16 0 0 0 0 
18 6 21 0 5 0 0 0 24 20 15 13 0 1 22 7 4 10 25 17 23 12 0 0 19 
23 24 10 0 14 0 0 0 15 6 0 3 0 12 19 0 0 0 0 9 0 2 5 7 18 
1 0 12 0 4 0 0 0 23 0 0 10 14 7 18 21 16 0 0 8 15 11 17 0 24 
17 0 0 20 0 0 0 7 0 0 23 4 21 0 0 0 12 5 24 0 0 0 25 8 0 
7 0 0 8 0 0 0 0 9 12 20 5 24 0 11 0 18 14 0 19 10 21 16 13 22 
6 0 0 21 0 19 11 25 8 9 16 12 0 0 0 13 0 1 0 0 0 22 0 0 0 
0 18 0 17 0 20 22 3 0 0 9 0 0 0 23 0 0 0 0 7 1 4 24 0 0 
9 5 0 2 0 0 15 0 1 17 7 18 3 0 0 0 0 4 22 0 14 10 6 23 0 
0 22 4 0 20 7 14 5 16 24 1 0 8 10 0 9 23 2 18 11 21 0 0 0 12 
0 19 1 11 25 23 0 0 18 0 0 0 22 0 0 0 21 15 12 5 8 7 20 9 16 
4 15 0 3 12 22 1 13 14 0 10 0 11 8 0 0 0 0 7 18 5 24 0 0 20 
10 17 7 18 19 6 0 0 11 0 0 0 9 4 15 20 0 12 0 24 25 3 13 0 0 
2 0 0 1 23 9 0 15 0 16 19 0 0 24 17 11 0 21 4 0 0 0 0 0 0 
0 0 0 25 6 0 0 0 0 0 12 2 20 22 1 14 0 13 0 23 0 0 15 19 0 
16 0 5 0 0 8 12 0 0 25 0 0 18 0 0 19 2 0 10 15 11 1 21 0 9 
