0 8 0 0 0 1 12 13 0 0 0 4 0 0 0 5 
0 3 0 16 7 0 0 15 9 10 0 0 4 12 1 11 
10 11 6 0 0 9 0 8 0 0 0 0 13 0 2 0 
12 0 4 15 10 0 5 0 0 2 6 0 0 14 0 8 
0 0 10 2 12 0 0 0 11 0 0 16 0 15 5 0 
1 0 0 0 6 2 0 0 5 3 12 10 0 4 14 13 
14 0 0 3 0 0 15 10 0 13 0 0 0 0 16 7 
11 0 0 13 0 0 16 1 14 0 2 15 0 0 12 10 
0 0 11 10 8 16 14 2 6 0 15 0 7 0 0 12 
9 6 14 0 0 5 0 0 13 0 0 0 0 10 0 2 
15 0 12 4 0 0 0 3 0 16 0 0 0 0 0 14 
7 0 0 5 0 0 6 4 0 0 14 0 3 13 15 9 
0 0 1 0 0 15 3 9 8 0 0 5 0 0 10 0 
0 0 0 11 0 7 0 0 0 0 4 2 0 3 0 1 
4 0 0 0 13 14 0 0 7 0 10 0 0 0 0 16 
8 7 2 9 0 12 10 0 15 0 16 0 0 11 0 6 
