16 5 0 0 0 0 12 0 0 9 14 15 0 0 10 0 
1 4 0 0 13 5 0 7 10 0 0 0 0 9 0 14 
9 13 10 15 16 0 14 0 0 12 6 1 0 0 5 0 
0 12 0 0 9 0 0 0 13 0 11 4 0 0 15 0 
4 0 1 0 12 0 0 13 16 0 0 0 14 0 0 7 
3 2 0 9 6 7 0 0 0 0 0 8 0 0 11 0 
5 6 0 0 0 0 10 0 0 14 7 3 0 0 0 0 
0 8 12 13 14 0 4 9 0 0 1 0 15 3 0 0 
0 7 0 0 8 12 0 0 3 0 0 0 0 0 0 0 
0 1 0 0 11 0 0 5 15 6 0 16 12 0 0 0 
0 9 16 14 3 10 13 0 11 0 4 12 5 0 1 8 
0 0 8 0 0 4 0 16 0 1 0 9 13 10 6 0 
0 15 9 0 10 0 11 12 0 0 3 7 4 0 16 0 
0 14 0 1 2 0 0 0 0 8 0 6 0 5 7 15 
0 0 4 6 7 0 8 14 5 0 15 0 2 12 0 1 
0 11 3 7 0 0 1 0 4 0 0 14 0 8 0 13 
