0 0 15 20 9 3 0 10 0 0 0 0 23 0 0 0 0 0 5 25 8 0 24 0 0 
11 0 0 0 0 0 16 0 0 19 0 25 7 0 0 17 21 0 3 22 2 13 4 0 0 
6 1 13 12 0 22 0 0 0 0 18 0 0 14 0 0 0 0 0 0 9 25 11 0 10 
24 0 0 4 14 13 25 0 5 2 0 20 0 8 0 12 0 0 0 1 18 0 21 0 16 
0 0 25 0 10 0 20 0 8 1 21 0 4 12 22 11 24 0 0 0 0 6 15 5 19 
0 4 23 17 0 0 10 0 11 0 0 15 0 0 0 0 22 0 13 0 20 21 19 25 6 
19 0 0 0 0 14 17 3 16 0 24 1 25 20 4 0 6 7 23 0 22 18 0 0 9 
7 9 21 1 25 15 0 0 0 0 0 10 0 13 11 3 0 4 14 20 0 17 0 0 0 
22 3 24 0 11 0 2 0 0 4 5 21 9 18 6 19 17 12 8 0 1 7 0 15 0 
20 0 0 0 0 24 0 22 13 5 23 0 0 17 7 0 25 1 0 0 0 0 3 0 0 
13 0 0 0 1 0 14 0 0 0 22 6 16 0 2 0 0 8 10 3 7 19 0 4 0 
0 0 0 2 0 0 6 5 0 0 19 0 0 9 13 0 14 24 0 0 15 3 25 16 23 
0 6 0 15 20 0 0 0 24 0 12 4 17 0 14 0 7 0 16 19 0 22 2 18 8 
18 25 7 19 24 0 23 8 22 0 0 0 0 15 3 4 9 11 12 0 17 14 6 1 0 
9 0 16 14 5 0 0 0 0 3 25 0 1 7 0 0 0 22 0 0 12 20 10 11 0 
14 0 18 9 7 17 3 0 20 10 6 22 21 0 8 23 4 0 0 0 0 11 0 12 15 
4 0 20 0 0 0 22 0 2 6 0 3 5 0 15 13 0 0 21 0 14 24 1 0 18 
21 24 0 6 23 7 0 0 25 0 16 0 13 0 10 0 20 17 19 15 0 0 8 3 0 
25 12 0 0 15 0 1 0 14 24 9 7 2 4 23 22 0 5 11 16 0 10 0 13 0 
0 13 1 22 0 5 19 4 0 0 0 12 14 0 0 0 0 0 6 0 0 9 7 23 25 
0 0 4 7 0 0 0 2 0 25 0 23 0 6 19 0 0 16 24 17 13 0 22 9 11 
0 20 17 11 19 12 9 0 10 0 0 8 18 0 24 0 0 15 0 4 25 5 14 21 0 
0 0 0 0 22 11 8 0 0 20 7 13 0 3 0 6 0 19 0 12 10 0 0 0 0 
15 16 0 8 13 0 24 7 0 0 0 9 0 0 0 2 0 21 0 14 23 4 18 0 0 
0 0 0 0 2 0 15 0 17 13 0 0 11 0 25 0 10 23 0 0 0 0 0 0 1 
