6 0 4 14 0 12 8 15 2 10 0 0 1 0 13 5 
8 0 0 5 2 0 0 14 4 13 0 12 6 3 16 7 
0 0 2 11 7 0 0 0 8 5 3 1 0 10 0 0 
13 0 0 0 0 0 0 0 14 0 0 6 12 8 0 0 
0 0 0 0 5 0 0 8 0 15 13 0 11 16 0 10 
0 5 0 0 0 0 16 0 0 6 11 0 0 0 7 9 
0 16 11 12 9 6 14 3 10 8 0 0 2 0 0 0 
0 0 0 13 10 1 4 11 16 9 0 0 0 12 0 6 
0 13 10 0 4 8 0 0 0 0 14 0 0 0 0 0 
0 2 0 16 0 0 5 13 3 7 6 8 14 1 0 0 
14 0 0 0 0 0 0 1 0 12 0 4 0 9 10 16 
0 0 5 7 0 14 3 0 11 0 0 0 13 0 8 2 
0 0 0 2 0 0 15 0 0 3 0 13 10 0 0 14 
5 0 0 0 8 11 10 0 6 0 0 0 15 4 9 0 
11 1 0 6 0 0 0 0 0 4 0 2 0 5 12 0 
0 0 16 0 0 13 6 0 5 0 8 0 7 2 0 3 
