0 0 0 0 13 0 9 0 24 6 0 18 3 15 0 0 23 0 0 2 14 0 0 10 20 
0 0 0 0 1 0 0 0 0 0 21 0 8 0 14 0 0 7 0 9 11 0 15 23 0 
0 7 0 3 14 8 15 25 5 21 0 16 0 23 10 11 1 24 12 0 0 17 2 0 0 
0 9 23 0 0 13 22 10 14 0 12 0 0 2 0 18 21 0 0 8 19 3 6 25 7 
10 2 0 0 0 23 18 16 0 0 0 6 0 0 0 15 25 14 22 20 8 0 9 0 21 
0 17 24 0 4 0 5 0 22 0 0 8 21 0 20 13 0 1 0 18 25 0 16 0 0 
8 0 0 16 23 18 17 21 20 9 0 0 4 3 11 14 5 22 0 7 0 0 0 1 0 
2 0 0 1 18 0 14 0 0 8 0 0 0 16 0 0 20 0 0 3 0 4 0 7 22 
0 0 22 0 0 16 0 1 11 7 18 0 13 25 12 0 0 0 2 4 9 19 0 5 14 
0 0 10 5 0 0 23 13 2 0 15 7 6 22 0 19 12 21 16 25 0 0 0 20 0 
9 0 19 0 0 20 0 2 17 0 4 0 11 0 5 21 13 23 25 24 15 16 22 0 1 
0 0 0 13 12 0 24 0 4 0 0 0 0 6 21 2 15 0 10 17 3 7 0 8 0 
14 0 8 4 17 0 0 0 9 0 0 23 16 0 19 1 18 0 0 22 24 0 0 2 0 
22 0 1 2 15 0 0 0 13 23 0 0 10 18 3 5 11 16 7 14 12 9 17 6 0 
21 0 18 0 24 0 25 0 16 0 17 0 2 1 15 0 0 0 0 12 0 0 13 0 0 
20 4 11 10 0 14 16 0 25 13 23 0 0 0 6 0 0 3 0 0 0 0 7 15 0 
0 1 0 19 21 24 20 15 0 22 16 0 0 0 0 0 0 0 0 23 0 0 4 9 2 
17 0 0 23 2 0 0 4 21 18 25 0 0 10 0 0 0 0 5 0 16 0 14 0 0 
16 0 0 24 6 0 0 12 0 5 0 3 22 0 0 9 14 0 18 19 23 1 0 21 13 
0 12 13 0 0 1 11 0 3 0 0 21 7 9 0 4 0 0 15 10 5 0 0 0 24 
12 18 4 9 0 21 1 14 0 20 0 0 0 19 0 23 7 17 0 0 6 13 3 0 10 
0 21 2 0 0 10 3 6 23 0 8 4 12 13 0 25 0 18 1 0 0 22 0 17 0 
0 0 0 0 7 9 0 11 15 25 0 0 0 0 0 0 19 2 0 0 1 23 0 24 5 
1 0 6 25 10 5 0 17 7 0 0 11 15 0 0 0 22 0 0 0 0 14 18 19 12 
15 0 5 0 8 0 0 0 0 19 1 14 23 20 0 3 0 10 4 16 2 21 25 0 0 
