0 0 8 2 16 0 0 0 0 0 0 1 0 4 0 15 
11 0 4 9 15 0 8 0 0 0 2 0 0 0 6 14 
0 0 12 10 0 2 0 4 0 15 14 13 1 0 5 0 
0 0 0 0 0 5 12 14 0 0 16 8 0 0 2 0 
9 14 7 0 10 8 0 15 2 0 1 16 0 0 0 12 
0 15 0 8 9 0 11 0 0 0 3 0 0 7 0 0 
1 12 0 0 2 3 4 16 0 0 8 7 0 0 15 13 
0 2 0 0 5 0 0 0 15 0 9 11 0 0 1 0 
4 0 9 7 8 16 0 2 0 1 5 14 12 10 0 11 
15 8 5 0 12 0 0 3 0 7 10 6 0 0 13 16 
10 0 0 0 13 4 5 0 0 0 11 0 0 15 9 1 
0 1 0 0 0 0 0 0 0 0 15 0 0 14 8 0 
0 0 3 0 0 15 13 9 5 2 6 0 0 1 0 0 
0 9 0 0 0 0 0 5 0 11 7 0 10 6 14 4 
7 11 0 0 0 0 3 0 0 0 13 9 0 5 0 2 
0 0 2 15 14 0 0 6 1 8 0 12 0 0 0 3 
