0 7 0 0 5 14 15 4 12 0 16 8 1 6 10 0 
0 0 0 0 0 2 0 0 9 10 0 0 13 16 15 0 
10 16 0 0 1 13 12 0 0 3 0 0 0 0 8 5 
9 0 1 0 11 16 0 10 5 0 7 0 3 12 2 0 
0 4 0 0 16 15 0 0 0 2 12 14 0 0 5 0 
15 0 0 2 12 10 11 13 16 6 3 5 0 14 1 0 
7 0 6 1 0 4 0 0 0 8 15 10 16 13 0 0 
0 0 0 0 6 0 0 2 1 0 0 9 10 3 11 15 
0 8 4 0 0 0 0 16 0 7 10 3 15 11 6 0 
0 0 0 11 0 1 13 6 2 0 0 12 9 0 16 8 
0 0 2 0 10 0 0 0 0 0 0 16 7 5 0 14 
3 0 16 0 0 11 0 0 0 0 0 0 0 1 0 12 
0 0 3 0 0 6 0 0 0 0 8 1 12 2 0 0 
16 1 0 0 13 0 0 0 0 0 0 2 5 15 7 10 
4 12 14 0 2 0 0 0 0 0 0 0 0 0 13 0 
8 0 0 13 0 0 16 12 0 11 0 0 6 0 14 0 
