0 0 10 0 7 2 0 5 0 0 12 9 0 0 0 8 
8 0 12 3 9 14 0 0 2 0 0 6 0 15 4 7 
0 11 0 13 0 15 10 0 4 0 7 1 0 0 0 14 
7 2 0 14 0 0 0 1 0 0 0 5 0 12 0 10 
1 0 0 8 13 0 0 0 0 6 14 0 11 10 5 0 
14 7 4 10 0 1 5 0 0 15 0 0 6 0 0 0 
6 0 13 0 0 12 11 0 0 0 0 4 0 1 7 15 
0 9 2 0 15 4 0 10 0 0 0 0 0 0 12 0 
0 8 0 7 6 16 0 0 12 3 9 0 14 0 15 0 
0 14 1 2 8 11 0 0 5 0 0 0 0 6 0 12 
0 16 0 6 0 7 13 15 0 0 0 0 0 2 9 0 
0 0 3 0 2 10 12 0 0 0 13 11 0 8 0 0 
0 10 14 0 11 5 15 0 7 2 0 0 0 0 0 0 
0 13 16 1 3 8 0 12 0 9 5 0 0 0 0 6 
0 0 7 0 0 6 14 13 11 10 4 3 0 0 0 2 
3 6 0 11 0 9 0 2 0 12 1 0 0 0 0 5 
