0 0 15 12 13 6 0 8 0 9 0 0 5 0 0 0 
0 0 0 0 0 10 15 7 0 1 0 13 2 0 0 16 
0 0 1 4 11 0 0 0 0 0 0 0 7 0 13 0 
13 0 0 8 0 0 5 14 0 0 11 7 12 0 0 1 
0 12 13 1 0 11 8 5 16 0 0 10 6 7 0 0 
9 2 14 0 0 15 12 4 0 0 13 0 3 8 16 10 
0 0 4 0 0 3 0 0 9 0 7 0 0 0 0 15 
0 0 0 16 0 13 14 0 2 0 0 0 0 0 0 0 
4 0 12 0 3 14 0 10 7 5 0 16 0 1 6 0 
0 14 0 10 0 16 0 0 12 13 0 0 4 0 0 0 
0 9 2 7 1 4 0 0 0 10 0 11 15 5 0 8 
0 1 3 13 0 5 11 6 14 0 0 15 10 16 7 12 
12 0 6 2 0 8 4 0 0 7 0 1 14 9 5 0 
0 11 9 0 0 12 0 0 5 16 0 4 0 0 15 0 
0 4 0 14 15 7 0 13 0 12 0 0 16 0 0 0 
0 0 10 0 0 1 0 16 8 0 0 0 11 0 2 4 
