7 12 0 14 0 0 6 17 16 15 8 10 25 18 21 5 20 0 0 0 1 22 0 0 0 
0 0 6 0 0 1 25 22 0 3 0 2 5 9 0 8 10 0 0 17 0 19 0 18 0 
0 17 0 19 0 10 21 8 13 0 0 0 0 16 6 25 14 2 24 11 12 15 0 0 4 
23 0 8 0 0 0 0 9 0 2 0 11 4 0 20 15 6 0 12 0 17 21 25 0 0 
13 0 0 0 0 20 0 14 0 0 0 3 17 15 19 23 0 0 4 22 7 0 0 9 0 
0 0 24 1 0 0 19 20 23 5 25 6 8 7 0 10 17 21 22 18 11 0 4 3 0 
0 0 11 0 0 0 24 25 10 0 0 4 0 0 0 7 0 3 0 13 0 16 0 6 0 
0 0 9 0 5 12 17 15 0 0 10 23 0 2 0 0 0 6 16 0 0 14 22 7 20 
0 4 3 10 0 0 0 0 0 0 19 0 0 0 0 20 8 15 5 0 0 0 0 21 17 
0 0 7 0 0 0 3 16 14 8 0 15 0 0 24 11 0 4 0 0 10 25 0 0 13 
0 6 4 0 2 7 0 3 8 24 0 12 13 0 22 0 0 17 19 0 18 23 15 0 21 
17 15 23 20 0 0 11 0 18 12 21 0 19 6 4 16 3 0 0 2 22 0 7 24 0 
0 0 22 0 11 0 1 5 15 25 0 7 0 24 18 0 13 0 0 0 0 17 9 0 0 
0 18 0 0 7 4 13 0 17 19 2 0 15 0 1 22 11 0 0 0 0 0 14 8 0 
0 0 0 0 0 0 20 2 22 6 17 5 0 11 0 12 18 10 7 15 0 3 13 4 0 
16 23 1 15 0 22 14 6 0 10 0 0 20 17 9 0 7 19 8 5 0 0 12 0 3 
0 25 19 8 0 15 23 12 0 20 6 21 24 1 0 3 22 0 18 4 0 0 0 0 0 
0 7 0 0 0 0 0 13 5 18 14 0 23 3 15 1 25 0 10 6 0 0 0 2 22 
0 0 18 0 20 0 0 19 3 21 0 0 16 0 0 0 0 11 15 0 5 0 0 0 0 
4 3 0 0 6 0 0 11 7 1 0 25 0 0 10 21 16 0 14 0 24 0 0 23 15 
0 0 0 0 24 3 15 0 0 0 9 0 0 5 25 18 19 12 0 0 13 7 10 0 2 
0 0 13 4 25 0 0 24 21 14 0 0 0 8 0 0 0 0 0 10 0 0 1 0 23 
5 0 0 2 0 0 12 23 9 17 4 0 22 19 11 0 1 14 25 7 6 0 21 15 18 
0 8 0 0 0 19 10 0 0 13 3 24 0 21 2 0 0 16 0 0 25 12 11 0 5 
12 9 14 6 18 11 0 1 25 7 15 0 10 23 16 0 0 0 0 3 20 0 0 0 0 
