5 0 3 0 2 0 0 8 0 12 16 6 14 0 0 11 
9 0 2 0 0 0 0 0 15 14 3 0 16 13 1 0 
0 0 0 0 12 1 14 10 4 0 11 7 5 0 0 0 
0 0 12 0 0 0 0 6 1 9 13 0 7 8 2 0 
13 4 1 15 9 0 0 0 3 0 2 12 0 10 0 0 
0 0 0 0 0 0 0 3 14 0 0 0 13 0 0 15 
7 3 14 0 1 4 0 0 0 0 0 11 12 0 6 0 
0 0 11 0 6 0 10 14 7 13 8 9 2 1 3 4 
0 6 0 0 0 0 0 15 0 5 0 0 8 0 14 0 
11 0 0 14 0 2 0 0 0 3 1 0 10 5 0 6 
2 13 7 0 0 0 1 0 0 0 0 15 0 0 4 0 
10 0 4 16 8 3 0 0 0 7 0 0 0 11 0 0 
12 0 10 0 14 6 0 1 0 15 0 0 3 0 0 13 
0 0 5 0 0 10 0 12 6 0 7 0 0 15 8 0 
0 15 0 3 13 7 5 11 0 10 0 1 4 0 16 0 
1 0 16 0 0 9 0 2 0 8 0 0 6 12 10 5 
