0 0 12 10 0 11 0 1 2 0 16 9 6 0 0 4 
0 9 2 15 0 0 0 0 0 0 0 3 11 0 5 0 
14 6 0 11 7 0 0 9 0 8 0 4 0 15 0 16 
5 0 4 8 0 0 0 6 0 0 7 15 1 0 0 9 
0 15 3 0 4 0 6 0 0 10 0 1 0 0 12 0 
12 0 0 0 1 0 0 11 0 0 0 5 0 0 0 0 
4 11 0 1 2 13 14 0 0 16 0 0 9 0 0 8 
0 5 9 0 0 7 12 0 0 0 0 8 0 0 1 0 
7 0 0 3 0 0 0 0 0 4 1 13 0 12 2 10 
8 0 0 0 11 2 4 14 15 0 0 7 5 0 0 0 
1 2 5 9 0 12 10 0 8 6 0 14 7 13 4 0 
0 0 6 4 0 0 1 7 0 12 0 16 3 0 0 0 
0 1 0 0 0 5 8 0 4 15 3 11 2 0 16 14 
0 3 0 2 0 4 0 0 0 0 14 12 0 7 0 0 
0 13 0 0 16 15 0 0 0 7 0 0 4 6 11 0 
11 4 15 0 14 1 7 0 0 9 13 0 0 0 10 5 
