0 13 0 14 0 3 0 1 0 9 4 0 12 10 0 0 
0 7 3 0 15 13 4 0 5 0 0 0 11 14 1 2 
15 0 10 16 5 0 0 0 13 0 0 0 0 0 0 4 
0 0 1 5 6 10 0 0 0 0 0 0 9 0 0 16 
14 0 8 15 16 4 10 3 0 0 0 13 6 0 2 1 
13 0 0 0 0 0 8 11 6 10 1 5 0 0 4 9 
6 11 5 0 0 12 7 9 15 0 0 0 10 16 0 0 
0 1 4 0 0 5 6 15 8 0 0 0 14 0 12 0 
7 14 2 0 0 0 0 10 0 0 13 12 0 0 0 0 
0 16 0 13 0 0 0 0 0 0 8 0 1 2 3 11 
0 12 0 10 9 0 2 0 0 5 3 7 13 8 16 0 
0 0 0 0 0 0 1 13 16 2 0 0 4 12 0 7 
11 0 0 0 4 0 0 16 1 13 0 10 0 0 0 0 
0 0 0 3 0 0 13 0 0 4 2 0 5 0 0 8 
0 0 0 1 0 0 15 6 7 0 0 0 0 0 14 0 
5 10 0 4 12 1 3 14 9 8 0 0 2 0 13 15 
