21 6 19 0 0 0 7 20 0 0 25 0 23 0 0 0 9 8 0 0 0 1 0 0 5 
16 25 0 1 0 0 10 0 0 0 20 0 13 8 0 0 4 5 3 17 12 24 21 7 23 
4 0 7 0 5 0 9 12 17 3 6 0 21 1 0 0 15 0 0 0 11 16 0 13 14 
2 0 13 0 0 5 4 16 21 19 3 0 0 0 0 0 1 0 0 14 10 8 6 0 9 
23 3 24 0 0 0 0 2 0 0 0 0 0 7 0 0 6 0 0 21 22 19 20 0 0 
3 17 23 0 0 0 0 0 0 0 0 25 0 11 0 0 8 0 0 0 18 0 16 0 1 
24 8 25 15 0 0 16 4 0 0 0 3 0 13 0 20 2 0 0 19 0 22 14 17 11 
0 4 14 0 0 18 0 17 24 0 22 15 2 0 0 25 7 0 0 0 13 0 0 8 0 
0 0 0 0 7 0 0 14 22 8 17 1 0 19 16 0 24 18 6 3 0 4 12 20 0 
22 16 0 12 18 19 0 3 2 0 0 20 8 0 7 0 17 9 0 23 25 0 0 6 24 
0 7 0 0 8 0 0 0 25 24 13 6 0 0 0 0 0 19 9 0 21 17 22 23 20 
5 0 15 0 19 17 0 1 0 23 0 0 10 20 3 8 0 22 0 0 16 18 24 0 13 
25 22 0 0 0 0 0 0 12 0 0 21 0 16 0 0 0 0 0 4 0 0 1 9 6 
0 0 0 21 24 0 0 0 0 4 0 0 0 14 22 0 11 2 1 6 0 0 0 0 25 
0 20 0 18 17 0 19 21 7 0 24 11 25 9 0 15 0 0 23 0 0 12 0 14 0 
7 0 0 0 0 0 0 8 19 15 10 13 17 2 20 0 16 4 18 9 1 0 0 21 0 
20 1 21 0 23 0 0 11 0 0 19 18 3 15 0 14 13 25 22 0 9 6 0 4 10 
15 0 6 0 16 0 0 13 4 22 0 0 11 0 25 10 0 23 17 8 5 20 0 12 18 
17 13 0 0 0 0 23 0 0 18 16 14 0 0 12 1 5 15 20 0 0 0 19 25 7 
18 0 4 19 9 12 0 0 0 0 1 8 0 22 23 7 0 3 0 2 14 13 0 16 0 
14 19 0 0 11 0 21 24 0 17 23 22 0 0 0 2 20 0 8 13 3 7 9 1 12 
0 21 0 5 0 16 0 0 0 13 0 24 1 3 0 9 0 0 4 7 17 10 0 0 19 
0 23 0 16 3 0 20 7 5 1 21 19 12 0 8 11 18 0 10 24 6 14 15 22 4 
10 0 0 0 1 0 0 0 0 0 2 9 7 4 18 5 0 21 0 0 0 0 0 24 16 
0 24 22 0 4 0 0 0 14 12 0 17 20 6 0 3 25 1 0 16 0 0 0 5 0 
