0 0 15 0 0 23 18 17 8 7 0 0 0 0 9 21 11 10 19 0 5 1 0 3 2 
18 3 0 11 25 19 5 9 0 0 6 20 0 7 1 0 0 15 8 2 24 14 22 0 10 
0 0 0 20 0 10 12 0 0 0 0 15 0 4 5 3 0 0 14 0 0 6 0 0 0 
5 7 0 12 0 14 25 0 15 24 10 0 17 16 19 13 4 18 0 6 9 0 0 20 11 
19 10 14 21 17 20 22 4 3 6 2 18 0 0 0 0 1 0 0 0 23 0 0 0 0 
4 18 1 9 3 17 0 0 14 0 0 0 0 0 21 24 2 11 0 16 0 20 0 0 0 
11 0 0 7 2 0 0 5 20 18 17 0 0 0 0 10 0 0 0 0 21 25 1 0 0 
25 17 0 0 0 0 0 16 0 10 9 13 1 24 0 8 19 23 0 4 7 0 6 0 0 
0 0 0 15 23 0 0 7 0 22 16 8 0 0 25 18 0 14 1 21 10 11 17 0 0 
0 24 0 10 16 6 0 0 0 1 11 0 2 15 23 0 7 0 17 0 3 4 18 19 0 
1 9 3 13 0 12 2 0 19 4 0 16 0 25 10 20 6 5 0 0 17 22 0 23 0 
0 0 6 8 0 25 0 18 0 0 0 0 14 0 0 16 9 19 0 0 0 10 0 0 20 
0 21 0 0 20 7 0 0 0 0 19 0 22 5 0 14 0 0 24 11 8 0 16 0 0 
7 19 17 0 0 22 0 21 0 0 15 0 3 2 0 23 0 1 0 10 6 0 0 0 14 
0 14 0 0 0 0 20 15 16 11 0 0 18 0 6 0 0 2 21 0 1 7 0 9 0 
24 22 9 0 19 11 0 6 18 15 0 25 0 17 0 1 0 21 0 13 0 0 0 5 0 
14 1 7 25 0 8 0 22 0 20 0 0 16 0 0 11 24 3 0 0 13 0 23 21 0 
0 5 0 6 13 0 0 0 0 0 0 7 24 8 11 15 0 0 0 14 12 17 0 0 0 
12 11 0 0 21 0 13 0 25 17 22 0 4 9 14 0 0 0 0 8 0 18 24 10 0 
8 0 0 17 10 0 14 0 5 0 0 6 12 21 13 19 0 0 23 22 11 0 2 25 0 
16 25 0 0 0 13 11 20 22 5 0 23 9 14 8 0 21 0 3 0 0 0 10 4 0 
21 4 13 19 14 0 1 0 0 0 25 0 11 0 0 9 0 0 10 0 18 24 0 0 22 
0 0 10 5 24 0 16 25 0 19 1 22 21 0 7 4 0 0 15 18 20 13 0 0 17 
0 0 0 0 0 21 17 3 6 12 0 24 15 10 16 2 22 13 11 0 14 0 7 0 25 
17 6 11 0 0 0 0 10 0 14 0 2 0 13 3 0 0 20 7 0 0 23 9 8 0 
