0 0 0 0 0 3 0 0 0 5 0 6 0 11 8 0 22 0 0 21 0 16 18 0 0 
0 22 7 0 10 0 0 0 12 0 0 0 16 1 13 5 0 18 0 3 0 8 20 0 19 
0 0 0 5 0 0 0 0 24 0 0 4 3 19 0 0 12 0 7 20 0 10 0 11 14 
0 3 12 20 0 0 2 14 4 0 0 10 9 18 25 0 15 16 24 0 0 0 0 17 0 
1 24 0 14 0 0 16 0 23 0 12 20 15 21 17 0 8 0 13 0 0 6 5 3 2 
3 25 23 8 4 22 5 15 0 0 10 9 0 0 11 24 18 0 20 0 0 0 0 0 0 
0 0 5 12 0 0 13 0 0 1 23 0 21 6 0 0 0 8 3 25 9 7 2 15 10 
14 21 0 7 0 0 17 0 19 12 3 8 0 0 0 6 10 0 0 2 0 0 0 0 4 
0 10 0 0 1 21 0 0 6 0 19 12 18 7 4 15 9 0 0 13 25 17 14 20 23 
0 15 6 0 0 9 0 0 7 0 13 24 0 2 0 0 1 0 21 19 0 0 0 12 5 
8 18 0 0 14 0 10 6 9 11 25 7 0 24 15 13 17 21 1 4 20 19 0 0 16 
7 20 25 0 17 0 24 19 0 23 8 0 0 9 0 18 16 2 0 0 4 0 10 6 0 
5 0 10 0 0 1 14 17 25 3 0 0 11 16 18 0 20 0 19 0 22 12 0 8 15 
9 0 0 15 6 4 0 12 22 16 20 1 2 3 10 0 0 11 25 14 17 0 21 13 0 
0 0 13 11 16 0 0 0 0 0 21 17 4 23 19 3 0 22 0 0 0 14 0 25 0 
0 0 0 9 5 19 0 3 16 6 11 18 0 0 1 0 13 0 14 0 21 0 4 0 25 
15 13 1 6 0 0 18 8 5 0 0 0 0 0 14 0 0 0 9 0 11 0 0 19 20 
10 8 0 4 24 23 0 0 0 22 0 15 13 20 3 25 11 0 18 5 0 9 0 0 12 
11 0 0 25 0 7 0 9 17 24 16 5 0 0 21 20 0 0 2 0 13 0 1 10 8 
0 12 21 0 22 0 0 0 0 0 9 0 0 10 24 0 23 0 0 0 0 0 0 0 3 
0 0 0 24 0 12 0 0 0 0 1 11 20 0 6 0 0 0 0 17 19 25 0 21 0 
23 9 4 19 3 6 0 0 11 21 17 0 0 22 12 1 14 0 8 0 0 0 15 2 7 
25 0 0 0 21 0 19 0 0 17 15 23 0 14 7 0 0 0 5 9 1 3 0 0 6 
0 6 2 10 0 0 1 0 8 18 4 0 19 0 0 12 0 20 0 0 0 0 11 0 17 
17 5 0 1 0 15 22 20 3 0 18 0 0 0 0 19 0 25 6 11 0 4 0 23 24 
