24 19 23 22 18 0 0 15 25 0 6 20 21 0 10 9 4 16 0 0 3 0 0 5 1 
0 0 21 12 0 18 4 0 0 17 0 0 0 0 15 6 24 20 5 25 10 0 0 0 23 
11 0 0 14 20 1 0 8 13 10 4 12 0 5 25 23 0 15 0 0 7 6 0 0 21 
0 5 0 25 15 0 0 0 7 0 0 1 22 24 0 10 0 0 3 12 0 0 0 17 0 
3 7 6 17 10 5 20 24 0 0 0 0 0 0 0 1 0 11 18 0 22 25 15 4 2 
0 10 0 4 16 0 18 1 5 0 0 0 11 2 0 21 0 0 0 0 9 0 25 14 0 
15 6 0 0 0 19 13 7 23 4 0 0 0 21 0 8 0 18 9 0 0 10 20 0 24 
7 0 9 13 0 0 17 16 0 20 24 0 15 0 0 0 0 3 0 0 0 19 0 23 12 
5 17 0 24 14 0 2 0 8 0 23 0 0 9 0 0 11 22 0 1 16 3 0 0 18 
0 8 0 23 0 14 9 12 24 22 10 13 0 25 20 16 5 17 15 19 0 0 0 0 0 
8 0 0 0 0 0 19 10 12 1 0 0 0 14 2 11 15 0 22 4 0 0 0 0 3 
19 23 0 0 0 24 6 0 21 3 17 7 0 22 11 0 20 25 14 18 4 1 16 8 0 
13 11 0 0 3 0 0 0 16 5 0 0 0 0 18 0 1 8 0 2 24 0 0 0 14 
0 24 0 20 0 0 25 14 18 11 21 5 23 13 0 0 0 9 0 7 19 17 0 10 0 
1 0 14 21 6 20 7 17 15 9 3 16 8 4 19 0 10 5 23 24 13 18 22 2 11 
20 0 0 10 9 15 14 22 0 0 0 0 0 11 0 2 13 0 0 17 25 8 0 7 0 
6 0 1 19 23 7 0 25 0 13 0 0 0 8 3 0 0 0 0 0 0 2 0 0 0 
17 13 0 0 5 9 0 18 1 0 7 0 25 6 0 14 0 0 20 3 0 4 0 21 19 
16 2 11 0 0 0 0 0 20 0 0 0 24 0 0 0 9 23 21 8 18 14 1 22 17 
0 14 0 0 0 11 8 0 2 0 0 0 0 0 17 5 0 0 0 0 0 9 10 0 13 
10 0 5 0 22 0 12 0 0 0 8 18 13 0 0 0 23 4 0 0 2 15 0 3 16 
14 0 0 0 13 25 1 0 3 7 2 0 0 0 0 0 0 19 0 0 0 5 23 0 22 
23 18 12 0 0 22 0 5 0 0 11 0 19 16 21 17 3 0 13 20 0 0 4 0 7 
25 3 7 16 19 0 24 0 0 2 9 0 17 0 5 0 21 0 0 0 6 0 14 11 0 
9 0 0 0 24 0 0 13 6 0 0 10 0 0 14 0 0 0 0 5 8 20 21 0 25 
