4 0 0 16 5 0 1 0 2 14 9 13 6 15 11 8 
1 14 5 0 2 0 0 0 0 0 0 0 0 0 10 9 
6 0 0 0 7 9 14 15 0 0 3 0 0 0 4 12 
0 12 9 0 13 4 11 6 1 0 0 8 0 0 0 2 
0 1 0 14 10 2 0 0 6 3 15 9 13 4 7 0 
16 0 0 12 15 0 0 1 0 0 0 0 0 0 9 0 
2 5 0 15 0 0 0 11 0 1 0 0 0 0 0 0 
9 0 10 0 0 14 7 8 0 0 0 0 1 6 15 11 
12 10 1 7 8 0 0 0 9 6 0 4 5 0 13 0 
0 0 13 0 0 0 10 0 0 8 0 0 9 16 14 1 
5 11 0 8 0 1 4 0 10 0 0 14 0 0 12 0 
0 0 0 9 0 5 0 13 3 7 1 11 0 0 8 0 
10 15 0 0 0 0 0 0 7 5 0 0 0 0 0 16 
7 0 4 1 0 0 2 0 16 0 10 3 0 5 0 13 
13 0 0 2 1 11 6 0 0 0 14 0 0 0 3 0 
0 6 0 5 16 0 3 0 4 0 0 2 0 0 0 15 
