4 2 0 0 9 0 6 5 15 0 0 0 1 0 0 0 
15 0 0 10 16 12 14 11 0 0 2 0 0 5 0 9 
0 0 16 9 0 0 0 10 0 0 0 12 0 0 0 0 
3 0 5 0 0 2 0 0 14 0 9 0 0 15 0 0 
10 0 2 4 7 0 11 1 0 0 0 8 0 0 0 14 
0 11 0 13 2 0 3 0 16 9 14 4 0 0 0 12 
16 0 0 0 14 0 0 0 13 0 3 1 0 0 4 11 
0 5 0 12 0 0 0 0 7 0 15 0 2 16 0 1 
2 3 0 16 8 0 0 13 0 0 0 15 0 11 5 4 
13 7 4 0 0 11 0 0 9 16 0 0 6 0 1 3 
6 0 1 8 0 0 0 7 11 0 0 2 0 12 0 13 
0 0 0 5 1 0 0 14 0 3 13 6 15 0 2 7 
0 0 11 2 10 0 0 4 3 0 6 13 9 1 14 0 
7 16 10 1 0 0 9 0 2 11 8 14 0 0 6 15 
9 4 0 0 6 0 2 0 1 15 5 16 0 7 0 0 
12 14 0 0 0 0 0 0 0 0 0 0 0 2 0 5 
