15 0 11 8 3 0 0 12 14 0 2 13 0 0 0 0 
0 10 4 7 16 0 0 14 0 9 15 0 0 0 0 11 
3 0 0 12 0 15 5 11 0 0 0 0 2 8 0 4 
2 0 16 9 4 10 13 0 0 6 5 12 0 0 7 0 
0 2 0 0 15 0 3 0 0 16 7 0 0 4 9 0 
4 0 0 10 5 11 0 7 0 13 12 0 0 2 15 0 
0 16 0 0 12 14 8 4 2 0 0 6 0 0 0 13 
7 0 0 13 2 0 16 0 4 0 0 11 6 5 0 12 
0 3 0 0 0 12 10 5 0 14 0 7 8 0 0 9 
0 6 0 2 7 3 0 0 0 11 4 0 13 12 0 16 
9 15 0 14 0 0 0 0 1 0 8 0 0 0 11 0 
10 0 7 16 0 8 0 2 0 5 0 15 0 3 14 0 
14 0 2 6 8 1 0 0 15 0 0 0 0 0 13 0 
13 0 0 0 0 0 2 0 0 12 16 0 0 11 4 14 
0 0 0 0 13 5 0 0 0 0 14 2 0 9 8 3 
0 0 9 5 14 4 0 0 0 0 11 0 0 6 0 0 
