0 0 1 0 0 0 5 15 19 0 13 0 0 25 7 0 0 11 2 0 0 0 0 14 17 
5 11 18 13 0 21 0 9 1 10 0 15 8 0 3 17 4 0 0 0 2 0 23 0 0 
0 17 7 0 6 0 0 23 20 0 0 1 0 12 0 5 10 21 16 0 22 18 13 0 0 
0 0 23 12 0 13 0 18 4 3 0 0 0 0 17 0 1 0 7 0 0 0 20 19 0 
24 25 10 0 22 0 0 17 0 0 23 0 0 0 19 0 0 3 13 0 6 0 5 0 0 
1 10 19 7 0 0 18 2 0 8 6 0 20 0 21 0 0 0 17 13 4 16 14 0 0 
16 18 0 14 23 5 0 24 13 20 22 0 0 7 0 0 15 4 21 9 0 3 1 10 8 
0 0 5 20 0 0 10 6 21 0 0 12 0 14 0 8 16 7 0 0 17 19 0 18 0 
0 22 0 0 0 0 0 0 0 17 0 0 5 10 16 6 11 18 0 14 7 20 0 13 25 
3 0 21 17 25 0 7 0 0 12 0 0 0 0 0 0 0 20 0 1 15 6 9 24 11 
0 0 12 22 0 6 0 5 0 0 24 3 1 0 0 0 0 9 11 0 0 13 0 0 2 
23 8 0 9 0 0 0 11 22 13 0 20 14 19 18 21 5 12 25 17 3 7 15 0 6 
7 6 0 0 0 23 12 3 15 16 0 0 0 21 0 14 24 8 22 10 0 9 19 20 5 
19 13 0 25 0 0 0 0 0 21 0 0 22 5 0 4 0 23 0 18 16 0 11 8 12 
4 5 20 0 0 17 0 0 8 19 25 0 0 23 6 16 13 1 3 0 0 10 22 21 0 
0 15 4 0 1 0 22 8 2 0 0 14 0 0 11 0 0 13 0 0 0 21 25 0 19 
0 16 9 21 5 0 14 20 0 18 19 23 0 1 0 11 8 15 6 3 0 2 24 12 0 
0 0 13 18 8 9 0 0 0 23 2 25 0 0 0 0 22 0 0 0 5 0 16 11 0 
6 0 0 23 17 0 13 16 25 0 4 0 0 0 0 1 0 2 9 0 8 0 0 3 20 
2 7 0 11 19 0 15 21 0 0 20 0 16 17 0 0 0 5 0 0 0 22 0 6 0 
0 0 16 2 7 0 21 13 0 6 3 0 24 0 14 0 0 0 19 12 1 23 0 9 0 
22 23 0 10 3 0 16 12 24 0 0 18 0 11 20 2 14 6 1 0 19 0 7 0 13 
21 1 0 0 12 20 17 0 0 15 8 13 0 2 23 0 9 0 4 11 24 5 0 16 0 
0 19 24 0 13 18 23 0 10 14 12 0 0 0 0 0 21 0 0 0 0 0 0 2 15 
18 14 17 0 0 0 0 0 0 1 0 0 25 16 5 0 0 0 15 0 0 12 0 22 10 
