25 0 0 0 5 7 9 8 14 12 13 20 0 10 4 24 0 16 0 21 0 11 3 0 17 
0 0 0 0 11 5 0 23 3 1 0 0 21 6 22 8 18 0 0 0 0 15 9 0 0 
1 0 0 10 14 21 0 0 0 0 5 0 9 0 0 15 3 0 7 0 0 6 20 25 0 
13 0 23 20 21 10 22 0 0 16 24 14 0 0 8 11 0 0 0 6 0 0 0 0 4 
8 0 7 9 12 0 0 2 20 6 0 3 0 1 11 23 0 0 0 0 16 14 0 22 0 
0 0 24 7 10 16 0 0 0 22 14 17 0 0 18 0 0 6 12 0 0 2 11 0 0 
0 20 2 0 0 0 0 9 19 11 23 1 25 4 0 0 5 0 22 0 0 18 0 0 0 
4 21 9 12 0 0 5 0 6 0 8 0 0 0 19 0 0 18 0 2 22 0 13 0 0 
3 11 25 0 0 23 1 18 12 13 0 24 0 2 16 0 10 0 0 0 6 8 0 0 9 
5 0 18 22 0 0 0 0 0 0 0 9 0 3 7 13 15 0 11 0 12 19 0 20 25 
0 0 0 2 0 0 6 12 0 0 0 5 1 8 13 0 0 0 0 0 17 20 0 23 21 
0 0 8 16 0 0 3 0 0 0 12 21 4 18 0 6 0 1 9 7 11 24 0 14 0 
12 22 0 0 18 11 0 20 0 0 19 16 14 7 3 25 21 5 10 15 9 4 0 6 2 
0 5 3 0 0 0 14 21 4 9 10 2 15 0 6 17 24 8 13 0 25 0 0 12 0 
0 0 14 0 25 1 0 0 13 10 9 0 11 24 17 4 0 0 0 0 8 3 7 5 0 
14 0 21 3 7 22 24 10 5 17 0 0 6 9 23 12 13 11 0 18 0 0 8 16 15 
22 25 12 24 0 0 0 13 0 0 17 0 7 0 21 0 14 4 8 23 10 9 6 0 0 
0 16 0 0 23 3 8 0 0 21 0 10 0 12 15 5 0 0 24 0 14 13 4 17 0 
17 0 10 18 8 0 0 0 0 0 0 0 24 0 1 22 6 15 16 19 20 0 0 0 7 
15 0 4 0 6 0 0 1 7 20 0 0 2 0 14 3 17 25 21 0 24 0 0 0 23 
24 0 0 0 22 0 16 0 0 0 7 0 0 0 5 0 4 12 0 0 15 0 0 0 6 
16 8 5 23 4 0 0 14 0 18 1 0 17 0 25 0 19 0 0 22 7 0 24 2 0 
0 12 6 0 3 2 7 0 0 15 21 0 8 0 10 18 16 13 0 0 4 0 25 9 14 
0 7 0 21 0 24 13 0 8 19 4 23 12 15 0 10 0 0 0 25 0 0 0 0 20 
11 14 0 0 9 0 0 3 10 23 2 6 16 19 0 0 0 0 5 0 0 0 0 0 0 
