2 13 0 0 0 8 0 0 0 0 5 1 0 0 4 0 
0 0 0 8 2 15 0 6 0 12 0 0 7 0 0 13 
14 0 11 10 0 13 0 0 8 0 0 0 1 2 3 5 
7 9 0 0 0 0 0 0 3 10 2 0 0 0 0 15 
0 0 16 0 0 0 11 1 10 5 0 0 0 3 0 14 
8 3 0 0 0 5 0 0 1 11 15 0 0 6 12 16 
0 4 0 12 15 0 0 8 13 0 3 0 0 1 11 0 
0 0 0 14 0 0 0 0 4 6 0 2 0 5 0 8 
6 0 0 11 0 0 16 7 0 0 0 10 0 0 0 1 
0 7 15 1 0 0 8 0 0 0 0 0 16 0 13 0 
10 5 9 13 1 12 0 0 0 2 0 3 8 4 7 6 
0 16 4 2 5 6 13 14 7 1 8 15 0 0 9 10 
1 0 0 6 0 0 3 0 0 7 0 0 10 13 16 2 
11 0 13 0 7 14 2 0 6 0 0 0 0 0 15 0 
15 0 7 0 0 16 0 0 11 0 0 5 0 0 6 4 
0 14 0 9 0 4 0 5 2 15 13 0 11 7 0 0 
