7 15 21 8 9 0 22 0 0 0 0 14 25 0 0 0 0 24 0 0 0 19 0 0 0 
13 0 3 0 0 14 17 4 8 0 5 19 0 15 24 18 0 0 23 0 21 25 0 2 20 
0 23 0 0 0 24 0 12 25 18 6 9 13 0 22 0 3 2 0 0 15 0 0 0 11 
18 4 6 14 0 0 0 0 19 5 0 2 16 12 0 8 0 13 22 0 9 23 17 0 0 
0 0 0 0 0 0 16 6 20 0 0 8 17 21 1 9 0 0 15 0 4 13 14 12 3 
14 21 0 0 23 0 25 0 1 17 15 16 0 20 4 2 6 9 0 0 11 0 12 0 0 
0 0 0 13 0 4 0 0 16 0 22 12 0 0 0 0 0 0 0 18 24 0 0 21 2 
1 0 0 24 19 0 23 2 0 0 21 18 11 0 0 0 0 0 0 0 0 14 15 0 6 
6 0 20 0 0 0 18 0 0 0 1 24 14 0 13 22 23 0 4 15 0 5 19 7 25 
17 2 0 12 0 0 0 0 24 14 0 5 23 6 0 7 11 0 21 16 10 4 0 18 0 
10 0 0 7 4 0 1 9 23 16 0 25 0 11 0 0 17 0 0 22 3 24 0 14 13 
24 0 9 0 0 17 4 18 3 22 0 0 1 0 16 11 20 25 0 0 5 0 0 15 0 
3 0 2 15 0 5 0 8 11 25 4 23 22 14 9 0 0 7 1 0 0 0 0 17 19 
19 0 11 25 14 0 20 10 15 0 2 0 24 0 0 16 0 3 0 9 23 0 0 8 1 
16 22 1 5 20 2 0 14 0 19 10 0 0 3 15 0 0 23 0 0 0 0 0 9 0 
4 0 12 0 0 18 8 0 14 0 25 0 21 24 10 0 0 1 3 23 0 0 9 20 17 
25 0 15 21 16 0 0 0 12 0 0 22 0 18 23 24 0 0 8 0 6 0 13 3 5 
8 20 13 17 1 22 9 11 6 0 0 0 3 0 12 0 0 0 2 0 16 0 25 23 0 
0 0 14 22 18 0 0 19 21 13 0 20 0 1 0 0 16 0 17 25 7 2 0 4 8 
11 19 24 0 0 7 0 0 4 23 16 15 0 0 0 13 0 21 0 20 0 1 18 22 0 
9 10 0 20 0 19 13 0 18 0 24 6 0 0 0 0 2 5 11 12 14 0 0 25 15 
5 11 18 0 24 16 12 0 0 0 13 0 0 0 0 23 8 0 7 0 0 9 6 19 0 
21 0 0 6 0 0 0 24 0 2 23 1 12 0 14 25 0 0 0 17 0 0 0 0 18 
12 0 0 0 17 25 0 0 0 4 0 11 8 0 18 0 19 0 13 24 2 16 0 0 10 
0 13 0 0 15 11 0 1 9 0 0 0 0 7 19 20 18 16 10 21 22 12 0 0 0 
