0 7 0 10 16 0 3 0 0 0 5 15 12 8 0 0 
9 0 5 0 0 0 12 1 0 0 3 16 15 4 10 13 
8 0 4 0 15 0 0 10 0 0 0 7 0 0 0 3 
0 16 0 12 11 0 13 0 8 10 0 6 2 0 7 0 
4 0 0 2 0 10 7 11 16 5 15 0 3 14 0 0 
10 0 0 0 13 12 15 0 0 0 0 8 0 0 0 0 
0 8 0 13 0 0 0 0 11 3 10 14 16 0 0 0 
0 5 15 7 3 0 14 8 0 1 0 12 0 9 0 10 
14 6 7 0 0 13 0 9 0 0 0 0 10 0 4 16 
13 0 12 0 10 0 0 3 15 0 16 0 0 2 8 0 
0 0 9 0 14 0 2 12 10 0 0 5 0 15 13 0 
0 0 0 0 0 0 1 0 0 14 0 3 5 11 0 12 
0 0 14 0 0 0 0 0 0 9 12 0 0 16 2 0 
7 0 0 4 12 8 11 0 0 16 14 2 0 13 3 15 
3 0 0 0 2 0 0 4 0 13 11 0 0 12 0 5 
0 12 0 9 0 14 0 13 0 15 0 4 7 0 1 0 
