0 3 0 0 0 0 0 0 0 7 0 9 0 12 0 0 
0 2 0 0 3 6 12 9 14 15 10 5 0 0 7 11 
14 0 0 0 0 16 0 7 3 0 0 0 6 2 0 10 
12 9 7 10 1 0 8 15 4 0 0 0 14 0 0 13 
0 6 0 0 0 13 3 0 12 0 0 0 0 0 14 7 
5 10 13 0 16 0 15 0 0 0 0 3 8 4 0 0 
0 1 14 11 9 7 0 0 15 8 5 0 13 0 16 0 
0 0 4 12 8 10 14 0 1 13 0 0 0 0 2 9 
0 0 0 0 0 0 0 5 0 6 0 0 0 0 4 0 
16 0 0 0 0 0 6 8 7 2 0 1 10 0 13 15 
4 11 0 14 10 0 1 0 0 3 0 13 0 7 6 0 
6 15 0 0 14 0 7 13 0 9 4 8 12 0 5 0 
9 4 0 0 0 0 0 14 0 11 0 0 0 13 0 0 
1 14 0 7 13 5 16 0 0 0 0 0 0 0 0 4 
0 12 0 0 0 9 0 1 6 5 3 4 0 16 10 0 
0 0 3 0 0 0 11 4 13 12 0 14 15 9 0 5 
