0 0 0 0 0 2 0 1 0 6 0 11 3 0 0 8 
0 11 0 0 5 4 0 0 0 0 0 9 0 2 16 0 
0 3 1 0 0 8 6 14 15 0 0 0 13 0 0 0 
6 10 2 4 3 12 9 11 0 13 0 16 1 0 14 15 
14 0 0 7 1 3 16 8 12 0 10 0 0 11 6 4 
0 15 0 0 2 14 7 0 0 0 8 0 0 12 0 0 
16 0 10 0 12 0 0 9 0 0 0 0 0 0 0 2 
0 0 12 8 0 0 0 0 4 9 6 1 0 0 0 14 
0 0 3 9 0 0 0 5 16 11 0 0 2 0 0 10 
2 0 0 0 11 0 0 12 0 8 13 0 16 0 0 7 
0 0 7 15 6 0 13 0 0 0 0 0 8 3 0 5 
13 5 0 1 0 7 0 16 0 2 15 12 14 4 9 0 
0 0 0 0 9 0 0 0 11 12 0 15 0 14 7 0 
0 13 0 0 0 11 12 4 0 7 9 10 6 1 8 0 
0 7 0 12 8 0 2 0 6 1 0 0 0 0 5 0 
0 0 11 14 7 10 0 13 0 3 0 8 4 0 2 12 
