0 0 0 0 0 0 0 0 0 2 16 15 3 0 0 0 
0 0 10 0 0 14 0 3 13 0 11 0 0 12 0 0 
11 0 0 14 12 2 0 0 8 4 0 0 15 10 0 0 
0 0 0 13 11 10 0 0 0 0 14 0 0 0 4 5 
0 0 0 0 16 7 11 0 1 3 4 0 5 15 12 14 
0 11 14 0 10 0 0 0 16 0 0 0 0 0 7 8 
4 16 7 12 5 15 0 1 0 10 0 0 0 3 2 0 
1 5 0 9 6 4 0 8 7 0 0 12 0 16 0 10 
0 14 12 0 7 6 0 0 0 8 0 4 0 0 11 1 
0 0 0 0 3 9 0 0 6 11 12 13 0 7 0 0 
0 0 0 0 0 8 0 14 2 9 1 3 16 0 6 4 
0 0 4 0 0 0 10 0 14 0 7 5 0 2 0 12 
10 3 0 7 8 16 6 0 4 1 0 0 0 13 15 0 
0 0 0 5 2 0 0 0 12 15 6 11 0 0 8 0 
8 12 15 0 14 11 4 7 5 0 0 10 1 0 16 0 
6 0 11 4 0 0 9 0 0 0 0 16 0 14 0 2 
