12 9 0 1 0 0 3 0 11 16 10 0 0 4 7 6 
0 3 14 0 6 0 12 0 1 0 13 0 0 0 0 5 
0 10 0 8 13 9 0 0 6 7 14 0 0 2 12 0 
0 0 0 16 10 0 0 7 0 0 0 0 0 0 13 0 
0 0 0 0 0 12 0 14 16 1 0 7 0 0 4 9 
0 4 0 0 0 10 0 0 0 6 15 9 0 0 14 0 
16 12 6 0 4 0 5 9 0 0 0 0 15 0 0 0 
0 15 1 10 0 11 13 8 5 0 0 14 0 0 0 0 
1 14 12 0 0 5 0 3 13 0 7 11 4 6 0 2 
0 0 11 6 0 0 10 0 14 0 0 0 0 0 1 3 
0 13 10 2 0 0 4 0 12 3 16 0 0 0 0 0 
8 0 0 9 11 13 0 0 0 5 6 0 0 10 0 12 
10 6 8 0 0 3 7 0 15 0 1 16 5 12 0 0 
0 0 9 0 0 6 0 16 0 12 2 13 1 15 0 0 
0 1 0 0 14 2 0 0 3 0 0 0 6 7 8 0 
5 0 15 0 0 0 11 10 7 14 8 0 3 13 9 16 
