14 23 0 8 0 4 0 3 15 0 21 5 22 0 0 11 6 0 0 17 0 9 0 1 0 
24 0 13 3 21 18 0 0 9 12 1 0 6 25 0 0 19 0 14 0 0 0 0 0 2 
0 6 0 7 15 0 5 21 1 11 0 19 0 0 10 16 25 0 0 0 23 0 0 0 24 
19 9 16 0 17 0 10 23 2 20 3 0 0 0 4 0 0 0 0 5 0 15 6 11 21 
4 0 0 18 0 0 6 17 0 0 0 0 8 11 0 0 0 0 2 0 16 25 0 0 0 
0 12 0 0 0 15 7 1 0 0 8 16 23 2 0 0 0 13 3 9 0 11 0 17 5 
0 0 0 23 0 0 0 18 16 0 0 0 12 0 0 6 0 0 5 0 0 10 25 0 0 
0 13 0 22 9 0 23 19 4 0 11 20 0 0 0 17 0 14 15 0 0 12 2 0 16 
16 8 25 15 0 11 3 24 21 9 0 0 7 5 18 4 20 12 0 2 1 0 23 6 22 
20 19 0 0 5 6 0 2 25 0 10 1 0 9 21 0 0 0 22 7 4 3 0 0 14 
22 7 8 9 0 23 13 0 10 0 15 0 0 12 2 0 0 5 16 6 24 0 0 3 25 
13 4 0 10 23 0 18 0 22 0 0 3 0 6 5 0 2 0 0 8 15 20 17 7 11 
25 15 14 0 18 0 0 6 7 0 13 0 0 8 11 0 0 17 0 22 0 1 4 12 0 
1 0 24 19 0 0 0 25 5 14 0 0 16 23 0 7 11 21 18 13 0 2 0 0 6 
0 2 0 5 0 1 0 4 0 0 0 0 10 14 0 0 9 0 23 12 0 16 13 0 0 
8 16 0 11 0 0 1 14 24 25 0 21 0 4 3 0 0 7 6 18 0 23 0 0 9 
7 0 3 24 0 13 19 0 6 23 9 25 17 0 8 0 12 0 20 0 14 0 11 22 0 
5 17 0 0 19 3 21 0 0 0 12 0 18 0 14 0 23 11 25 10 20 4 16 24 15 
0 0 9 0 0 0 22 0 0 16 19 2 11 10 0 0 8 0 17 0 0 0 0 21 1 
2 18 0 20 22 7 0 11 12 0 0 0 15 0 0 0 5 0 21 0 13 19 3 25 8 
0 3 0 13 25 0 0 10 19 0 0 8 0 21 12 5 14 0 0 20 7 24 15 0 4 
0 22 19 2 0 24 0 0 0 1 0 0 0 0 0 0 17 0 0 23 25 21 14 16 20 
15 5 0 14 16 0 11 12 0 0 0 0 4 0 0 0 0 2 7 0 0 8 0 0 19 
0 0 20 0 8 0 0 7 0 0 0 23 14 0 9 24 15 3 4 19 11 22 10 18 12 
9 0 0 4 0 21 0 0 0 15 0 22 0 0 25 0 0 0 11 0 0 6 1 0 17 
