14 13 11 5 15 16 0 9 3 0 8 2 0 0 4 0 
4 0 2 8 0 0 0 0 1 0 7 0 0 0 3 0 
15 12 1 3 0 0 0 0 6 14 5 16 0 0 0 0 
0 9 7 0 0 0 3 8 0 4 11 0 0 0 5 0 
0 0 0 1 0 0 0 0 0 0 0 0 0 0 14 16 
0 0 10 0 9 7 0 0 11 0 0 0 13 1 0 6 
0 0 14 0 1 6 16 0 13 7 9 15 0 0 0 3 
0 11 0 9 0 0 15 13 0 1 16 0 7 4 0 0 
0 0 0 10 7 0 2 3 0 13 0 0 4 0 0 14 
3 0 0 7 16 0 0 1 4 0 2 0 8 0 0 0 
0 2 0 15 11 13 0 4 0 0 10 0 0 12 16 7 
0 16 4 0 5 8 0 0 7 9 0 14 11 3 6 2 
5 0 15 0 6 14 9 0 0 0 3 0 0 0 1 4 
0 0 9 0 3 10 13 7 0 0 15 0 0 0 0 0 
13 7 16 0 2 0 0 5 12 11 0 0 3 9 10 8 
0 0 0 2 0 11 0 16 0 5 0 0 14 6 7 15 
