0 0 0 14 0 8 6 0 0 13 12 15 0 24 0 23 3 5 20 0 0 19 18 0 21 
12 0 0 5 8 0 4 0 11 0 0 0 0 14 1 24 0 18 0 19 15 23 22 20 0 
0 10 20 6 0 23 5 12 0 0 19 0 7 0 0 0 0 0 2 4 14 0 16 0 13 
9 0 0 0 15 0 0 14 24 18 11 25 23 10 3 16 0 13 12 8 0 7 5 4 0 
7 0 0 23 0 0 0 3 19 0 18 0 4 21 0 17 11 22 15 14 6 8 24 0 0 
0 0 0 24 12 0 23 15 0 0 20 0 0 0 6 0 4 3 0 16 5 9 0 0 8 
25 8 0 0 21 0 0 18 3 14 10 0 0 0 0 0 23 0 0 0 0 0 2 17 0 
15 3 6 0 0 2 0 7 20 0 8 0 0 0 0 9 19 24 0 17 0 22 25 10 18 
0 0 7 20 9 0 8 0 12 0 0 3 25 0 0 1 0 0 0 6 24 0 15 0 19 
11 18 0 16 17 19 0 0 0 6 0 0 0 22 7 20 0 0 0 15 0 4 0 0 0 
0 15 0 0 0 0 7 11 0 4 24 2 0 16 0 21 10 0 0 0 25 0 13 0 0 
0 25 8 13 0 24 0 0 23 10 0 21 5 0 11 15 14 4 0 0 9 20 19 0 6 
6 1 9 17 2 0 0 5 14 3 0 19 0 18 10 0 0 25 0 0 0 12 0 16 0 
0 0 10 0 0 9 0 0 18 8 0 6 0 3 17 0 0 0 0 22 7 0 21 0 0 
5 0 0 7 18 0 15 0 6 22 13 4 20 25 0 2 8 12 0 9 10 1 11 24 0 
17 0 13 0 25 6 0 20 0 7 0 1 15 23 22 19 0 11 0 21 2 0 12 0 9 
0 24 11 0 0 3 0 21 15 12 16 7 0 0 0 8 0 20 0 2 0 13 17 23 22 
0 7 23 0 0 18 25 4 10 0 2 8 0 20 13 0 0 16 5 3 0 0 6 15 24 
8 6 18 0 22 0 16 0 0 11 5 0 21 19 0 0 15 10 9 0 3 25 20 0 7 
3 0 15 0 20 0 0 0 0 24 4 18 0 0 25 12 7 23 6 1 19 10 0 8 0 
0 11 14 8 0 12 3 0 4 2 25 10 18 5 21 7 0 0 16 0 0 24 9 0 0 
0 0 24 15 10 11 0 0 25 17 22 12 0 0 0 0 5 21 0 20 18 14 4 0 23 
21 0 17 0 13 7 0 22 0 20 0 23 19 0 0 4 12 8 0 0 0 2 0 0 0 
2 0 0 0 6 0 0 8 5 0 0 17 0 0 0 10 22 0 0 0 0 0 0 0 0 
0 12 22 18 7 14 0 10 0 0 0 11 0 4 20 6 0 17 0 25 0 5 8 0 15 
