16 1 0 25 0 22 24 0 11 15 0 20 21 0 0 0 18 12 0 0 14 0 5 0 0 
0 0 0 0 3 7 0 0 0 0 23 5 11 0 0 0 0 0 21 0 12 0 9 0 2 
0 8 11 7 0 9 18 23 0 12 0 2 22 0 0 0 13 5 6 0 3 24 25 0 0 
2 0 18 0 24 0 8 6 10 0 7 1 0 0 13 0 3 9 0 25 21 0 0 11 0 
0 0 10 22 0 13 21 5 3 0 8 15 24 25 9 16 19 11 23 0 6 0 20 1 0 
9 6 17 0 18 19 1 15 0 11 20 0 23 0 14 0 2 13 22 0 0 0 0 0 0 
4 25 20 0 19 8 7 24 5 23 10 6 9 13 11 17 0 0 12 0 1 0 0 15 0 
22 0 0 24 0 0 10 25 14 0 3 17 15 4 8 0 0 0 20 6 0 0 11 19 16 
0 16 0 0 1 0 0 20 0 22 5 12 0 2 0 11 0 19 15 18 4 17 14 0 8 
0 15 14 0 11 0 0 0 2 17 0 21 19 0 22 3 0 8 25 0 13 12 23 0 7 
18 19 0 11 22 5 0 0 0 0 21 8 20 0 4 0 0 23 3 13 0 9 0 24 0 
23 0 15 16 0 1 0 19 6 20 13 0 0 0 0 0 0 0 0 0 0 14 0 0 0 
21 0 2 0 0 0 13 8 9 3 24 0 18 5 12 0 0 0 0 20 15 6 0 0 4 
0 3 0 0 4 0 11 10 15 21 0 0 0 0 23 0 9 25 0 1 22 8 0 0 0 
0 14 6 0 0 18 0 22 4 0 11 0 0 9 10 21 15 0 0 0 16 20 3 0 25 
8 0 0 15 0 0 0 12 0 9 0 18 0 0 0 0 1 21 4 0 19 0 10 0 5 
0 10 0 1 0 0 6 11 17 13 9 24 12 0 0 0 0 0 0 19 20 21 4 0 0 
11 0 0 18 0 0 0 16 24 0 14 3 2 23 0 10 0 17 13 0 0 1 0 9 0 
0 2 19 17 0 4 3 0 7 10 0 11 6 16 0 0 0 0 0 0 0 23 15 13 14 
13 12 0 21 16 14 0 0 8 1 0 4 10 19 5 9 6 15 0 0 0 0 0 0 0 
0 18 22 0 13 16 5 14 20 0 15 25 0 0 19 24 0 6 1 23 11 0 17 12 9 
0 23 0 12 10 0 22 0 21 6 0 0 17 0 0 25 0 3 0 15 0 2 18 14 0 
20 11 0 0 0 17 25 0 19 0 0 0 14 0 3 0 0 10 7 0 24 0 8 5 0 
0 21 0 0 0 11 15 1 0 8 12 0 0 0 0 0 0 0 9 17 23 0 13 3 20 
0 17 0 0 14 10 12 3 0 7 0 13 8 24 2 0 20 0 11 22 25 0 16 21 0 
