9 0 0 0 23 0 0 0 10 0 0 20 24 3 8 13 6 0 21 0 0 12 0 0 0 
0 11 0 1 8 0 0 16 4 23 7 18 0 9 10 3 14 5 12 25 22 0 2 0 21 
0 7 0 10 17 0 18 0 0 11 25 2 12 5 21 1 8 0 19 0 9 3 0 0 0 
12 0 3 0 22 25 6 0 5 8 15 0 13 23 0 10 4 0 16 2 11 20 19 1 24 
0 0 0 2 0 21 0 0 7 0 0 0 1 16 4 0 23 24 15 17 18 25 0 0 0 
7 19 0 0 0 17 0 12 23 0 1 11 0 6 0 15 0 0 24 0 0 0 5 0 9 
0 0 0 3 0 0 5 20 18 9 17 25 14 0 0 0 16 0 0 21 0 19 0 12 0 
14 15 0 0 0 22 19 0 8 0 0 0 0 0 0 0 0 6 4 0 0 0 20 24 11 
13 0 16 0 9 6 0 7 11 10 22 15 21 24 12 20 0 0 0 19 0 0 0 0 17 
0 4 0 0 6 3 21 15 24 0 20 5 0 0 18 0 9 17 0 0 1 22 0 0 10 
20 13 1 7 2 16 9 0 0 0 24 19 0 8 0 0 17 0 0 0 0 0 0 15 6 
15 6 24 16 0 23 8 0 3 0 18 0 17 11 5 25 0 0 22 9 0 0 12 0 0 
10 5 17 23 0 11 0 22 0 19 21 0 16 25 15 14 12 2 0 0 4 7 0 9 3 
0 0 14 19 0 4 7 1 25 15 0 0 0 0 22 16 0 13 8 0 0 0 0 0 0 
8 0 12 22 0 5 0 0 13 2 0 9 23 14 1 7 10 0 0 0 0 21 0 16 20 
18 0 0 21 0 13 12 0 9 25 0 0 22 0 23 11 0 1 10 0 7 4 3 6 0 
17 0 2 0 1 20 0 0 14 18 12 0 7 0 11 0 3 4 0 0 23 24 25 22 16 
0 0 22 0 3 7 0 21 6 4 9 0 0 20 24 0 0 0 25 0 14 5 0 17 19 
0 16 25 0 0 8 23 0 17 3 6 0 4 13 2 0 18 0 20 0 0 0 15 0 0 
19 12 0 0 14 10 0 2 0 24 0 21 5 0 25 23 15 9 0 0 8 0 0 20 0 
0 14 0 15 21 0 16 0 22 0 8 0 0 1 19 0 11 20 0 5 0 10 13 3 0 
0 17 9 6 12 18 10 8 21 7 0 23 0 0 20 0 25 15 0 0 16 14 0 0 0 
0 0 10 11 20 0 13 0 0 6 0 0 0 0 7 22 19 0 2 16 0 0 0 18 23 
4 0 8 25 16 0 11 0 19 0 10 12 0 0 6 0 13 0 14 0 0 0 21 0 7 
0 18 0 0 13 0 25 0 0 0 0 0 9 0 0 4 21 0 0 0 0 6 1 0 22 
