21 0 0 0 0 8 0 0 0 3 14 0 0 25 9 11 16 10 0 6 0 0 0 0 15 
0 0 6 0 0 21 0 12 17 11 20 7 0 0 18 24 9 2 14 0 25 4 0 0 0 
0 16 8 18 25 14 0 20 19 0 2 0 15 11 21 0 4 13 0 0 0 0 0 24 0 
4 23 0 0 1 2 5 25 0 10 19 3 0 0 6 0 7 0 20 0 16 9 8 18 14 
0 7 0 0 0 4 9 0 0 22 0 1 10 12 16 19 25 0 0 0 2 0 6 0 21 
0 0 5 0 16 10 4 15 0 1 21 18 17 0 22 0 2 14 9 0 24 23 0 0 3 
10 18 3 0 0 25 0 16 8 12 4 0 13 15 24 20 23 22 1 0 0 5 0 0 0 
0 0 0 0 6 0 17 0 23 7 0 0 0 5 0 0 13 0 16 0 0 25 0 1 22 
2 0 0 7 0 18 22 0 0 0 1 0 9 19 20 6 3 0 0 4 0 14 11 16 0 
22 1 17 0 0 0 0 0 0 0 23 0 0 7 10 15 0 0 11 0 13 12 0 0 0 
0 9 19 0 20 0 3 22 6 8 0 0 0 18 0 21 15 24 2 13 4 0 14 7 23 
7 0 0 25 0 11 0 0 9 15 0 0 0 14 2 0 19 16 0 10 12 0 17 6 5 
6 0 15 16 14 0 0 0 5 19 0 0 4 17 23 22 20 0 8 18 0 1 25 10 0 
5 24 0 0 13 16 10 23 25 0 15 22 19 0 7 0 0 17 6 14 0 21 20 9 11 
0 0 18 23 10 0 0 17 14 4 0 6 0 21 0 0 1 0 0 5 0 24 15 0 19 
0 20 0 0 11 3 0 8 0 16 7 0 22 23 0 0 6 0 0 0 0 13 0 2 4 
14 6 0 10 23 0 0 0 0 17 0 0 2 24 0 0 22 8 0 20 0 3 21 0 18 
13 19 0 0 0 0 20 0 11 0 0 14 0 4 0 0 17 3 0 2 0 7 0 0 6 
0 3 7 0 0 15 0 4 0 0 5 13 0 16 0 14 24 0 0 11 17 19 0 20 0 
0 8 0 22 0 24 0 0 0 21 18 0 0 0 0 0 5 0 0 16 0 10 23 0 0 
0 0 0 0 0 7 2 0 22 0 0 15 0 1 13 0 21 4 24 12 5 6 0 0 17 
24 0 1 0 17 0 0 9 21 20 0 0 18 3 0 0 11 0 0 0 0 2 4 14 13 
16 13 11 2 15 12 0 0 0 0 0 23 14 10 17 5 18 20 25 0 9 22 7 21 0 
20 0 21 6 7 0 8 0 0 0 0 24 0 9 5 2 0 19 13 3 23 15 12 0 16 
0 22 12 3 19 5 0 6 0 0 8 0 0 2 0 17 0 23 15 0 0 18 1 11 0 
