0 10 25 0 0 4 6 0 0 8 24 17 1 20 23 0 22 13 21 0 3 9 0 2 5 
22 2 0 9 0 20 11 7 13 10 15 14 5 0 0 0 0 18 19 0 17 23 25 0 4 
5 16 0 0 0 0 0 14 1 0 0 0 0 0 2 24 0 0 0 0 0 7 22 11 12 
0 0 7 15 3 0 9 24 0 0 11 25 0 0 0 0 0 0 0 0 0 0 13 0 0 
20 0 17 0 0 0 12 23 0 21 0 3 0 13 22 0 0 0 10 2 0 6 0 1 0 
0 0 3 6 10 0 8 2 0 12 0 0 16 7 0 0 19 0 0 0 0 0 21 0 24 
18 12 9 25 0 13 0 1 17 0 21 19 0 0 15 0 0 16 0 22 23 5 6 8 7 
0 0 16 8 1 0 3 0 15 0 20 0 17 0 5 0 0 25 14 23 0 13 11 19 2 
0 0 4 19 0 0 0 0 0 25 23 0 0 0 0 0 11 1 7 21 0 0 16 10 0 
13 14 24 23 0 19 0 21 7 5 22 0 8 25 0 18 2 10 0 0 1 0 20 3 0 
24 0 0 0 14 0 13 19 25 9 3 0 0 12 0 0 15 6 2 18 0 0 0 7 8 
0 0 0 0 15 1 24 0 4 7 5 0 23 22 0 25 0 17 0 10 0 19 0 0 0 
0 11 0 0 0 15 17 0 8 18 0 7 19 0 10 21 14 3 0 12 9 16 2 4 13 
0 0 0 17 0 3 22 20 0 2 9 0 0 11 0 5 0 0 0 0 0 1 12 0 18 
0 19 0 16 0 0 14 11 0 0 2 18 15 0 0 0 4 0 20 0 6 3 0 5 25 
10 3 15 5 16 24 0 0 2 0 14 13 6 21 0 0 7 0 0 25 0 18 19 0 1 
0 0 0 0 18 5 1 0 12 20 10 0 0 19 9 0 6 21 0 0 0 0 0 0 23 
1 25 19 0 21 0 7 17 10 0 0 0 3 0 18 12 13 20 0 15 2 0 0 9 14 
0 0 14 12 17 21 19 22 0 13 25 0 0 4 20 0 5 24 0 0 0 10 0 6 15 
9 20 0 24 0 18 0 0 3 14 12 11 7 0 0 0 0 19 17 16 5 22 4 13 21 
0 21 0 0 25 8 0 0 23 6 13 9 10 3 0 19 0 0 0 4 0 20 7 18 22 
14 23 0 13 0 0 21 10 20 0 0 0 11 0 25 15 0 9 0 3 4 0 0 17 6 
12 0 20 3 0 0 18 0 22 15 17 23 4 1 0 13 0 2 5 0 11 0 0 0 10 
15 9 0 10 0 11 4 13 24 0 0 0 12 0 21 0 25 0 6 0 0 2 0 0 0 
11 17 0 4 0 0 5 0 9 0 6 15 22 0 0 10 0 23 12 0 13 0 0 0 19 
