21 14 15 9 25 13 24 22 4 8 11 1 20 3 2 6 17 7 23 0 0 10 0 0 18 
6 0 22 0 0 0 0 23 19 3 8 7 9 0 10 0 14 0 18 11 15 0 17 0 21 
0 0 7 0 4 0 0 0 0 18 21 19 5 16 0 1 0 10 0 9 0 0 0 11 0 
0 23 0 2 18 7 5 0 0 11 0 0 0 12 15 0 8 20 21 0 0 14 0 4 1 
20 16 0 0 1 0 0 12 0 0 18 24 23 0 0 0 19 3 25 0 2 8 0 9 7 
4 25 13 23 17 0 0 14 18 0 0 0 21 2 3 0 20 6 0 0 0 9 0 0 5 
5 0 12 0 22 9 0 21 13 0 16 0 0 18 1 0 0 0 0 0 4 24 0 14 0 
0 0 1 14 0 3 0 0 2 16 19 6 7 0 4 9 15 0 0 0 20 0 10 17 23 
0 21 0 0 3 0 0 20 22 23 5 0 10 24 0 0 1 25 0 4 12 0 0 13 0 
0 15 20 7 10 11 0 0 6 19 12 0 0 23 0 16 5 13 2 17 18 0 0 0 0 
25 8 5 21 0 0 0 6 0 4 22 2 0 0 7 0 10 9 0 23 0 18 1 12 0 
1 0 3 10 0 0 0 7 5 17 0 0 24 8 13 0 21 22 0 0 25 23 20 15 19 
15 0 0 0 23 0 16 0 9 0 10 25 3 5 18 2 0 12 20 0 0 0 0 0 8 
14 22 24 0 0 18 13 15 0 20 0 0 0 17 9 0 0 11 0 0 0 4 0 10 3 
7 19 0 18 0 10 0 11 8 0 0 0 15 1 0 3 0 17 0 25 16 0 0 22 9 
17 24 21 0 0 0 6 13 23 0 0 0 8 9 0 25 12 0 11 16 10 0 0 20 0 
22 0 9 0 0 16 11 1 21 12 0 0 0 6 0 0 24 0 0 0 8 17 3 0 13 
0 10 4 0 0 5 0 3 0 0 2 0 13 0 23 0 9 0 0 0 7 0 15 1 0 
0 7 0 12 6 0 8 17 0 0 0 0 0 19 16 23 3 1 0 0 0 21 0 5 0 
3 13 0 0 0 19 0 18 10 9 20 15 0 7 0 0 4 21 6 14 24 16 0 2 0 
10 0 16 0 0 25 18 4 0 13 7 0 6 0 0 21 23 14 0 0 0 12 0 0 20 
2 0 0 0 21 0 0 16 1 0 9 5 4 15 20 12 18 24 0 0 13 22 0 6 17 
0 0 0 0 24 0 0 0 0 5 13 16 1 10 19 11 25 4 0 6 0 3 14 0 15 
0 1 0 25 0 24 0 8 7 0 0 23 2 0 21 20 0 0 0 0 0 0 0 0 10 
0 0 6 20 0 0 0 10 11 0 14 0 12 0 8 0 0 0 0 19 1 0 23 24 0 
