10 0 23 5 0 2 0 17 12 0 4 21 6 0 13 9 19 7 0 1 22 0 0 18 11 
21 0 0 0 6 0 19 0 22 20 1 0 14 0 0 0 16 15 25 0 9 0 0 3 0 
0 14 0 13 7 9 0 15 0 24 10 25 0 19 5 20 17 23 3 0 6 0 0 0 0 
0 25 19 12 0 0 0 3 0 0 11 2 0 15 0 18 0 6 5 0 0 0 17 1 0 
3 0 0 16 0 0 6 21 0 5 0 0 0 7 9 11 0 0 12 0 19 13 0 23 25 
0 19 7 0 0 13 0 0 0 10 0 3 0 6 0 0 25 21 20 12 0 0 4 17 1 
17 0 0 3 11 0 0 4 2 0 0 10 24 0 0 0 0 16 0 0 7 0 18 0 20 
12 9 0 25 18 19 0 24 16 0 0 17 7 4 0 0 11 0 1 10 0 0 6 5 13 
16 0 0 6 10 20 1 11 3 25 5 14 0 0 0 0 0 0 0 13 0 19 0 22 0 
0 0 20 0 24 21 7 22 17 6 2 23 25 16 1 8 0 19 18 3 0 9 0 0 12 
11 10 15 2 23 0 17 8 18 12 21 1 4 5 25 16 0 0 0 22 14 20 7 24 0 
0 1 0 0 20 0 15 13 19 21 0 0 0 0 6 3 0 0 0 8 0 0 11 0 18 
0 0 12 7 0 0 0 20 0 2 0 9 3 8 0 21 0 0 0 0 17 0 0 0 0 
19 0 0 8 14 16 0 0 0 0 0 22 20 0 15 0 0 5 24 7 0 12 0 0 0 
0 0 18 9 0 0 0 7 5 22 12 0 0 13 2 0 0 20 14 0 23 0 8 21 0 
0 0 16 11 12 0 0 23 20 19 0 0 0 22 0 14 0 0 13 18 0 0 0 7 24 
13 0 14 0 0 24 10 6 21 18 7 4 16 25 17 15 0 12 9 19 11 0 1 0 0 
24 0 4 10 0 0 0 12 0 0 3 19 0 0 23 1 0 17 16 0 0 0 0 0 0 
20 0 17 18 19 4 0 0 0 1 9 11 0 2 21 22 8 25 0 24 5 23 0 16 10 
0 0 0 1 21 0 22 16 9 0 0 18 5 0 20 4 0 0 23 0 12 0 0 0 17 
7 23 5 20 0 12 0 19 0 17 0 0 0 0 0 10 0 0 0 9 1 2 16 15 22 
2 15 0 24 0 0 0 9 0 0 16 0 23 1 0 12 0 18 11 0 3 17 0 19 14 
14 0 0 22 17 5 16 0 0 4 0 13 0 9 3 0 0 0 21 0 24 25 12 8 6 
8 16 0 0 0 15 11 1 10 14 25 24 0 12 4 0 0 22 0 6 0 5 0 9 0 
0 12 0 19 0 6 0 0 25 3 0 0 17 20 7 5 0 0 0 16 0 11 23 0 4 
