4 0 9 15 14 7 10 6 0 16 12 0 2 0 0 0 
7 0 0 0 2 0 0 13 3 0 9 6 4 10 0 0 
1 0 0 0 0 16 4 0 15 0 7 0 0 9 3 5 
8 0 2 0 0 12 0 0 4 0 0 0 7 0 0 6 
13 2 0 4 6 0 12 16 10 9 14 1 8 0 0 15 
0 0 12 0 0 11 5 0 13 0 0 8 0 0 0 0 
5 0 0 0 0 0 7 10 0 3 0 16 9 0 12 0 
3 6 0 7 0 8 2 9 12 0 5 15 16 0 0 14 
0 0 7 0 0 0 0 15 0 0 0 0 5 1 0 8 
0 0 16 11 4 14 13 0 0 0 0 0 3 2 0 0 
0 9 15 0 10 0 0 1 7 8 0 0 0 0 0 11 
14 1 0 0 0 2 8 12 0 13 0 9 10 15 16 7 
0 0 0 0 0 0 6 0 0 0 0 0 0 8 13 0 
0 0 6 9 0 15 1 0 16 2 13 0 0 0 0 10 
12 7 0 0 9 5 16 2 14 0 0 0 11 3 0 4 
15 10 0 0 0 0 0 4 0 5 8 0 0 16 9 12 
