0 8 14 0 16 0 6 5 0 15 12 7 0 4 0 9 
0 0 0 0 0 10 3 4 0 1 0 9 15 0 16 5 
0 9 6 5 14 0 12 0 0 0 16 11 0 10 8 0 
4 1 0 16 2 0 0 0 0 10 0 13 0 7 0 0 
0 6 0 4 0 5 0 0 0 0 0 0 11 0 9 12 
12 2 0 1 15 6 0 16 5 0 9 4 0 0 0 0 
9 10 0 0 0 0 0 0 16 0 0 2 0 0 0 0 
0 0 15 0 4 2 0 9 13 0 0 10 0 8 1 0 
13 11 0 0 0 3 0 14 2 9 15 12 0 0 6 0 
0 0 0 2 0 9 0 0 1 0 0 5 0 0 7 0 
0 0 16 0 1 0 7 10 11 0 0 0 2 0 0 15 
0 15 9 10 0 13 0 2 7 4 3 6 0 0 0 1 
2 14 10 0 0 16 0 0 12 0 11 1 4 0 3 0 
7 13 5 0 10 0 0 0 15 8 2 0 0 0 11 16 
0 4 0 0 6 0 0 8 0 5 0 16 7 1 0 0 
1 0 12 15 3 7 0 11 9 0 0 14 0 0 10 0 
