10 17 0 0 12 0 0 6 14 0 21 0 0 8 0 0 5 0 0 19 2 20 13 9 16 
0 5 24 11 0 0 12 20 0 0 0 0 1 14 0 0 0 9 3 16 0 0 19 7 8 
0 14 9 0 18 0 1 0 19 25 0 0 0 0 20 22 0 12 10 13 23 6 5 0 3 
4 0 20 0 0 0 0 0 3 0 2 0 0 0 15 0 0 0 23 1 21 0 0 10 11 
6 0 3 23 0 0 0 0 8 0 0 0 10 0 18 7 0 0 20 0 17 0 0 24 0 
0 0 13 9 17 0 8 19 10 1 20 7 0 2 21 0 0 23 0 15 0 4 0 0 18 
20 1 21 4 0 6 0 14 15 18 0 0 19 25 22 0 0 0 12 24 0 11 0 0 0 
0 0 0 0 10 23 7 2 5 16 15 0 0 0 0 9 18 6 4 22 13 19 24 0 0 
0 18 11 0 19 0 0 0 24 3 0 8 5 10 0 0 20 13 21 0 0 1 15 17 0 
12 0 7 24 0 11 20 0 9 21 0 0 0 4 3 0 10 19 1 8 6 23 0 25 0 
0 10 23 14 0 1 25 0 0 0 11 3 22 0 0 13 24 0 0 0 19 8 20 0 0 
1 3 0 13 0 5 0 24 0 7 0 19 0 12 2 0 23 16 15 0 0 17 25 22 0 
0 11 16 12 0 0 21 15 13 23 0 10 20 17 14 1 0 18 22 3 7 5 6 2 9 
0 9 0 6 0 20 0 0 17 0 0 0 0 1 8 0 12 7 2 25 0 0 16 0 0 
22 4 2 21 0 9 3 0 16 0 0 13 7 0 24 0 0 20 19 0 1 0 23 18 0 
0 24 19 0 2 14 0 1 21 0 10 0 4 7 0 0 16 0 13 23 20 15 0 3 0 
9 16 0 10 6 12 2 0 0 19 3 0 0 0 1 0 22 0 0 0 8 25 0 0 0 
11 12 4 0 14 0 17 10 6 15 0 5 0 0 19 3 25 0 7 9 0 16 0 23 0 
0 23 0 5 3 0 0 11 0 0 0 0 0 16 9 0 0 10 0 20 0 2 0 6 0 
7 21 22 1 0 3 0 16 18 0 0 0 15 20 17 12 0 2 14 4 11 9 10 19 0 
21 13 0 0 0 18 24 23 1 12 0 0 8 0 0 4 3 0 0 0 0 0 22 16 6 
23 22 0 0 8 10 0 21 7 0 0 0 25 18 4 19 13 0 0 0 0 24 0 5 2 
24 20 0 7 11 15 0 0 0 0 16 0 21 0 13 0 9 5 6 0 0 0 0 1 23 
18 0 14 0 0 0 0 5 0 11 0 0 0 0 10 23 1 22 0 21 0 13 9 0 19 
3 19 0 16 1 8 0 0 22 0 0 2 0 9 0 20 7 0 0 11 0 0 17 0 0 
