0 7 10 0 0 8 16 11 0 2 4 5 0 0 0 0 
0 0 4 0 15 12 0 6 0 0 7 11 16 0 0 0 
0 0 0 0 3 0 0 5 14 0 16 6 8 0 7 0 
0 0 0 14 4 9 0 0 12 13 0 15 0 0 0 0 
11 13 8 0 12 0 0 0 2 9 0 0 0 0 0 4 
1 0 0 0 5 16 0 0 13 0 0 3 0 0 12 8 
0 2 0 0 9 0 0 0 5 0 1 0 14 13 0 11 
7 0 0 12 13 6 0 0 11 0 15 14 0 0 0 0 
15 5 0 6 0 0 12 3 1 0 14 10 4 0 8 7 
16 12 0 4 0 0 7 8 0 3 0 13 9 15 14 0 
0 0 0 11 1 0 9 4 0 12 8 7 0 10 0 0 
10 3 7 0 0 0 0 0 4 16 0 0 11 0 1 0 
0 0 15 5 11 1 0 0 0 14 0 2 7 0 0 12 
14 8 16 0 2 15 0 12 0 0 0 0 0 0 0 0 
4 0 11 7 0 3 6 13 10 0 0 1 0 0 16 14 
0 10 3 2 0 14 0 9 0 5 13 8 0 6 0 1 
