11 0 10 0 8 15 4 0 0 0 3 16 0 0 0 13 
12 16 6 0 13 0 9 0 0 10 0 0 0 3 0 0 
8 3 14 13 0 0 1 0 0 0 12 4 7 0 0 0 
5 2 9 0 6 11 0 0 13 7 0 15 0 10 0 0 
0 14 0 3 0 0 0 4 6 0 9 0 2 0 0 0 
4 8 0 0 0 16 2 3 10 0 0 12 0 0 6 1 
0 0 0 16 0 8 0 15 0 0 5 0 0 0 12 3 
0 15 0 2 0 6 13 9 0 0 0 0 0 8 0 7 
7 11 13 0 0 0 0 8 3 12 0 0 0 5 15 0 
3 0 16 0 11 0 15 0 0 4 13 9 1 14 0 6 
1 0 0 0 7 0 6 14 8 0 10 0 3 16 0 12 
14 10 2 9 1 3 12 0 0 0 6 0 8 0 0 11 
15 1 4 0 0 0 10 0 5 13 0 3 0 0 2 8 
0 6 0 11 0 0 5 0 0 14 0 0 10 0 3 0 
0 13 3 0 15 7 8 0 0 0 0 0 0 0 0 4 
2 5 0 0 0 0 0 6 11 0 1 0 0 13 7 16 
