0 20 0 0 0 0 0 0 15 0 0 0 0 0 21 0 19 0 0 25 0 0 22 11 13 
11 10 3 6 24 21 0 0 12 0 0 13 0 19 0 0 20 8 0 0 15 0 18 16 5 
16 0 23 25 0 13 0 3 22 0 15 11 14 1 20 0 5 18 0 7 8 0 0 6 0 
2 19 0 13 18 9 6 14 7 0 0 8 23 0 0 0 0 10 17 11 24 0 21 25 0 
0 9 4 0 0 23 5 0 0 10 0 0 17 18 24 0 6 16 14 0 19 0 0 3 7 
0 0 8 22 15 12 9 0 10 1 19 2 16 13 6 0 0 0 25 0 0 18 23 0 14 
0 0 2 0 10 11 18 0 24 17 0 0 0 12 0 0 22 13 0 23 0 21 0 1 0 
0 0 16 0 13 22 23 0 0 0 0 0 1 0 17 0 0 0 2 0 25 0 11 19 6 
0 4 9 20 0 0 0 8 0 0 18 22 11 21 5 1 14 6 0 0 0 15 10 0 0 
0 0 6 0 0 7 14 0 5 0 0 0 8 0 10 0 9 19 0 0 0 0 0 12 24 
0 0 0 18 2 4 0 0 0 0 0 0 0 0 0 0 23 11 6 14 7 0 5 0 9 
15 0 0 24 3 14 0 22 9 0 23 0 6 20 16 0 25 17 7 8 1 0 13 18 0 
0 22 11 0 0 15 13 1 20 0 0 18 0 0 0 3 2 12 10 4 16 0 6 0 0 
9 23 17 5 0 0 10 7 6 8 0 0 21 25 0 24 16 0 13 0 0 0 0 14 15 
0 6 10 4 14 0 0 12 23 0 0 17 0 0 8 18 0 21 9 0 22 24 0 2 20 
0 0 0 23 0 3 7 0 21 0 8 19 18 10 4 6 12 2 0 0 0 0 14 20 1 
0 1 0 10 0 0 25 0 2 4 21 0 12 7 11 22 8 14 0 0 0 0 24 0 0 
5 0 12 0 6 20 8 0 18 16 14 0 25 0 1 10 0 0 0 17 21 23 0 22 0 
20 24 13 0 4 0 22 0 0 12 0 0 15 0 23 0 11 0 0 9 3 2 8 0 25 
18 0 14 0 0 19 15 0 0 0 0 0 24 22 0 0 21 0 5 1 10 0 7 0 12 
0 3 18 11 19 2 17 0 13 14 0 0 22 0 15 0 24 25 16 10 12 5 20 9 23 
4 0 0 12 25 6 0 0 3 0 0 0 0 8 0 0 0 0 21 0 0 0 0 24 18 
10 17 21 14 22 0 0 0 0 11 13 23 2 9 0 4 18 0 0 5 0 19 0 15 3 
8 2 24 9 23 5 0 0 16 0 12 0 0 17 14 11 3 0 19 0 0 13 0 10 0 
0 13 0 16 5 0 0 0 0 23 0 24 3 4 0 14 17 9 22 0 2 7 25 0 0 
