0 0 9 0 0 8 0 0 6 0 0 12 0 14 0 0 
0 7 0 0 9 0 13 6 0 5 0 4 16 0 10 3 
0 0 0 0 0 0 0 5 8 0 3 9 15 0 12 0 
12 15 5 0 0 3 0 1 11 7 13 0 0 0 0 0 
14 0 0 2 0 5 0 7 13 0 8 0 10 15 0 0 
6 0 0 0 12 15 8 11 7 9 14 0 3 16 0 0 
0 0 0 9 13 1 16 0 15 12 0 0 0 6 0 5 
15 0 0 0 0 0 10 9 3 6 16 0 14 1 0 0 
9 0 0 0 0 0 12 10 0 2 0 3 0 11 0 16 
4 3 12 0 0 0 5 0 9 0 7 13 0 0 0 14 
8 0 0 11 6 13 0 0 5 14 0 0 1 0 0 0 
0 1 13 7 0 0 0 15 16 0 0 0 9 12 8 2 
13 0 16 0 0 6 0 12 2 0 0 0 0 0 0 10 
0 9 4 0 10 0 1 3 12 0 5 16 2 0 13 0 
11 0 3 0 0 16 4 0 10 15 0 8 12 5 14 0 
10 0 15 12 5 9 2 0 4 0 0 0 0 0 0 0 
