0 0 4 17 25 0 0 21 0 22 0 0 0 11 0 18 9 3 0 6 13 1 7 15 19 
12 23 21 0 18 0 0 0 13 0 6 0 14 0 0 0 0 0 8 0 10 0 2 24 11 
0 0 19 13 0 0 16 6 3 8 0 0 7 0 0 0 0 14 0 15 17 0 0 0 0 
0 3 11 20 24 19 0 0 23 4 0 12 25 15 22 0 0 21 7 0 16 14 8 18 9 
2 9 0 0 0 0 12 0 0 10 19 0 0 21 0 0 0 24 20 13 4 5 6 0 0 
18 0 5 3 19 7 0 0 20 0 9 14 17 0 11 21 0 12 15 0 0 2 16 0 10 
4 12 9 24 0 0 11 0 19 1 21 25 15 20 0 8 0 0 14 0 0 0 13 0 0 
0 0 23 8 0 21 0 24 0 14 3 0 0 1 0 0 16 4 13 0 20 15 0 12 18 
0 2 25 7 20 0 0 5 0 15 16 6 0 8 0 0 0 9 11 0 0 21 17 0 0 
21 0 16 0 22 3 0 0 0 13 4 19 10 18 2 0 25 0 5 0 0 0 0 23 14 
0 0 0 5 0 25 21 0 4 6 14 20 13 7 0 19 3 0 1 0 0 17 0 16 8 
7 20 0 23 0 0 0 10 0 0 2 3 0 4 0 0 15 0 16 0 6 19 14 5 0 
10 0 0 25 1 15 0 19 18 0 0 22 6 0 0 0 8 0 0 20 0 0 0 2 13 
3 0 0 21 0 5 24 7 0 23 0 0 0 0 9 0 14 0 0 0 0 0 15 0 20 
19 6 0 16 13 0 9 0 22 0 17 1 8 25 15 0 0 0 4 0 0 24 10 21 0 
0 0 20 18 2 0 0 22 0 0 0 5 24 0 3 0 6 0 0 0 14 0 19 11 0 
5 16 15 0 12 23 1 0 14 11 0 0 18 0 17 0 13 25 3 0 0 8 20 0 0 
0 25 3 10 21 0 13 0 6 24 8 0 20 23 0 14 0 16 18 0 0 12 0 0 0 
13 0 14 22 23 0 0 18 5 0 0 16 11 0 0 20 21 0 0 0 9 7 0 0 0 
24 0 1 6 0 16 0 0 7 20 0 21 0 22 14 9 5 0 19 0 0 13 0 17 25 
0 19 0 0 0 11 0 14 21 12 0 0 5 17 6 15 0 0 9 0 3 20 22 13 2 
23 21 7 0 3 0 25 0 17 18 22 0 0 0 0 0 0 5 6 14 0 0 0 0 0 
20 5 13 2 0 0 0 4 0 3 18 0 0 14 7 0 12 8 22 21 0 6 11 1 0 
25 0 6 9 0 0 0 15 8 7 20 0 3 19 21 23 4 13 10 0 18 16 5 0 0 
22 18 24 0 14 0 20 0 16 0 0 2 1 10 0 0 17 19 25 3 0 4 21 0 7 
