0 0 0 10 8 23 0 0 25 7 22 21 0 18 0 1 19 0 16 0 20 2 4 13 3 
0 25 13 24 0 0 0 0 19 0 0 0 0 0 15 22 14 5 0 4 9 6 7 8 21 
7 0 15 2 0 1 0 8 6 0 0 3 0 13 19 18 9 25 0 24 0 0 5 17 12 
12 0 22 3 0 24 4 0 0 0 5 0 0 14 7 0 2 6 0 20 23 0 0 0 11 
11 0 19 4 0 14 18 2 0 0 17 0 20 10 6 0 23 0 0 0 0 1 16 0 25 
13 8 14 0 17 0 19 22 0 0 0 0 0 11 4 0 10 0 0 3 25 7 0 0 2 
0 0 23 0 0 0 14 0 0 0 8 13 7 0 0 24 25 11 15 12 0 0 0 3 9 
25 0 20 11 22 0 21 0 24 0 0 0 0 17 3 4 16 14 18 13 0 15 6 0 5 
3 12 0 1 0 0 13 0 0 23 0 0 22 0 0 0 0 7 0 21 4 18 0 16 14 
21 0 16 0 9 0 12 0 7 20 2 0 24 15 0 8 0 1 0 6 11 0 23 0 0 
0 0 1 0 0 0 22 4 0 14 24 5 8 12 2 6 21 10 0 16 0 25 0 23 0 
23 14 0 0 0 0 7 0 0 13 10 16 0 19 17 9 4 0 22 5 1 0 0 12 0 
22 0 0 16 12 0 25 0 0 5 18 0 0 23 0 20 0 17 0 1 3 11 0 14 19 
5 13 9 0 0 0 0 16 0 0 21 22 3 0 0 0 15 23 25 18 10 20 17 0 4 
4 0 18 15 0 0 0 0 0 0 25 0 1 20 9 0 24 13 3 19 0 16 22 5 7 
0 5 8 0 0 0 9 0 0 18 3 0 10 0 23 11 0 4 24 15 14 12 13 25 0 
6 21 0 20 7 16 17 0 12 25 9 15 0 22 0 13 0 19 0 23 2 0 1 4 18 
24 0 12 0 18 4 23 19 2 0 14 20 0 0 16 0 0 0 5 0 0 0 15 9 0 
15 0 25 0 0 8 0 0 0 0 7 19 2 4 18 10 0 16 20 9 17 5 0 0 0 
9 23 10 14 4 5 15 0 0 6 11 0 0 0 25 0 18 0 0 0 19 0 0 22 0 
0 0 0 0 0 21 10 0 0 15 0 0 11 0 22 0 5 18 0 0 13 17 0 0 0 
0 18 6 0 13 0 8 0 0 2 0 0 0 25 21 16 0 0 0 17 0 23 3 11 0 
0 0 0 0 11 0 16 0 14 0 15 1 0 0 0 3 7 22 8 0 12 10 0 0 6 
0 0 5 22 14 11 0 0 0 9 23 0 0 0 12 0 0 0 6 0 16 0 25 0 8 
0 17 0 0 0 22 0 0 0 12 13 2 0 8 20 21 11 15 4 10 0 9 14 0 24 
