0 7 24 14 9 21 0 0 0 0 25 0 0 0 0 0 0 17 0 16 0 22 5 0 18 
0 12 0 11 0 5 0 24 0 0 19 0 2 0 18 22 20 4 0 6 10 16 23 15 14 
0 0 10 18 0 0 0 23 16 0 0 5 8 0 9 3 0 14 15 24 0 17 6 12 4 
0 4 15 19 0 12 22 0 10 18 23 0 0 0 14 5 2 8 0 7 3 24 0 11 13 
0 0 22 0 3 4 14 0 15 6 0 24 16 20 17 0 19 0 0 9 0 0 21 8 0 
5 6 0 24 11 22 10 20 0 0 1 0 0 17 0 0 23 16 0 0 4 7 0 0 21 
17 19 14 2 0 1 9 3 23 0 13 0 4 21 5 24 6 11 7 0 0 0 0 18 0 
22 21 0 9 0 24 0 0 0 17 2 16 0 23 0 0 0 0 10 0 0 12 0 5 6 
0 0 23 0 8 0 0 18 21 5 0 0 7 11 10 17 0 0 0 2 0 13 14 0 0 
0 0 3 15 0 2 16 7 13 11 22 0 14 8 0 9 21 0 4 1 0 19 24 0 17 
0 0 21 0 13 3 0 6 0 16 0 4 0 18 25 0 0 24 19 0 12 0 22 2 1 
0 0 0 0 12 0 0 1 24 7 14 2 17 0 0 0 16 9 0 0 0 0 11 10 20 
9 0 18 0 22 25 11 0 0 0 0 0 0 0 0 1 0 0 6 0 14 5 0 0 16 
0 8 0 1 15 14 12 0 2 0 0 0 0 3 0 11 18 0 0 13 0 0 0 0 0 
0 24 7 16 25 0 5 10 0 8 21 11 9 1 0 20 17 2 0 14 0 3 0 13 0 
18 0 0 17 1 0 24 5 0 0 15 8 23 4 21 19 25 22 0 0 0 0 0 6 0 
0 0 0 23 4 9 6 0 0 22 10 1 0 19 12 0 5 0 14 0 17 0 18 0 0 
10 14 0 0 6 17 20 0 0 0 9 7 0 0 24 0 1 0 18 0 23 4 0 25 0 
8 0 11 0 0 0 1 4 14 0 18 0 0 5 0 0 0 6 0 23 13 0 10 19 22 
0 22 19 0 0 18 23 13 0 0 20 0 6 0 0 0 10 12 9 0 0 0 8 1 0 
15 10 6 12 0 0 0 9 0 4 0 18 20 0 16 7 3 0 0 21 8 0 17 0 2 
21 0 0 22 19 0 0 0 0 23 3 10 13 25 8 6 0 18 0 20 5 0 0 0 7 
0 0 2 0 0 0 0 12 7 20 6 0 0 14 11 0 0 0 16 22 21 23 0 0 3 
13 3 0 8 0 15 0 19 0 2 4 23 0 0 0 10 0 0 0 5 16 0 20 22 0 
0 20 4 7 18 8 3 0 0 24 17 22 0 2 1 14 0 23 0 15 25 6 0 9 10 
