13 0 0 1 15 9 3 0 4 2 12 0 0 5 11 0 
6 12 0 0 13 0 0 0 8 0 0 0 0 3 10 9 
0 0 7 9 8 12 0 1 0 0 0 15 0 16 0 0 
0 3 2 0 0 16 0 0 7 13 10 0 1 12 15 0 
0 0 5 0 3 14 4 8 12 6 9 11 0 0 0 10 
0 0 8 14 11 0 12 16 15 0 3 13 0 7 5 6 
0 0 12 0 0 0 15 6 0 0 2 0 9 0 0 11 
0 0 6 3 0 0 0 9 0 0 0 0 0 13 4 12 
10 0 0 0 2 0 13 0 11 0 0 3 8 0 0 5 
0 0 0 5 4 0 0 0 0 0 13 8 12 0 0 3 
3 0 13 0 9 0 0 0 0 12 0 0 10 15 0 7 
0 15 0 0 0 7 8 3 0 0 0 6 16 2 13 0 
14 2 4 0 10 3 9 0 0 0 1 0 0 0 0 15 
16 1 3 13 0 0 0 0 0 0 0 4 0 10 12 2 
0 6 0 0 16 2 0 0 0 0 7 0 0 0 0 0 
0 8 10 7 0 6 0 15 3 14 0 2 13 4 9 16 
