16 7 0 12 15 8 0 2 0 10 5 4 1 0 0 0 
10 0 0 0 6 0 0 9 7 0 12 3 5 16 0 0 
0 0 4 0 3 7 11 5 0 0 0 9 0 12 10 0 
5 0 11 0 12 10 16 0 0 14 2 15 0 4 8 7 
15 4 9 1 10 13 12 3 5 0 14 16 8 0 2 0 
0 0 0 0 11 2 6 0 0 0 4 1 0 0 0 5 
0 2 0 0 0 0 5 14 12 0 3 0 0 6 1 9 
0 12 0 0 0 0 9 16 15 0 0 11 0 13 3 4 
12 10 0 13 0 0 2 0 0 15 16 14 0 0 0 3 
0 8 14 15 1 0 13 0 0 0 11 0 0 2 0 16 
0 16 0 0 0 14 15 0 2 0 7 5 9 1 0 0 
7 0 2 0 0 0 0 11 0 0 13 12 15 14 0 8 
0 15 0 5 0 0 0 0 11 0 1 8 0 0 0 0 
0 0 10 2 0 0 3 0 14 7 0 0 0 0 16 12 
0 0 0 7 0 16 0 0 0 0 0 2 0 0 0 0 
4 14 8 0 0 0 0 0 3 0 6 0 11 0 0 13 
