0 0 16 12 1 0 11 0 0 8 14 0 5 0 3 6 
0 3 0 0 0 16 8 0 0 11 0 5 0 0 15 0 
0 8 0 0 6 0 0 0 0 0 0 0 0 1 11 2 
2 0 5 6 0 0 15 0 0 13 0 0 16 12 0 8 
0 0 0 5 11 0 0 0 0 4 0 0 12 2 13 14 
9 6 0 7 13 8 0 15 0 0 0 16 1 5 4 3 
0 0 0 0 0 0 3 0 0 5 0 0 0 0 0 0 
3 10 11 2 0 0 0 0 0 0 12 13 0 0 0 15 
0 0 0 0 12 0 0 8 14 15 0 10 11 7 1 16 
10 5 0 0 0 11 0 14 0 6 0 0 0 0 12 4 
12 0 1 16 0 3 7 0 0 0 0 4 10 0 0 0 
11 7 13 8 0 4 10 6 0 12 0 9 0 0 0 5 
7 1 0 10 0 12 0 9 16 0 4 8 0 0 14 11 
0 13 0 0 0 0 16 1 0 0 15 11 0 9 8 0 
5 4 12 0 0 15 0 11 2 1 13 14 0 16 0 7 
8 0 0 11 4 13 0 7 6 9 0 12 0 15 0 1 
