1 0 22 0 14 0 0 0 23 6 0 0 4 0 7 16 13 12 0 11 0 25 20 19 18 
0 19 0 11 25 0 18 21 7 22 1 20 5 0 23 0 9 3 6 8 0 12 4 0 10 
8 23 6 0 3 0 13 12 9 25 22 16 0 11 0 24 19 18 20 0 7 0 21 0 0 
12 20 7 0 16 17 19 0 0 24 3 25 0 21 13 22 0 0 0 0 15 0 6 0 0 
24 13 0 4 17 11 0 15 0 20 0 12 0 0 19 7 21 0 0 1 8 0 0 0 22 
9 0 0 25 11 20 7 13 0 0 14 19 0 0 0 5 0 0 4 0 6 17 18 12 24 
14 17 5 2 0 0 16 0 0 0 10 0 12 3 0 8 0 0 0 0 20 0 7 0 0 
0 0 0 24 0 10 0 22 0 1 6 0 0 7 11 19 3 0 0 12 9 14 0 21 25 
3 7 10 0 6 23 0 4 17 0 18 5 0 0 0 0 2 0 0 9 22 0 0 0 0 
0 0 16 0 19 25 0 11 0 12 0 0 0 15 0 14 0 0 24 0 0 0 0 0 0 
23 2 0 0 0 0 20 6 12 0 7 0 0 0 0 18 25 0 11 0 0 0 8 0 3 
0 24 12 14 0 0 25 16 0 19 0 2 17 0 0 20 0 6 0 0 0 0 0 0 13 
0 6 11 0 0 15 22 0 0 17 9 0 21 13 8 12 10 0 5 0 25 0 0 18 0 
17 16 0 3 15 0 1 0 0 0 24 18 25 0 6 0 22 0 0 0 4 7 14 0 20 
19 0 9 0 21 13 8 0 18 0 0 15 20 14 3 0 4 17 2 7 5 0 10 6 12 
21 4 20 0 18 0 9 25 0 0 16 3 0 23 0 10 17 1 19 24 11 8 15 22 0 
11 12 0 8 2 0 0 17 0 0 0 10 0 19 0 0 18 15 0 6 23 4 0 0 5 
0 0 17 0 0 4 0 0 0 0 0 6 0 9 12 11 16 8 25 0 14 13 0 7 0 
0 0 0 0 22 14 21 0 0 0 0 0 8 18 4 2 12 0 13 5 10 3 1 20 6 
10 0 24 0 7 3 23 0 6 0 0 11 0 2 25 21 0 4 0 20 0 0 16 17 0 
0 0 23 0 12 0 0 20 0 14 21 0 13 0 24 0 0 22 18 0 0 11 17 10 0 
0 10 21 18 4 0 0 5 1 7 0 0 0 0 2 25 0 0 16 17 0 23 13 24 0 
0 0 0 20 0 24 4 19 16 0 15 7 3 0 17 0 11 21 12 0 18 22 25 0 0 
0 14 0 0 13 18 0 3 21 0 12 0 0 22 0 4 24 0 0 0 0 0 2 1 8 
16 11 0 19 24 0 17 23 0 0 0 14 10 0 0 6 7 0 0 2 0 20 0 4 15 
