0 0 11 0 0 16 13 0 0 0 0 0 4 2 3 5 
1 8 4 0 0 0 0 12 6 13 0 11 0 0 15 0 
6 3 0 0 0 4 8 0 2 0 0 0 11 0 0 0 
0 0 9 0 0 0 14 0 3 5 0 15 0 8 0 0 
0 0 1 10 0 0 2 0 4 0 16 0 0 0 0 13 
0 0 6 0 0 0 11 0 5 0 2 0 0 9 8 3 
0 4 0 0 0 15 10 13 0 8 9 1 14 6 0 16 
8 7 5 0 12 0 0 0 0 0 0 0 1 4 2 10 
5 11 15 0 2 6 0 10 0 0 8 0 3 0 14 0 
0 1 0 9 0 0 5 0 12 0 0 13 0 0 6 11 
0 13 8 6 4 3 12 0 0 0 15 2 0 7 0 0 
16 0 0 3 0 0 7 0 0 1 0 5 2 15 0 8 
0 15 0 1 16 5 0 0 9 0 0 0 6 0 10 7 
9 6 0 0 0 8 15 14 0 0 5 0 0 0 0 2 
3 5 0 2 0 13 0 11 15 0 10 7 8 0 16 4 
0 14 0 8 0 12 6 3 1 0 11 0 0 0 13 15 
