5 0 18 0 0 14 0 22 0 13 16 8 10 0 0 0 0 20 0 7 21 0 0 23 0 
0 0 8 10 14 16 7 15 17 25 13 0 0 0 22 21 12 6 24 2 19 0 0 11 20 
22 17 0 11 0 24 18 0 21 3 0 0 15 0 0 10 9 0 4 8 0 0 12 0 2 
0 2 20 4 0 0 0 0 0 0 25 7 11 0 0 15 0 0 19 0 24 17 22 0 0 
0 7 13 0 1 11 4 2 0 0 24 0 20 21 17 0 0 25 0 16 6 14 9 8 10 
0 15 0 0 0 6 0 0 18 0 0 12 0 0 0 0 13 21 0 0 0 3 2 4 0 
9 1 0 0 6 0 0 0 0 4 18 0 13 0 0 14 2 5 0 0 7 23 0 17 21 
8 20 0 0 4 7 0 0 11 23 1 10 17 0 21 0 16 12 9 19 22 13 18 5 6 
0 13 0 22 0 21 1 17 25 5 11 9 16 2 3 0 0 0 0 20 8 0 15 0 0 
0 0 17 0 12 3 0 13 2 0 0 0 7 6 0 0 0 0 0 0 0 1 10 9 0 
10 14 6 0 24 0 9 18 22 16 0 11 0 17 0 8 0 15 20 1 0 21 0 0 7 
25 23 1 0 7 8 0 3 0 0 2 18 0 0 14 0 0 0 21 12 0 0 0 0 19 
4 16 11 0 22 0 0 0 19 0 21 0 25 1 0 23 0 14 6 0 5 0 17 0 9 
13 0 21 3 0 0 20 0 0 15 8 16 6 0 0 22 0 17 2 0 0 0 23 0 1 
2 0 15 0 20 4 21 23 0 1 3 13 24 10 0 5 0 9 16 18 25 22 11 0 0 
21 24 4 23 17 25 16 0 13 0 20 22 0 0 0 12 11 0 0 0 0 2 8 6 0 
0 12 0 6 0 0 2 0 1 0 0 19 0 25 0 0 0 16 0 0 0 9 5 0 11 
1 25 0 0 18 10 3 0 5 8 9 24 21 11 0 0 0 23 0 0 14 20 7 0 12 
0 0 9 14 0 0 0 11 0 0 7 0 0 23 16 0 21 18 0 0 4 0 13 22 17 
20 0 0 0 2 0 0 0 0 24 12 17 0 8 0 19 22 4 0 6 0 0 21 18 25 
0 0 0 9 0 18 0 0 3 0 22 2 4 20 0 0 23 0 0 0 12 8 24 15 13 
0 4 12 2 8 23 13 5 0 14 0 25 9 16 11 0 20 0 0 21 0 0 19 1 22 
0 22 14 21 0 19 0 6 0 0 15 23 0 0 7 0 1 0 0 0 0 0 20 0 5 
7 0 25 0 15 20 0 8 0 2 0 0 12 3 18 9 0 0 13 4 17 11 0 21 23 
0 0 23 20 0 12 0 0 24 9 0 0 0 13 0 7 18 22 8 15 0 0 0 0 0 
