0 25 16 8 11 0 1 0 21 13 0 0 0 0 24 15 0 4 23 10 19 6 22 0 20 
1 0 0 0 7 2 0 0 22 18 0 0 5 21 19 12 0 8 14 0 23 24 0 17 25 
20 0 0 0 0 23 0 19 6 0 0 15 0 0 0 25 24 22 13 0 3 0 0 18 0 
0 0 21 15 0 16 0 20 0 5 0 6 7 0 0 18 19 0 0 1 14 0 2 9 8 
0 23 18 0 0 14 0 15 0 0 0 16 25 20 17 6 0 9 0 21 11 1 13 0 4 
0 0 3 0 0 0 8 0 0 0 9 17 0 0 13 0 0 1 2 18 0 0 25 15 16 
23 0 0 18 1 0 0 0 13 0 0 25 0 14 0 4 16 0 3 7 0 0 17 11 9 
24 0 10 0 0 0 5 0 0 19 4 11 0 3 16 21 0 0 20 0 22 0 23 1 0 
15 20 12 0 13 9 11 16 25 0 7 0 18 23 0 0 0 24 0 17 0 0 0 3 21 
21 16 5 0 0 0 18 0 0 0 0 2 20 15 22 14 11 10 9 13 7 8 0 4 0 
0 0 0 0 0 18 7 0 0 17 11 0 0 4 9 0 0 13 16 0 25 15 0 22 24 
0 19 25 12 0 0 24 10 0 1 0 0 0 18 0 17 2 7 22 0 4 16 20 0 23 
0 18 7 16 24 5 23 4 15 2 0 10 0 0 8 0 0 21 1 0 6 0 11 0 13 
22 0 0 0 15 25 9 13 0 16 0 24 0 7 0 0 4 5 0 0 2 0 0 14 19 
4 17 0 23 8 0 0 0 0 21 2 3 6 16 25 24 0 15 0 0 0 0 0 7 10 
0 12 19 0 5 11 14 6 0 20 22 23 1 8 2 0 7 17 24 0 18 0 9 25 15 
0 0 0 3 18 0 22 17 8 0 21 4 0 0 0 0 6 0 0 0 0 14 0 13 0 
8 0 0 0 16 0 13 5 2 3 0 19 0 17 0 1 0 0 25 23 0 7 4 20 0 
0 0 17 4 0 1 0 0 0 0 0 14 0 25 0 0 9 0 21 0 8 0 24 0 22 
0 0 14 0 23 24 21 0 0 9 0 7 0 13 18 2 0 0 0 22 1 3 0 6 17 
11 13 23 2 9 0 12 24 0 0 0 22 0 6 7 5 25 14 0 0 15 0 8 0 0 
0 0 0 0 22 0 0 14 17 0 0 21 24 0 11 8 13 0 0 0 9 20 0 23 0 
0 14 0 25 21 0 2 3 0 11 10 0 4 0 0 0 1 23 19 0 0 22 12 24 0 
12 0 24 5 17 0 15 0 0 25 0 20 19 2 14 10 22 6 4 3 0 0 0 21 0 
19 0 15 1 0 4 20 23 0 22 0 0 0 9 0 0 21 16 18 0 0 0 0 2 14 
