25 4 0 0 20 11 7 0 14 0 8 0 9 23 10 12 0 0 0 22 0 0 0 21 0 
0 0 12 6 0 4 9 8 3 0 21 11 7 0 15 16 0 14 5 25 22 0 20 24 0 
7 0 5 13 0 0 19 15 23 0 0 6 12 0 0 11 0 4 20 2 14 0 9 0 0 
3 23 0 11 24 0 1 0 0 21 14 0 0 25 0 0 0 0 0 19 18 16 0 2 0 
0 1 8 14 0 0 0 0 0 0 0 0 0 0 3 17 23 0 10 0 11 0 25 7 4 
16 0 20 15 23 3 22 12 0 0 10 9 0 0 0 2 8 18 0 0 24 17 13 0 0 
0 24 0 0 13 0 6 0 0 5 0 21 20 7 0 25 10 0 11 0 1 0 19 12 9 
4 0 7 0 18 0 0 19 11 0 0 0 0 0 0 0 0 6 12 1 3 10 0 0 20 
0 5 0 19 0 0 14 17 15 0 1 0 23 11 0 0 0 0 0 0 0 18 21 22 0 
0 0 22 0 25 21 0 0 7 0 2 0 3 0 0 0 17 15 0 0 0 14 0 0 0 
5 3 19 4 0 0 0 0 6 0 9 0 25 12 0 8 11 0 1 10 0 15 18 0 0 
12 0 0 2 17 9 0 0 16 0 6 19 8 14 0 3 15 25 0 24 23 7 5 20 11 
21 0 11 18 0 22 25 20 2 13 0 15 10 0 0 23 0 0 17 16 0 4 0 0 0 
0 0 23 10 15 5 11 3 18 0 0 24 16 0 0 9 6 0 0 20 8 0 2 17 19 
9 6 0 0 7 8 0 0 0 19 11 0 0 0 23 14 2 5 18 0 0 0 10 0 16 
0 20 0 5 0 0 0 0 19 0 25 0 0 0 12 0 0 17 21 9 10 22 0 13 2 
22 17 15 25 6 0 0 14 5 12 19 0 1 8 13 0 3 0 0 11 0 9 0 16 24 
24 19 0 1 4 0 17 0 8 0 0 0 15 0 9 22 5 23 25 13 0 11 14 18 0 
0 9 0 23 11 0 3 0 25 20 0 22 0 0 0 0 4 16 7 12 15 0 17 0 1 
14 0 0 0 12 1 0 9 22 23 0 4 2 0 0 18 0 24 0 15 20 6 3 0 25 
0 13 4 24 0 19 8 25 0 10 0 0 11 15 6 5 0 12 0 0 2 0 22 9 21 
19 14 6 0 3 0 16 0 21 15 12 0 5 0 0 10 24 0 0 8 17 25 7 4 18 
17 15 0 0 0 0 0 0 0 1 0 0 21 0 0 7 0 0 0 0 12 3 0 0 10 
11 16 0 7 0 0 12 0 0 0 0 0 17 24 0 4 21 2 19 14 0 20 0 0 0 
23 0 21 9 0 7 5 4 20 0 0 10 22 19 8 13 0 0 15 17 0 0 1 6 0 
