0 24 0 0 20 5 0 0 0 16 15 0 6 1 18 10 0 0 13 0 0 4 7 0 0 
18 11 0 0 7 12 20 0 0 13 0 0 0 0 0 0 0 0 0 0 0 23 5 24 3 
0 4 0 0 0 17 0 0 22 7 9 0 16 0 24 0 12 1 0 23 0 0 0 0 0 
22 0 0 3 0 0 0 0 0 24 4 0 0 0 20 17 0 0 19 0 12 0 13 15 0 
0 0 17 2 1 0 3 0 6 4 0 12 0 0 8 7 24 9 14 25 16 11 0 0 0 
0 23 11 7 0 0 9 17 0 0 5 2 0 10 0 0 22 25 6 13 19 24 0 21 16 
0 22 5 12 2 0 4 0 11 0 21 0 14 6 0 18 0 0 0 3 20 0 25 0 15 
9 0 21 0 0 0 10 12 0 0 20 16 23 25 4 0 0 7 0 24 0 22 0 0 0 
14 20 0 0 0 2 25 22 0 18 0 0 7 11 0 0 0 0 0 21 6 10 0 0 4 
0 25 6 10 15 0 0 0 0 14 19 0 22 0 0 23 0 0 0 4 0 0 12 0 8 
15 0 24 13 0 6 11 0 3 19 0 0 1 4 0 0 14 23 0 20 22 21 0 0 0 
3 0 1 0 0 14 0 0 13 10 0 15 24 9 22 2 0 6 0 0 0 0 8 0 23 
23 18 2 4 0 8 22 0 0 0 17 6 19 0 13 3 0 21 15 5 7 14 10 20 9 
0 10 25 17 0 7 5 18 21 15 0 0 0 14 0 0 0 22 0 9 0 2 24 12 0 
20 0 14 0 0 4 0 0 0 9 18 21 3 0 7 25 0 0 0 19 13 0 0 6 0 
0 0 0 25 0 19 0 0 17 0 0 0 11 0 0 0 0 5 0 0 0 16 0 4 10 
0 19 22 5 8 25 0 3 2 21 10 1 20 0 0 9 23 16 0 11 24 12 14 0 17 
0 0 0 0 13 1 24 16 4 0 0 3 9 23 21 20 0 14 22 10 0 6 19 18 7 
4 6 0 9 0 22 7 10 0 0 0 0 0 16 0 19 0 13 3 0 0 5 23 2 11 
0 1 0 23 0 9 6 0 18 0 8 4 5 7 19 0 25 0 17 0 15 0 20 0 21 
0 16 7 24 0 20 0 6 0 2 3 23 0 0 14 1 5 17 10 18 0 0 0 0 22 
0 12 0 0 25 0 18 9 15 3 7 5 13 20 0 22 19 2 16 14 10 17 0 1 24 
11 17 0 15 0 0 13 8 1 0 0 19 18 0 10 0 4 0 25 7 0 0 0 0 12 
2 5 3 1 0 0 19 0 14 0 6 9 17 22 16 0 20 11 0 0 21 0 0 0 0 
6 14 10 20 0 11 16 5 0 17 0 0 4 0 12 13 9 15 0 8 23 0 0 3 19 
