0 4 6 12 11 21 0 24 2 15 0 19 0 3 0 0 0 0 10 16 18 17 1 0 0 
0 0 20 5 0 6 0 0 0 16 7 0 10 0 9 0 0 17 0 0 0 0 21 0 0 
25 13 0 17 19 0 0 0 0 0 16 0 0 11 15 18 20 0 0 21 7 3 12 0 5 
0 0 18 0 0 0 0 9 0 0 0 25 0 17 0 0 0 0 0 3 0 0 15 0 0 
0 0 21 0 1 0 17 0 0 0 0 8 0 4 0 2 5 0 0 6 10 11 9 14 13 
0 0 15 0 12 0 0 0 19 0 0 13 0 0 0 25 21 6 0 0 0 0 14 11 0 
0 6 11 0 13 24 15 12 22 0 0 21 17 19 8 5 4 16 23 0 20 0 10 0 25 
0 10 0 20 0 0 1 0 25 0 0 7 9 0 0 15 14 0 0 0 16 19 0 18 0 
17 8 25 7 16 9 0 0 21 0 15 0 23 0 0 24 0 20 19 10 0 4 0 0 2 
9 0 19 0 21 0 3 17 0 23 25 10 14 0 0 0 0 0 12 7 0 0 8 0 24 
7 14 12 3 0 0 0 20 0 2 9 18 0 0 13 6 10 8 21 0 25 16 11 0 0 
21 16 0 6 0 17 0 22 12 0 0 0 19 0 3 0 1 15 5 0 8 0 7 0 0 
5 19 0 8 10 23 25 0 7 9 20 0 0 6 2 13 16 18 0 4 0 12 0 0 0 
0 0 4 0 20 16 24 0 3 18 0 17 0 1 5 23 0 0 22 0 0 6 2 0 0 
1 18 22 13 23 10 0 0 15 14 0 16 12 7 21 0 17 25 0 0 0 9 19 24 4 
4 24 1 0 0 0 16 2 23 21 0 20 5 9 7 0 3 10 0 0 6 0 0 22 19 
0 0 0 21 0 18 20 19 24 17 0 4 0 0 0 14 0 0 0 13 2 15 5 1 0 
13 0 0 0 18 7 11 15 0 25 1 0 6 21 17 0 0 0 0 19 9 8 0 10 3 
10 0 0 0 0 1 8 6 13 3 23 14 0 0 0 7 11 0 25 22 0 0 0 0 16 
6 23 16 19 0 0 0 0 5 10 11 2 3 12 25 0 8 4 0 0 24 13 17 0 0 
0 0 0 2 0 8 12 13 9 22 17 0 18 0 4 10 0 0 0 14 19 0 0 5 0 
22 12 0 0 0 15 21 5 17 0 6 9 20 25 0 19 7 0 2 0 0 10 0 4 8 
0 21 10 25 0 0 2 0 0 0 19 5 8 0 0 0 18 12 0 1 14 22 20 17 9 
0 17 8 18 9 11 23 10 16 19 0 1 0 22 0 20 25 13 0 5 0 0 6 2 0 
19 0 0 16 0 25 18 0 14 20 0 0 21 0 12 0 6 0 17 0 0 7 24 0 0 
