0 0 0 4 16 6 0 3 19 2 21 22 14 8 0 0 12 25 24 10 0 0 18 23 0 
0 11 2 0 8 4 24 0 9 7 0 13 3 6 0 0 0 0 0 22 25 21 19 0 0 
0 0 0 0 0 0 16 11 18 0 0 20 0 23 0 6 9 15 8 13 0 4 1 5 0 
3 0 0 25 9 13 0 23 17 0 0 0 0 0 18 0 0 0 0 21 0 2 0 0 8 
15 14 17 0 6 10 8 20 21 0 0 9 25 0 4 1 0 3 23 7 11 22 13 24 12 
0 0 14 17 0 12 9 19 0 8 0 0 0 25 21 22 0 6 4 11 0 0 0 2 0 
0 22 0 16 0 2 5 0 7 23 9 10 0 24 1 0 0 13 21 15 14 3 20 0 0 
0 21 23 0 0 3 0 4 14 22 0 15 0 13 0 0 0 12 0 9 18 1 0 0 0 
0 3 18 0 0 0 10 0 0 0 4 0 22 0 14 0 0 1 5 0 12 0 9 21 0 
4 9 11 0 10 0 18 0 1 0 0 5 19 0 2 0 0 7 14 23 8 6 25 0 13 
9 0 0 10 20 0 23 0 12 21 25 0 0 4 0 13 0 11 0 18 2 7 24 0 0 
0 0 0 1 11 0 0 0 4 17 0 3 21 0 22 0 23 16 0 0 5 0 8 15 10 
21 18 3 0 14 0 0 0 8 0 5 2 0 0 7 0 15 20 6 0 0 25 22 0 17 
0 8 15 0 0 0 0 10 5 14 20 12 0 17 11 3 21 22 1 25 0 0 23 18 4 
17 23 16 22 4 0 6 25 0 3 0 1 9 15 0 10 0 0 0 0 20 14 11 0 0 
22 17 24 0 3 0 0 1 6 0 0 0 0 0 13 16 25 21 0 2 19 12 0 14 0 
0 2 0 0 0 0 21 22 0 0 0 19 1 20 0 0 0 0 0 12 24 0 0 8 25 
11 0 1 14 0 25 12 0 15 20 0 0 0 0 0 7 0 8 3 0 21 0 0 13 22 
25 4 0 12 21 19 2 0 13 18 0 17 16 0 3 15 1 24 0 0 0 11 0 9 0 
0 0 0 0 18 0 17 14 16 0 0 24 12 0 25 0 13 23 22 0 15 5 3 1 2 
0 15 0 9 22 0 13 0 11 12 24 8 2 0 0 0 4 10 16 0 0 23 5 0 0 
0 0 0 8 0 0 3 5 25 0 16 18 0 9 17 23 0 0 0 0 0 24 0 10 0 
0 0 4 0 24 8 0 18 0 0 0 0 13 0 23 21 0 0 0 20 0 16 0 0 14 
18 16 0 0 17 7 0 2 0 0 22 0 10 1 12 0 0 9 0 8 13 19 0 20 6 
0 10 0 0 0 17 0 16 22 0 11 0 4 5 20 0 24 0 13 1 9 8 0 0 0 
