13 4 0 0 3 8 0 0 14 6 2 11 0 0 12 10 
0 0 0 12 10 2 9 0 13 0 0 15 14 0 1 4 
0 5 0 11 0 12 0 0 0 0 0 0 0 16 0 15 
9 0 0 0 0 16 0 1 0 12 0 10 0 0 11 2 
0 7 0 14 8 11 6 0 15 2 9 0 1 0 0 3 
3 16 0 0 13 0 12 9 0 0 5 0 0 0 15 6 
6 0 0 0 15 7 16 10 12 3 0 0 11 0 0 0 
8 13 0 10 0 0 1 2 0 4 0 0 0 0 0 0 
4 0 1 0 0 9 0 0 6 0 14 0 0 0 5 0 
0 0 0 6 0 10 0 0 0 0 0 4 0 3 2 0 
10 14 0 5 0 1 0 6 0 11 0 0 4 15 9 8 
0 0 0 15 0 0 0 13 0 1 10 5 16 14 0 7 
15 0 4 0 14 5 11 0 0 9 1 0 13 6 0 12 
14 3 6 13 9 15 0 12 4 5 16 7 0 0 0 0 
16 0 2 8 1 0 4 0 0 15 0 12 0 9 0 0 
1 0 5 0 0 0 0 8 3 0 0 0 0 0 0 16 
