14 11 10 0 13 0 2 0 12 0 0 9 5 6 0 3 
6 0 0 0 0 0 10 0 4 0 0 0 16 15 0 0 
0 0 0 0 12 9 0 4 6 7 0 0 13 1 0 8 
12 0 0 13 1 0 5 0 16 2 0 0 0 9 7 0 
0 1 7 8 0 10 0 0 0 0 16 0 14 0 0 0 
16 0 6 0 0 0 0 3 0 1 0 0 0 0 11 0 
0 0 0 5 0 2 6 12 0 9 15 7 8 10 16 1 
0 0 9 0 5 0 16 1 10 3 12 0 2 7 13 6 
0 15 2 0 0 12 0 0 1 0 14 0 4 0 8 13 
0 0 0 0 0 13 3 16 0 15 0 0 0 0 1 5 
1 0 0 0 6 0 4 0 8 0 7 0 9 2 0 0 
8 13 11 9 10 1 0 2 0 12 0 0 0 16 0 0 
11 0 12 1 2 4 7 0 15 13 0 0 10 0 0 16 
10 6 0 0 0 0 1 0 7 0 9 8 3 0 0 0 
0 3 8 14 0 6 0 0 0 16 10 0 0 0 0 0 
7 2 13 16 9 0 8 0 0 0 5 0 0 14 0 15 
