15 0 10 12 0 0 0 0 4 0 0 0 0 0 16 2 
9 2 7 3 5 8 0 10 0 15 11 0 14 0 0 0 
0 8 0 1 11 0 14 12 0 0 0 10 0 4 0 0 
0 0 14 16 1 0 0 0 6 0 9 0 10 12 3 0 
14 7 1 11 9 0 0 0 15 10 0 3 6 2 8 0 
10 16 0 0 0 0 0 0 7 0 14 0 15 1 0 0 
5 6 0 0 0 0 0 15 0 12 0 1 3 0 0 0 
12 0 0 0 16 0 1 0 0 11 0 8 13 9 7 0 
11 0 0 4 6 0 0 1 0 3 0 2 0 13 0 0 
8 3 0 0 0 0 9 0 10 0 15 0 0 0 2 0 
0 9 0 7 0 11 0 0 0 16 4 13 0 0 6 14 
0 13 2 0 0 0 0 4 0 14 0 11 12 3 0 9 
2 1 9 5 0 3 0 0 0 0 0 0 0 10 4 8 
0 4 0 8 14 1 16 6 0 9 0 0 2 7 12 0 
6 14 0 15 0 2 0 0 8 1 0 0 0 16 0 0 
0 0 0 10 4 9 0 8 3 2 0 5 1 15 14 0 
