13 0 12 0 0 0 0 0 0 6 8 0 0 7 3 4 
6 0 16 1 0 11 8 7 0 4 9 15 0 13 0 14 
0 11 8 9 0 0 0 0 1 0 7 12 0 6 2 15 
4 10 5 7 12 0 0 15 0 13 0 14 0 0 0 0 
0 0 0 0 6 0 14 8 0 0 0 5 0 0 0 0 
10 0 0 0 15 7 13 11 12 0 0 0 6 0 4 0 
0 0 0 0 10 12 5 0 0 0 0 0 0 0 0 1 
0 13 6 11 0 16 1 4 0 0 0 8 3 0 0 12 
0 4 13 0 7 0 6 0 0 1 0 9 0 0 0 2 
0 2 15 6 3 0 0 0 0 8 0 0 0 0 14 16 
0 1 0 0 0 0 0 0 0 2 12 7 9 0 0 10 
3 9 10 0 11 0 0 0 16 14 15 6 0 8 5 0 
9 8 3 16 0 15 0 0 7 5 10 0 0 0 0 0 
1 0 0 15 4 9 11 5 0 12 3 13 0 0 16 0 
0 0 2 0 0 3 7 1 9 16 14 4 0 0 15 0 
0 5 0 13 16 8 2 0 6 15 0 1 0 0 7 0 
