11 15 0 3 1 9 10 0 16 8 0 0 4 6 2 0 
16 0 4 13 15 0 6 0 14 1 7 3 11 0 0 12 
5 0 0 0 8 0 0 0 0 13 0 0 0 7 3 0 
0 14 0 6 12 0 0 4 0 0 0 0 0 16 0 13 
0 0 0 0 9 0 14 0 0 2 0 0 13 0 7 16 
13 0 2 9 4 1 11 7 0 3 0 10 0 0 0 8 
0 10 0 7 0 0 3 16 0 0 0 0 0 0 6 1 
0 0 0 4 0 13 0 6 1 7 0 14 0 2 9 0 
4 2 5 0 0 7 1 0 0 15 0 8 0 9 0 3 
3 11 6 0 16 0 5 12 10 0 0 7 8 0 1 0 
0 8 0 0 0 11 0 0 0 16 12 0 0 0 4 7 
0 0 0 0 0 8 13 2 0 0 1 0 0 0 0 0 
0 4 0 8 0 12 15 0 0 0 3 16 9 0 0 0 
6 5 0 15 11 0 0 3 0 4 0 0 0 0 13 0 
0 0 16 0 0 5 0 0 7 10 0 0 12 15 14 6 
7 13 9 10 14 6 0 1 12 5 0 11 16 3 0 0 
