0 0 0 10 9 6 0 12 0 0 1 21 0 0 0 0 0 0 0 8 20 19 0 22 0 
0 5 0 2 18 8 0 14 0 0 24 0 0 11 7 0 0 9 20 6 15 0 17 0 0 
22 0 15 4 8 17 0 25 1 5 19 2 9 6 20 16 10 0 0 0 24 14 23 0 12 
1 17 14 11 0 0 0 0 16 0 18 15 0 0 3 7 4 24 19 25 0 0 0 5 0 
0 6 24 25 0 21 0 0 9 0 17 10 8 0 0 14 22 0 0 0 0 0 2 11 18 
0 0 17 6 0 0 12 18 7 8 0 23 0 0 9 0 14 13 1 19 0 21 22 25 5 
23 9 22 13 0 0 0 15 2 0 21 19 0 18 0 17 0 0 0 0 0 8 0 3 10 
7 15 16 0 0 0 3 0 5 0 0 0 11 0 6 0 21 4 2 0 12 0 18 19 13 
2 18 0 0 24 0 20 0 0 16 0 0 12 0 25 0 0 23 0 5 7 15 9 6 0 
0 1 21 12 0 11 0 0 0 0 7 0 13 10 0 22 3 0 18 0 14 0 20 2 17 
0 0 0 0 22 0 5 17 10 11 0 0 21 0 1 0 0 0 6 0 2 0 0 0 19 
0 0 2 0 0 0 7 23 14 9 0 6 18 19 22 20 13 0 0 21 8 25 0 0 0 
25 13 7 24 0 15 0 21 22 0 0 8 0 4 17 19 16 0 0 0 18 0 1 23 14 
0 0 18 0 1 0 13 20 0 19 0 7 0 24 2 0 25 0 0 22 5 0 16 12 0 
0 19 0 15 0 0 0 0 0 0 20 0 16 23 11 10 0 0 4 0 0 0 21 0 0 
16 0 0 0 23 24 17 0 0 10 6 4 0 13 15 9 19 0 12 18 0 0 5 0 0 
21 0 13 0 0 5 0 7 15 25 0 0 19 0 0 1 24 0 8 0 6 0 4 0 0 
0 0 0 22 0 0 0 4 19 0 10 3 0 0 18 13 20 5 0 0 9 1 12 0 23 
0 0 3 0 0 22 14 1 13 18 0 0 17 0 0 4 0 21 0 23 10 16 0 0 2 
18 20 10 7 4 23 16 9 0 6 0 5 1 8 21 0 0 25 0 0 19 0 0 13 3 
17 25 0 0 7 3 21 11 24 20 15 12 2 0 0 6 0 18 13 10 0 5 0 9 4 
15 0 8 5 14 12 22 16 0 2 13 0 6 0 0 0 0 0 24 4 0 17 0 0 7 
12 0 9 21 0 0 0 10 17 0 23 11 5 20 0 0 0 0 0 0 0 2 25 0 0 
10 0 6 0 2 7 9 8 0 0 25 14 3 0 24 5 12 0 21 1 11 13 0 15 0 
24 0 4 20 0 0 0 0 18 14 22 1 7 9 10 2 0 0 25 17 0 0 0 16 8 
