0 8 0 13 3 0 0 2 0 12 0 10 7 11 5 0 
2 0 10 0 1 11 0 0 0 0 16 0 15 0 0 0 
1 12 0 0 0 0 0 0 0 15 0 0 16 3 0 0 
16 0 11 0 15 0 0 14 0 0 5 0 0 0 12 0 
0 0 5 2 0 14 6 13 8 7 0 4 0 0 16 0 
0 1 13 9 7 2 0 11 16 3 6 0 0 0 8 0 
0 16 15 8 4 0 0 0 13 0 10 0 0 0 0 0 
0 11 0 6 0 0 16 0 1 0 0 0 9 0 0 13 
5 14 3 16 0 0 0 4 0 0 0 0 0 7 1 0 
9 13 8 1 0 0 14 0 0 11 3 7 10 0 2 0 
4 2 6 0 8 9 5 0 0 0 0 0 0 0 0 0 
11 15 12 0 13 7 2 0 0 4 0 16 3 0 14 0 
6 4 2 15 0 0 11 9 12 0 0 14 0 13 0 3 
0 5 0 0 0 8 7 0 3 16 4 2 0 1 15 0 
0 7 1 0 14 4 0 0 0 10 0 0 0 16 0 2 
10 3 0 11 0 12 13 0 0 0 8 0 4 14 9 7 
