7 0 21 0 14 0 19 0 25 2 24 17 5 0 0 12 1 0 11 0 8 10 6 0 4 
0 11 0 0 0 0 0 0 4 14 3 8 15 6 7 0 23 10 2 0 0 0 0 0 0 
15 16 19 0 10 0 20 6 0 0 13 14 12 0 0 0 0 0 5 25 0 18 0 21 0 
0 4 0 25 5 0 0 7 0 8 19 10 0 0 0 0 21 0 3 14 15 0 12 0 2 
18 0 8 24 22 13 0 12 0 1 25 2 23 21 0 0 6 4 0 7 17 0 9 0 0 
2 21 1 15 6 0 0 9 0 0 0 4 0 0 25 0 11 0 7 12 18 22 23 13 8 
0 0 0 10 12 2 0 19 13 0 0 5 0 22 8 0 25 21 15 0 4 7 11 0 6 
0 8 0 16 4 6 23 0 0 0 21 0 0 0 0 18 0 0 0 2 0 12 5 0 3 
19 0 0 0 0 22 5 15 0 11 10 0 9 0 24 0 0 6 0 1 21 17 0 0 0 
0 0 0 13 0 21 0 1 12 4 0 7 2 0 15 0 0 0 16 9 14 0 0 10 25 
0 19 2 3 11 0 0 0 0 22 0 16 0 25 21 9 0 0 0 0 12 20 15 0 17 
16 22 5 0 7 0 9 21 0 0 15 24 0 0 19 0 0 11 6 23 2 0 0 4 0 
0 0 17 23 21 7 0 0 2 0 0 0 4 0 0 0 5 0 10 15 6 0 14 22 18 
4 12 20 1 0 11 15 0 0 5 0 0 0 2 10 13 0 0 0 0 23 9 0 0 0 
6 9 15 14 0 1 0 10 20 0 18 12 7 23 17 21 0 2 22 0 0 5 8 19 0 
11 1 25 5 2 0 17 13 18 0 12 0 0 0 16 0 0 14 0 0 0 19 0 8 0 
21 10 9 0 20 0 22 14 1 7 0 0 0 3 0 0 0 16 25 8 5 0 17 18 0 
0 13 0 4 0 24 6 0 0 0 0 21 17 8 18 20 19 22 0 5 10 15 0 0 0 
0 15 3 0 24 8 0 23 10 16 0 19 25 0 4 6 0 0 0 11 0 21 0 14 13 
0 0 0 0 19 4 12 20 5 0 9 1 0 11 14 2 17 13 0 24 0 25 0 6 0 
0 14 18 0 15 12 7 0 0 0 0 0 20 0 0 8 2 24 0 0 11 0 0 0 0 
0 2 12 0 23 25 14 4 21 0 8 0 16 15 5 7 18 1 17 22 0 0 0 0 0 
22 7 0 21 0 0 0 16 0 13 4 0 0 19 2 0 15 0 0 0 25 0 18 17 0 
0 0 4 8 13 0 1 2 22 10 17 3 0 0 12 11 9 0 14 0 16 23 0 5 0 
3 0 0 0 9 15 8 0 0 0 0 25 18 0 0 10 4 0 20 21 1 2 13 0 0 
