8 0 0 15 0 13 0 10 14 0 0 0 2 6 0 0 
16 11 0 0 0 0 0 0 12 0 2 0 8 0 1 14 
0 0 1 0 4 0 6 0 15 11 8 0 16 0 0 12 
0 0 14 6 0 0 16 0 0 0 10 3 11 0 13 15 
0 10 2 5 0 16 4 0 7 0 9 0 12 14 0 8 
0 0 0 16 2 0 0 0 0 0 0 0 0 13 11 7 
13 0 11 0 9 3 8 0 1 2 15 0 4 0 6 0 
0 0 4 0 0 0 0 0 8 0 0 12 3 0 10 0 
4 0 16 10 0 12 14 0 6 8 11 0 0 15 0 1 
0 3 0 8 0 0 0 0 0 0 1 0 0 11 2 0 
2 9 6 11 10 0 0 4 16 0 3 0 0 8 0 13 
0 15 5 14 0 0 3 0 13 0 0 2 10 9 0 4 
0 1 0 0 13 8 0 0 9 0 0 4 0 0 7 0 
0 8 7 12 0 0 2 0 11 0 0 0 6 5 4 16 
11 5 0 9 0 4 0 16 0 0 0 8 13 0 0 10 
0 0 0 0 7 6 11 0 10 0 12 0 9 1 8 2 
