0 0 15 0 0 0 21 16 2 0 10 1 12 3 19 22 20 0 14 25 13 18 24 0 4 
0 4 14 0 0 1 0 0 0 0 8 9 16 5 0 12 0 0 10 15 25 23 0 0 0 
8 0 0 0 0 0 9 10 0 17 14 18 0 7 0 21 19 0 0 6 15 0 0 0 0 
21 13 10 0 23 15 0 0 0 0 25 6 17 2 0 0 24 0 0 7 8 0 19 14 0 
0 24 0 0 0 18 0 4 14 12 20 22 23 15 0 8 5 13 0 9 1 7 0 0 11 
4 2 23 15 25 9 3 0 16 1 0 0 5 10 0 13 8 0 0 0 17 22 18 0 0 
0 0 7 24 0 20 0 5 8 0 0 0 0 0 0 0 0 0 22 17 0 11 25 13 0 
0 5 0 0 0 0 23 14 22 15 0 13 0 4 2 0 0 0 24 0 0 10 9 0 8 
0 6 0 0 10 11 24 7 17 0 0 21 18 8 0 0 9 5 4 2 0 0 15 12 20 
9 0 0 8 17 0 18 0 21 0 0 14 0 24 0 1 0 7 0 19 0 4 6 0 0 
17 0 0 10 0 0 0 0 12 0 0 0 0 9 5 24 7 0 8 0 22 0 14 0 13 
0 22 0 0 13 0 7 23 0 0 0 0 15 0 0 10 11 25 3 16 4 1 5 8 0 
0 23 0 0 11 16 0 0 25 0 24 0 0 13 22 9 0 0 19 4 0 0 0 7 0 
6 0 0 0 18 0 5 15 4 21 12 8 19 23 7 0 0 2 0 1 10 24 0 20 0 
0 8 0 4 0 24 10 1 13 9 0 11 3 14 17 20 22 0 18 0 0 25 21 23 0 
0 19 0 0 1 0 14 0 23 20 0 4 2 11 25 0 3 8 15 0 0 21 12 0 22 
15 0 0 23 0 4 17 0 6 0 0 3 8 0 18 0 14 20 0 11 19 0 0 0 0 
0 3 25 9 0 19 15 8 0 11 0 5 6 21 10 4 12 1 16 18 14 0 23 0 0 
20 12 17 0 8 5 13 0 18 0 0 15 14 0 24 23 25 9 0 0 11 3 0 2 0 
0 0 4 11 0 3 0 2 1 25 9 0 20 0 0 0 13 0 21 22 18 0 10 0 6 
0 17 0 7 0 6 8 20 0 23 4 0 0 0 0 0 0 22 2 12 0 5 0 0 0 
0 0 8 0 0 25 16 19 5 0 0 20 10 0 9 11 21 0 0 13 23 0 0 0 18 
22 0 5 0 24 0 1 3 9 0 0 0 11 0 0 0 4 0 23 20 0 0 8 25 0 
10 20 1 18 3 7 4 0 11 0 5 23 0 0 0 6 16 0 0 8 24 17 0 0 0 
23 16 9 0 0 21 22 0 0 13 2 19 0 0 0 5 0 0 25 14 20 6 0 11 0 
