0 0 0 11 0 1 2 5 13 0 0 7 0 16 0 15 
0 13 0 0 0 0 14 0 10 9 0 0 0 7 0 8 
8 0 7 10 0 0 0 0 16 4 0 12 5 1 2 0 
0 6 0 14 8 16 10 0 11 0 1 15 0 0 0 0 
9 8 10 0 4 2 0 0 0 16 12 0 0 14 0 0 
0 0 0 0 0 13 0 0 0 10 9 0 0 2 0 0 
0 7 0 0 10 0 0 0 0 0 0 13 0 15 16 9 
2 15 14 0 0 0 0 0 1 7 4 0 6 0 13 10 
13 0 6 0 1 0 0 0 0 15 16 14 0 0 9 3 
4 1 0 0 15 5 0 0 12 13 0 0 8 6 10 0 
15 0 9 5 7 10 0 0 8 0 0 0 0 0 1 14 
12 0 8 7 6 0 13 0 0 0 0 9 15 11 5 0 
14 0 0 1 0 0 4 10 3 12 11 6 16 9 8 13 
7 4 0 0 0 0 8 0 9 5 0 0 0 10 11 6 
0 5 0 0 0 0 0 0 4 8 0 16 2 0 0 12 
6 11 16 8 0 0 0 13 7 14 0 0 0 0 0 1 
