0 3 0 0 4 20 0 24 23 0 0 0 0 8 2 0 11 18 15 13 0 16 22 21 17 
17 0 0 0 10 7 4 21 0 16 13 11 0 24 18 22 3 19 0 0 0 0 0 1 2 
0 0 18 5 19 0 0 0 12 0 14 0 10 16 0 20 23 2 0 0 0 9 0 0 15 
0 0 20 24 0 22 2 15 0 0 1 3 0 17 0 0 9 0 4 14 12 18 0 0 25 
2 0 16 0 15 3 0 0 10 0 0 23 0 0 0 24 0 6 0 1 7 0 0 0 0 
0 0 25 0 18 23 11 12 0 1 0 5 19 22 16 0 20 0 0 24 8 2 14 0 6 
0 0 21 0 0 0 15 16 0 0 6 0 20 23 4 0 0 0 3 0 0 10 0 11 0 
5 0 0 0 0 9 0 4 8 21 0 0 0 14 17 25 0 7 0 6 22 23 0 0 0 
14 0 0 11 7 2 19 20 0 0 0 18 0 25 21 12 4 0 0 0 0 24 0 0 0 
22 0 0 0 0 0 0 6 0 24 2 10 12 3 8 18 14 0 19 15 0 21 7 17 0 
0 0 14 7 0 5 0 0 21 11 3 15 17 10 9 19 18 0 16 0 2 4 0 25 22 
9 23 0 21 0 24 0 22 18 0 19 0 14 5 20 3 6 0 0 0 13 0 0 16 1 
0 8 2 16 24 0 0 0 0 9 7 6 18 0 23 0 0 22 0 5 11 12 17 0 21 
15 5 0 0 0 4 8 0 0 0 0 0 11 0 0 23 0 24 14 9 6 20 0 0 10 
0 0 0 0 11 1 0 2 0 3 0 8 13 12 0 0 0 4 7 10 0 0 9 0 0 
0 0 7 0 13 12 9 0 0 0 0 20 0 0 14 0 0 5 0 17 0 0 15 22 8 
19 0 0 8 23 21 16 14 1 6 24 0 25 0 3 9 12 0 22 0 18 13 2 0 5 
25 17 0 0 0 8 0 0 0 2 12 0 5 4 15 0 7 21 1 0 10 11 16 6 9 
3 0 0 0 5 13 10 11 0 0 0 9 22 6 1 16 0 0 23 0 14 17 19 0 7 
0 0 0 0 12 0 7 5 0 22 8 16 2 13 0 0 19 25 18 0 4 1 3 23 24 
20 0 0 0 16 18 0 0 2 13 17 14 3 0 5 0 15 0 0 23 25 0 21 0 0 
18 0 0 10 3 0 0 0 6 0 23 1 0 2 0 8 0 17 0 0 0 0 0 5 0 
1 25 13 0 22 11 12 8 0 17 0 0 7 19 0 0 16 3 0 0 0 15 0 0 14 
0 7 9 0 21 19 0 3 4 0 10 25 16 15 11 0 0 14 0 12 17 6 20 8 0 
23 0 0 17 6 0 0 0 0 0 22 0 8 18 12 0 21 20 9 19 0 3 13 0 4 
