0 0 10 0 0 0 0 15 2 0 6 13 0 0 3 0 
11 0 12 0 4 0 2 0 10 7 16 0 0 0 14 0 
0 6 0 0 0 0 7 10 5 8 15 11 12 0 0 0 
0 0 15 0 0 13 0 9 12 0 0 0 0 11 0 0 
0 10 11 0 0 0 9 0 6 0 0 0 15 5 4 3 
2 13 0 0 0 0 10 0 7 3 0 0 1 0 0 0 
0 0 1 12 0 4 0 16 0 10 13 5 2 0 0 0 
0 7 3 9 5 0 0 11 15 12 4 0 13 8 0 14 
0 3 9 0 0 14 5 7 1 0 12 10 16 6 15 0 
0 0 7 0 0 0 11 13 0 16 0 6 4 3 1 2 
0 0 6 15 0 0 0 0 9 13 7 4 0 0 0 0 
14 0 0 1 10 0 0 6 0 15 2 0 7 0 13 0 
0 0 2 7 11 1 0 0 0 14 0 0 3 0 0 0 
10 15 13 0 0 0 12 3 4 0 1 0 0 16 0 11 
0 1 0 0 0 0 0 0 0 5 9 0 14 15 2 0 
0 4 14 5 16 0 13 2 0 6 11 15 9 10 0 0 
