13 0 0 12 8 0 2 0 0 4 0 0 5 16 0 3 
0 0 3 0 7 0 1 0 8 5 12 0 0 14 0 11 
0 0 0 9 0 0 0 14 6 0 0 11 7 15 8 12 
0 15 0 0 0 0 0 0 0 7 14 0 6 0 0 0 
0 0 0 15 14 0 6 0 3 0 11 0 0 0 1 7 
11 5 0 3 10 0 4 0 0 0 0 12 0 0 15 0 
0 0 0 0 11 0 0 15 7 0 0 0 0 2 3 5 
14 0 0 0 0 0 3 0 0 0 8 0 11 9 0 0 
0 3 0 1 0 13 0 7 0 0 10 16 2 6 11 0 
0 0 0 0 0 3 8 9 5 0 1 0 15 0 13 0 
5 14 15 0 2 16 11 10 12 6 3 13 1 4 0 9 
0 9 13 0 12 1 0 6 0 8 0 0 14 3 5 0 
6 1 5 0 13 0 0 0 14 0 0 2 8 0 16 15 
15 0 8 0 0 0 0 2 0 0 0 0 3 5 0 1 
3 12 0 0 0 14 7 5 0 0 16 8 9 11 0 6 
7 2 0 0 1 8 0 0 0 11 5 6 0 0 12 13 
