0 0 0 23 0 24 20 2 0 4 3 18 17 0 0 13 11 0 15 8 12 9 0 0 0 
20 18 14 7 3 11 0 0 16 19 0 0 25 8 0 9 10 1 6 12 0 0 15 24 2 
1 4 0 0 9 0 0 15 5 3 0 21 0 6 7 0 0 0 0 20 16 10 0 0 11 
0 6 5 2 25 10 0 7 9 0 0 0 0 15 0 0 0 0 0 23 0 3 19 22 0 
0 8 0 15 0 21 6 23 0 12 14 0 0 10 2 0 19 0 0 3 25 5 0 0 0 
0 0 0 3 15 1 0 4 23 11 6 0 0 20 0 10 13 0 0 14 0 0 0 0 9 
0 20 0 0 0 0 25 0 0 0 18 0 0 0 3 1 24 0 0 0 0 15 16 0 0 
0 23 0 0 0 0 14 10 19 21 0 0 13 0 0 0 7 2 0 25 0 1 17 5 0 
0 13 1 0 16 0 7 3 0 0 17 0 19 11 8 4 6 0 12 0 24 0 0 0 23 
0 0 0 4 6 12 9 18 0 0 21 0 14 0 1 23 0 0 0 19 22 0 8 13 3 
8 0 0 0 18 0 0 1 0 25 0 19 0 0 0 15 21 0 17 0 9 24 11 0 22 
0 16 0 6 10 3 0 8 2 14 20 4 15 5 24 0 0 7 23 0 0 18 0 25 17 
0 1 23 0 0 0 24 0 0 0 0 0 0 0 10 25 12 0 11 18 3 14 2 20 0 
0 0 24 11 17 0 12 0 20 16 0 0 21 2 23 0 8 14 0 10 1 0 7 0 0 
0 9 20 0 0 0 0 19 21 23 0 11 0 0 25 5 0 6 4 0 8 16 12 10 15 
0 12 25 0 11 0 19 20 14 22 13 0 7 24 0 0 0 23 5 2 15 0 0 0 0 
22 14 4 17 5 0 21 24 7 6 2 16 1 0 11 8 3 13 18 0 0 0 20 0 0 
0 0 6 0 24 16 0 0 0 10 15 14 8 22 0 7 0 12 20 0 5 2 4 0 0 
9 15 10 0 1 0 3 12 8 2 0 0 23 18 21 19 0 25 22 0 17 0 24 0 0 
18 0 0 0 23 15 1 0 0 0 0 0 3 0 0 21 0 0 0 11 14 22 0 16 8 
0 24 3 0 0 23 15 0 0 0 0 8 0 0 20 6 0 10 19 5 2 13 22 0 14 
16 0 15 1 2 0 0 0 3 0 24 6 0 14 0 0 23 8 0 0 0 12 25 9 0 
0 0 0 0 0 20 0 16 10 17 25 0 2 21 0 12 0 3 24 0 0 8 6 1 18 
6 0 13 18 0 25 0 0 0 0 10 0 0 9 15 14 22 16 0 7 23 17 5 4 24 
0 17 0 0 4 22 18 14 6 24 0 0 5 0 19 2 0 9 0 13 7 11 0 15 0 
