0 1 8 5 10 2 0 13 11 0 0 14 3 16 0 4 
0 12 13 6 0 0 0 0 9 16 2 4 0 0 10 5 
10 0 14 0 0 5 0 12 8 0 0 3 0 0 2 9 
0 2 0 16 14 0 4 8 7 0 5 0 0 1 12 0 
2 0 10 0 0 0 13 0 0 0 0 0 0 0 14 6 
12 5 0 0 4 14 0 16 1 0 0 10 2 0 13 0 
0 3 0 0 15 0 11 0 2 0 0 12 0 0 1 0 
1 0 0 0 0 0 7 0 0 13 8 5 12 0 16 0 
0 15 6 0 0 4 0 0 0 5 1 8 0 0 0 0 
14 0 0 0 3 0 5 9 0 11 4 13 10 12 15 7 
0 0 0 10 13 0 0 11 0 7 9 16 4 2 6 1 
0 0 0 0 16 0 0 0 3 0 12 0 13 5 8 0 
0 11 4 0 5 13 2 0 0 0 0 1 0 0 9 0 
0 10 0 0 0 0 12 4 15 0 14 0 1 13 0 0 
0 13 0 0 0 16 9 14 5 0 0 11 0 7 4 0 
0 0 0 9 1 0 10 0 13 4 0 2 0 0 11 0 
