0 14 0 0 0 22 0 16 11 0 0 18 20 0 0 25 0 0 0 0 19 0 0 6 0 
6 0 5 0 0 0 7 17 20 0 0 1 12 13 0 22 0 0 14 0 9 0 0 3 15 
0 10 0 0 0 14 0 0 0 4 0 7 15 0 0 5 0 13 0 20 0 23 2 0 8 
0 0 9 24 18 12 0 0 3 0 10 25 14 8 0 4 6 15 1 11 0 7 16 22 21 
0 0 3 1 16 24 0 0 5 0 19 6 4 0 0 0 23 9 0 7 0 0 0 14 0 
0 0 18 0 23 19 0 24 10 21 0 0 0 0 14 13 0 0 0 8 5 2 0 7 3 
24 21 19 0 15 0 0 3 14 0 0 0 22 2 8 0 0 0 6 0 0 0 13 9 0 
8 6 2 0 0 25 4 0 12 7 13 9 3 5 0 10 0 17 0 0 0 22 19 20 0 
16 5 12 0 17 0 0 2 0 6 0 0 21 0 7 0 14 0 0 0 10 8 0 4 0 
7 13 25 3 4 0 8 0 22 5 1 23 0 0 10 0 19 0 2 0 14 17 0 15 16 
10 3 0 18 14 13 0 0 2 8 6 11 0 0 17 20 0 23 0 12 15 21 7 25 19 
0 8 0 0 20 10 12 0 21 0 5 0 19 14 0 15 0 0 11 17 1 0 9 0 0 
12 17 11 4 13 16 14 9 15 0 7 22 24 0 0 18 21 8 0 19 2 0 0 0 0 
19 7 16 5 21 18 17 0 0 25 20 2 8 15 3 9 0 1 0 0 24 12 14 13 11 
0 2 6 0 0 0 11 19 0 0 0 10 16 21 12 0 5 7 13 0 0 0 17 8 22 
3 0 0 17 5 0 24 0 16 1 0 0 13 18 19 0 0 0 12 0 0 0 0 11 0 
13 0 0 23 6 0 15 0 17 14 0 0 10 7 0 0 22 0 0 0 0 0 3 18 5 
0 0 8 0 2 0 0 10 7 9 0 3 23 0 11 24 0 0 20 0 0 6 0 0 13 
0 0 0 0 7 20 0 0 19 13 15 0 5 17 9 23 3 14 8 0 16 0 0 0 12 
0 24 20 21 22 23 3 0 0 12 0 4 0 6 0 11 0 0 0 13 0 0 10 0 9 
5 18 14 0 0 0 19 1 24 2 11 15 25 16 0 0 8 0 23 22 0 0 4 21 0 
0 0 13 0 19 6 0 12 0 0 2 0 0 0 24 0 0 11 0 3 0 9 8 0 14 
11 0 22 2 0 0 20 15 9 0 21 0 1 10 0 19 0 25 0 0 6 16 0 5 18 
0 0 21 8 0 5 18 14 23 0 3 12 0 19 0 2 9 0 0 6 22 0 20 1 0 
0 0 0 7 0 4 13 0 8 0 0 0 18 23 6 0 0 0 10 5 25 0 15 0 0 
