0 0 1 12 14 0 0 24 16 0 19 3 21 10 0 0 0 23 20 2 8 17 5 6 0 
6 16 10 18 17 21 0 19 5 0 0 4 0 12 2 13 9 8 7 11 0 25 22 3 14 
8 13 0 25 2 0 9 20 4 3 17 0 0 0 0 19 0 0 22 14 0 0 0 0 18 
11 0 0 0 3 22 14 0 6 10 13 25 0 9 15 24 16 1 17 0 21 4 23 0 0 
0 4 0 21 23 17 11 0 25 2 0 0 6 22 0 12 3 0 0 0 16 0 24 13 19 
0 7 0 16 0 4 12 25 8 17 0 1 10 0 0 0 19 18 15 20 23 21 3 0 0 
10 8 21 0 24 5 0 0 7 0 0 9 0 0 3 17 1 0 0 0 0 0 19 18 0 
0 5 25 0 0 0 15 9 11 16 20 18 13 24 17 22 0 0 0 0 1 0 0 4 0 
0 23 2 0 0 0 10 21 1 0 0 19 0 0 8 0 13 9 24 0 20 16 25 0 0 
0 0 18 20 1 24 0 13 0 0 21 0 22 0 0 16 0 14 0 0 0 6 10 7 11 
0 21 12 1 0 0 0 0 13 0 0 22 11 0 19 0 8 0 0 0 0 5 0 0 23 
17 15 3 19 0 0 0 0 0 0 0 20 0 21 7 0 10 0 0 0 0 0 4 0 0 
0 20 13 0 0 11 0 0 0 21 0 10 0 17 9 7 5 16 14 4 0 3 0 0 0 
16 0 5 0 0 0 0 0 9 4 0 8 0 13 23 18 25 12 0 22 0 0 21 19 0 
14 0 6 7 0 0 16 23 0 25 0 0 0 3 0 0 24 19 11 17 0 0 0 0 13 
7 2 0 24 6 0 20 0 0 11 3 0 0 19 13 1 0 17 18 23 5 0 0 10 0 
21 14 0 0 12 0 0 6 0 9 0 0 23 5 20 15 0 0 19 0 0 1 0 0 2 
0 25 0 17 13 0 24 1 0 0 4 0 0 0 0 3 0 7 0 0 22 0 11 0 21 
23 0 22 3 0 0 0 17 0 8 15 0 0 1 0 0 20 6 0 0 7 12 0 0 24 
19 1 0 0 10 23 0 18 3 0 11 0 0 0 22 0 0 13 0 0 0 0 0 20 16 
0 3 0 0 0 8 0 0 19 24 0 0 14 0 0 9 18 0 0 0 0 13 12 1 0 
0 24 8 0 0 10 3 2 21 14 0 0 17 20 1 23 0 0 13 19 0 18 9 0 6 
5 12 0 9 20 1 18 7 0 22 0 13 0 0 0 8 11 0 2 21 17 23 14 16 3 
1 0 0 22 0 6 0 16 20 13 9 0 3 8 0 0 17 25 4 12 0 0 7 0 15 
0 0 23 0 21 9 0 4 17 12 18 16 19 0 5 14 15 22 3 1 0 24 20 8 10 
