0 12 0 5 0 4 0 0 0 8 0 0 0 16 0 0 
6 0 4 0 0 1 0 8 0 9 0 15 11 12 5 0 
3 11 0 0 0 0 0 14 13 4 0 0 7 15 0 0 
16 0 14 15 9 10 13 0 0 11 3 5 4 6 0 2 
0 15 0 11 4 5 12 0 0 0 8 0 0 0 2 0 
0 9 5 16 2 3 0 0 4 6 11 7 12 10 8 15 
10 0 0 7 0 6 8 9 0 12 1 13 3 0 0 0 
12 0 0 6 10 11 1 0 0 0 5 3 0 0 16 0 
0 7 6 3 14 0 0 5 0 0 0 0 10 9 0 4 
2 5 0 13 0 7 4 1 3 10 0 0 15 8 6 0 
0 0 12 8 0 0 0 0 2 15 7 6 0 0 0 14 
0 0 11 0 6 8 0 0 5 13 0 4 2 0 0 0 
0 3 0 0 0 0 0 11 12 14 2 9 0 0 0 0 
0 6 13 0 0 16 0 0 0 0 0 0 0 0 7 9 
0 0 0 9 0 14 10 0 6 0 0 0 0 3 0 11 
0 1 0 0 0 9 0 3 0 0 0 8 0 2 15 0 
