0 16 9 17 0 0 13 0 4 0 8 0 14 23 19 20 0 24 6 0 0 0 22 15 0 
10 0 4 23 0 0 3 14 20 19 0 5 0 2 6 0 21 0 0 0 0 0 12 0 9 
12 0 0 0 19 0 17 0 25 15 0 7 0 0 0 8 1 0 0 0 2 0 0 6 0 
8 20 2 0 0 0 0 0 0 0 25 11 0 21 0 0 14 15 23 5 16 0 18 0 0 
11 0 6 0 5 8 7 21 0 0 18 1 12 0 0 25 0 2 0 0 0 0 19 20 23 
23 0 0 7 12 0 20 0 19 11 0 13 0 0 0 0 2 0 14 4 21 0 6 18 24 
0 0 18 4 0 0 5 16 0 17 2 21 25 14 23 10 0 6 19 0 0 0 20 22 0 
13 0 10 0 9 14 15 3 22 0 0 16 17 12 5 1 7 20 18 21 0 25 8 23 2 
14 0 3 0 2 0 21 0 6 18 4 22 7 0 20 0 9 0 0 23 15 19 10 0 16 
16 0 0 0 20 13 10 1 0 0 9 0 18 0 0 22 24 25 0 15 17 0 3 14 4 
19 13 0 0 0 0 0 0 8 0 3 14 0 18 0 2 20 5 0 0 4 23 0 0 0 
0 6 24 10 11 0 4 23 14 0 21 0 2 0 8 0 25 13 3 0 7 15 5 0 0 
0 22 12 0 21 0 18 0 0 24 23 15 16 0 7 0 0 0 17 0 0 0 0 0 0 
0 23 0 2 0 3 16 20 12 6 10 9 0 0 0 0 8 0 0 0 18 0 13 17 11 
17 0 0 8 3 15 0 7 0 0 0 12 6 11 0 18 10 0 9 16 20 24 0 0 0 
9 0 0 13 0 0 0 0 1 14 0 6 8 22 16 0 0 0 20 0 19 0 0 0 17 
22 7 0 0 0 10 0 0 21 0 24 0 9 13 0 0 0 1 0 14 0 0 2 4 0 
0 18 0 0 17 20 6 24 0 8 0 0 23 0 12 0 4 0 11 0 22 14 1 3 21 
5 0 0 1 6 17 0 22 0 0 14 4 3 0 18 23 15 19 10 12 0 0 24 25 8 
24 0 15 14 10 4 9 19 0 0 0 2 0 1 21 6 22 8 0 0 23 20 7 13 0 
0 2 0 12 8 0 14 9 0 13 0 0 0 10 15 5 6 0 0 24 0 0 0 11 0 
6 5 0 0 7 0 0 0 0 0 22 17 0 8 2 0 0 0 21 0 10 3 0 9 20 
3 0 14 0 0 6 19 0 18 0 11 23 0 0 9 0 0 17 0 0 24 1 16 0 0 
0 9 16 0 24 5 0 10 3 20 6 25 13 7 0 15 23 22 0 0 12 8 0 21 0 
0 1 17 19 0 21 0 2 11 0 0 0 0 0 4 0 16 14 7 10 0 0 15 5 0 
