4 0 15 0 19 0 17 0 13 0 21 5 24 0 9 2 23 0 0 11 7 12 8 25 10 
0 2 13 0 12 0 19 0 0 9 15 14 0 16 23 5 18 0 0 0 1 0 24 0 0 
0 11 0 0 7 0 8 23 0 0 18 12 10 0 0 0 9 24 6 0 13 16 15 14 20 
20 0 10 16 3 0 22 5 14 0 13 0 0 1 0 15 25 19 0 0 0 21 23 17 9 
0 0 25 0 14 24 15 18 0 12 0 8 4 17 0 13 3 0 1 10 19 0 0 6 0 
16 15 0 10 4 25 0 3 17 13 0 7 5 2 19 23 12 8 21 0 0 0 0 0 0 
0 19 17 0 0 9 21 15 5 0 0 3 0 23 22 16 0 11 10 1 0 0 0 0 4 
0 25 3 0 0 0 0 0 0 11 0 0 0 21 18 0 0 7 22 9 0 15 0 10 13 
7 0 0 0 0 0 0 2 10 8 0 0 0 12 4 24 0 3 5 14 0 0 0 0 17 
22 0 8 5 20 19 0 6 12 0 0 9 15 0 1 0 17 4 13 0 11 2 0 3 16 
15 8 2 0 22 1 13 0 0 0 23 0 7 0 0 0 5 6 0 20 3 0 0 0 0 
0 0 0 14 0 4 0 21 0 6 5 10 0 20 16 0 7 9 0 3 22 13 25 23 0 
18 0 21 7 9 5 3 0 23 0 0 4 0 0 0 8 16 22 0 0 2 0 20 19 1 
0 20 0 0 10 11 25 22 9 0 1 0 6 0 0 0 0 0 4 0 17 7 0 5 0 
0 0 0 0 23 8 0 0 0 10 19 0 21 9 24 1 13 17 0 0 0 4 14 0 0 
0 0 6 0 16 15 9 0 0 0 3 0 0 0 5 14 21 10 17 7 12 18 22 0 11 
14 0 0 25 2 0 11 0 3 0 4 0 1 8 0 18 0 20 0 13 0 19 0 0 24 
19 0 5 0 15 7 0 0 21 18 0 0 16 0 11 3 0 0 2 0 0 9 0 8 23 
3 12 9 0 0 0 5 10 20 0 2 23 22 0 6 0 19 0 8 16 21 0 7 0 0 
0 0 20 0 17 12 0 0 19 0 14 0 0 7 10 11 24 23 15 0 0 0 0 16 25 
0 16 0 18 0 0 0 0 0 3 0 0 19 0 0 7 8 0 0 21 15 11 0 0 0 
0 13 23 0 24 0 0 11 0 0 0 0 2 4 0 9 0 15 16 0 14 8 3 18 19 
17 1 7 0 8 0 0 0 24 0 9 20 0 22 13 0 0 0 18 0 0 0 10 0 0 
9 0 12 0 5 0 7 13 22 0 10 0 18 11 0 20 0 2 14 25 24 0 0 0 0 
0 22 4 0 0 18 16 19 8 0 12 1 0 0 15 17 10 0 0 24 25 20 13 9 7 
