0 16 5 3 0 7 13 2 14 10 1 0 0 15 0 8 
0 9 0 10 6 0 12 14 0 11 13 15 7 1 0 0 
0 0 13 7 0 4 0 3 0 0 0 2 11 0 0 0 
12 15 0 0 0 0 0 0 9 4 7 3 0 0 0 0 
5 0 7 0 1 6 0 12 0 13 10 0 15 4 0 0 
13 0 0 4 0 0 0 0 12 14 9 11 0 5 1 3 
0 0 0 0 0 3 0 4 15 8 5 6 13 10 0 0 
9 11 10 15 2 0 0 5 0 7 0 0 16 8 12 6 
16 10 0 1 0 0 2 0 0 3 0 0 0 0 0 0 
0 14 9 2 5 0 7 0 11 6 15 0 0 0 16 0 
0 0 3 0 0 1 8 16 13 0 0 9 10 0 0 15 
0 0 12 0 3 0 10 15 5 0 0 0 0 0 0 0 
3 0 0 16 14 0 6 0 10 0 4 13 5 0 0 0 
0 13 11 5 0 0 0 9 0 0 0 0 4 0 0 16 
0 0 6 9 12 16 0 0 7 0 11 0 0 0 10 13 
0 12 0 14 0 0 5 0 3 0 2 0 0 7 6 0 
