13 4 0 15 5 16 0 9 11 6 0 0 0 0 0 0 
0 0 0 1 11 0 0 13 0 0 0 12 15 0 9 16 
3 0 0 0 12 0 0 0 0 0 0 15 0 14 0 1 
16 0 0 5 15 8 6 1 0 0 9 0 0 3 0 0 
12 11 0 3 0 0 5 15 0 0 1 0 2 6 8 0 
0 0 0 9 0 0 7 0 15 0 5 8 14 11 12 10 
0 5 8 0 13 0 12 0 0 11 7 3 9 16 0 15 
0 0 7 10 6 0 0 8 0 0 14 2 0 0 3 0 
0 0 9 0 2 0 13 12 1 16 0 0 8 4 0 0 
0 0 0 7 3 1 0 5 0 0 0 0 11 0 0 0 
5 0 0 13 4 0 0 0 0 0 0 7 1 0 0 0 
8 12 0 0 7 0 10 16 0 3 11 0 0 9 0 0 
9 0 4 11 8 13 15 0 0 0 0 16 10 0 6 0 
7 15 10 0 9 12 0 6 0 4 0 14 0 2 11 5 
1 13 0 16 10 4 2 0 12 0 0 6 3 7 0 0 
0 2 0 0 14 0 16 7 9 1 0 0 0 0 15 0 
