12 0 0 8 15 7 13 10 0 0 5 0 0 2 0 0 
0 0 7 0 0 1 12 11 6 0 0 0 0 8 0 9 
0 0 0 4 0 0 0 0 11 0 1 16 12 10 7 0 
0 0 2 5 6 3 0 0 7 12 0 8 13 0 0 14 
2 0 0 0 5 15 1 8 10 3 13 11 6 7 0 4 
10 7 0 0 0 16 11 0 1 0 0 4 0 3 2 0 
0 5 0 11 4 2 0 14 0 16 0 0 0 13 0 0 
0 0 0 13 3 0 0 0 0 5 0 12 0 0 14 0 
0 0 10 0 16 0 8 3 12 4 15 6 1 9 0 0 
5 0 0 0 0 0 0 2 0 10 0 14 0 0 0 13 
11 15 9 0 13 4 14 0 8 0 3 0 0 12 6 0 
4 3 16 6 0 10 0 0 13 11 0 1 8 14 15 0 
0 0 5 3 0 0 7 0 2 0 16 15 0 0 0 0 
7 0 4 2 8 5 16 0 0 1 0 0 0 6 0 11 
6 0 0 0 0 0 0 9 0 7 0 0 0 5 8 16 
0 0 0 1 0 0 2 6 5 0 0 0 7 4 0 0 
