0 4 0 9 12 2 6 0 0 1 0 3 0 0 0 10 
0 10 0 5 0 11 0 0 15 0 7 0 0 4 1 0 
15 0 11 0 16 10 9 7 0 14 0 12 0 5 0 0 
6 7 0 0 0 4 0 0 2 16 10 0 8 9 0 14 
0 0 16 4 0 5 12 0 7 11 0 0 0 6 0 1 
0 0 0 0 11 0 0 0 0 0 8 14 0 12 0 13 
12 8 0 0 4 0 7 13 10 5 0 2 14 16 3 11 
14 11 0 0 0 16 0 8 3 9 12 6 0 0 0 0 
0 0 7 12 13 0 0 6 9 0 0 1 0 0 14 0 
10 0 0 0 0 8 4 1 0 0 0 0 16 0 13 7 
1 15 0 0 0 0 14 0 13 0 2 0 0 11 10 6 
0 0 0 8 10 0 11 16 14 15 0 4 0 1 0 0 
0 13 8 0 6 0 0 0 0 0 0 0 0 3 7 4 
0 0 3 0 5 0 0 11 0 2 0 0 6 0 0 15 
5 0 6 15 3 14 10 9 0 13 11 7 1 8 0 0 
0 14 0 11 0 0 16 0 0 0 0 0 0 13 5 9 
