1 15 12 0 0 23 0 0 0 16 0 0 14 2 0 0 0 0 0 0 11 10 4 3 6 
8 6 13 3 11 0 0 22 25 0 0 23 10 21 4 16 15 1 14 0 2 19 0 12 20 
0 20 5 0 0 2 0 1 4 0 6 0 3 7 11 22 0 24 10 0 0 14 13 15 9 
0 0 17 7 22 0 0 0 6 0 0 8 25 5 0 2 23 13 0 12 0 1 0 0 0 
2 24 14 16 10 15 0 0 5 19 20 1 0 9 0 3 0 18 0 17 0 0 0 0 0 
0 2 0 5 0 0 6 17 0 0 21 18 1 0 19 8 0 0 20 25 4 15 12 0 10 
0 0 0 0 0 0 0 0 0 0 0 0 24 0 16 6 17 19 7 13 0 20 1 9 2 
9 3 20 25 13 19 1 0 0 0 0 17 0 0 0 0 0 0 23 0 6 24 14 0 0 
19 14 0 0 0 0 0 15 16 9 0 6 23 3 10 0 0 0 0 0 0 5 8 22 11 
0 0 1 4 24 3 5 8 0 0 0 20 22 11 9 15 0 10 12 14 25 0 16 13 19 
0 0 24 6 19 0 12 7 9 0 11 21 4 0 14 0 0 23 16 8 5 18 15 0 13 
0 25 0 22 0 5 16 23 17 0 9 0 7 0 24 0 0 12 13 19 0 0 20 0 14 
7 11 0 0 0 13 24 0 0 15 0 0 20 8 0 0 3 25 5 18 0 0 0 6 0 
13 5 0 0 0 4 0 0 0 0 0 0 17 0 23 14 1 6 24 22 0 7 0 0 16 
12 16 8 0 0 6 2 25 1 21 0 3 0 13 18 0 0 0 0 0 0 0 0 0 0 
0 0 10 2 0 7 0 24 20 3 0 0 0 16 6 0 0 15 0 23 0 4 0 19 0 
22 0 6 0 9 18 13 5 0 0 0 0 2 19 3 1 7 4 21 16 0 0 0 0 8 
5 0 3 12 8 11 14 0 2 0 25 0 0 0 0 18 0 22 17 20 0 16 0 1 24 
0 0 0 11 0 17 9 19 8 10 0 22 0 0 20 12 0 0 0 0 0 2 0 25 7 
20 0 25 18 0 0 21 0 12 0 0 4 0 0 5 19 10 8 0 6 0 0 3 0 15 
0 0 0 0 4 9 17 2 0 24 10 0 13 0 12 0 0 11 6 3 15 8 19 5 0 
0 12 0 15 6 8 25 10 0 0 2 5 16 23 17 0 0 0 18 0 14 0 22 4 3 
24 8 11 14 5 0 0 3 0 0 0 9 19 0 0 13 16 17 0 4 18 0 2 0 0 
17 10 0 13 2 0 0 4 0 0 0 0 18 0 8 23 0 14 15 5 20 0 24 11 0 
25 18 0 1 0 0 15 0 0 0 0 0 0 24 0 20 0 2 0 10 16 12 9 0 0 
