0 0 0 2 8 6 0 0 10 3 0 0 0 9 0 0 
4 1 6 15 14 0 0 0 16 8 0 0 0 0 0 10 
10 0 9 0 4 11 16 0 0 0 0 0 0 1 15 0 
0 0 16 14 0 0 13 0 0 6 11 15 2 0 5 0 
7 0 4 11 0 1 0 5 3 0 0 10 9 0 8 15 
0 2 5 8 0 15 0 0 13 4 0 0 6 0 16 0 
0 0 0 16 0 0 0 0 0 0 8 5 0 2 0 0 
0 9 0 6 0 13 12 8 2 0 14 0 4 0 10 0 
16 4 7 1 3 9 8 0 5 0 0 0 10 13 0 0 
0 6 14 5 7 12 4 13 0 11 0 0 0 15 0 0 
0 0 8 0 0 0 2 0 0 0 0 0 0 0 0 0 
9 3 15 13 0 16 10 6 0 14 0 1 8 11 12 7 
6 0 2 0 12 10 0 14 0 15 3 0 13 5 0 9 
0 11 0 9 15 0 0 0 12 10 0 0 14 8 0 2 
0 0 0 0 13 8 0 16 0 2 4 0 0 0 0 1 
8 15 0 0 0 0 9 0 6 0 0 14 12 16 0 4 
