12 0 4 10 3 2 11 0 0 5 0 7 0 0 0 15 
16 0 0 0 12 0 0 7 2 0 8 15 0 0 10 14 
7 0 15 9 0 10 0 0 0 0 1 0 0 5 0 6 
0 6 14 11 0 0 15 9 0 4 0 12 3 2 1 0 
10 4 12 0 0 13 0 11 0 0 7 0 0 6 2 1 
0 0 0 5 0 12 10 4 0 0 0 0 0 14 16 0 
15 8 0 2 0 0 0 14 0 3 9 4 0 12 0 5 
0 0 0 0 15 3 2 0 8 0 12 0 7 4 13 0 
5 0 16 15 11 0 13 0 10 8 14 0 0 1 0 0 
6 14 0 0 0 0 5 16 9 0 4 2 0 0 0 0 
0 0 8 7 0 9 0 0 0 0 11 13 0 15 6 0 
2 0 0 12 6 0 8 0 5 1 15 0 0 7 9 0 
14 0 0 6 0 0 0 0 4 2 3 0 1 13 0 0 
0 12 0 0 0 0 0 13 0 0 0 9 2 10 0 8 
3 0 0 0 0 0 1 15 0 0 0 0 6 16 7 4 
13 0 0 4 7 0 0 0 11 0 16 1 9 0 0 12 
