0 0 15 0 0 0 16 12 14 0 0 0 17 0 0 0 1 7 0 23 0 6 0 4 0 
0 0 0 25 17 1 13 0 2 0 8 0 0 24 0 10 0 22 0 6 0 0 7 0 23 
2 22 0 0 16 25 0 11 6 0 0 7 15 0 23 0 0 0 0 24 13 9 10 8 0 
0 0 8 0 21 0 0 3 0 17 13 10 14 6 0 0 2 0 15 0 16 0 25 24 22 
0 10 7 6 0 8 0 22 0 0 4 11 5 0 0 3 16 14 0 18 15 20 0 17 1 
22 23 9 2 0 0 10 0 16 11 0 14 0 4 13 20 0 0 24 25 17 0 19 15 7 
0 0 0 0 19 7 15 4 24 0 25 0 20 0 0 18 14 0 10 22 0 0 0 0 5 
10 0 24 0 0 9 25 0 0 0 0 0 16 11 7 0 4 2 0 0 1 0 0 0 6 
0 20 0 15 0 6 22 0 0 0 2 0 18 17 10 8 0 3 0 0 23 24 9 21 25 
0 25 16 7 0 0 1 0 0 0 5 0 0 23 0 0 0 13 0 0 0 0 0 12 4 
15 0 0 0 0 3 0 19 7 0 0 0 6 0 17 5 0 21 20 13 11 22 0 23 12 
0 0 0 0 0 0 0 8 0 0 0 0 11 5 21 0 17 10 4 1 18 25 0 0 20 
9 0 12 0 6 22 0 0 0 5 0 0 0 0 20 23 0 0 14 7 0 0 4 19 0 
0 0 0 4 5 24 17 20 11 10 12 18 19 1 15 2 22 0 25 0 0 0 14 13 0 
25 0 0 14 0 23 0 16 18 15 0 0 24 13 0 0 0 9 11 12 0 21 3 0 0 
0 9 0 22 0 0 3 6 10 0 17 5 0 0 14 13 23 11 0 8 20 0 16 25 15 
3 0 6 20 0 14 12 0 0 22 19 0 0 9 0 4 7 5 0 2 10 13 17 11 0 
0 14 13 10 7 0 8 9 15 0 24 1 22 3 0 0 6 0 18 0 0 23 0 5 0 
0 15 5 0 0 0 20 0 17 13 0 16 8 21 6 9 25 0 0 0 14 7 0 1 0 
0 17 0 23 8 0 0 0 25 7 20 0 4 10 0 0 3 0 16 14 0 19 22 9 0 
4 12 0 0 15 0 0 2 20 6 0 25 0 16 5 22 10 23 1 0 9 18 8 0 0 
17 2 0 0 0 0 0 0 0 8 14 0 9 0 24 0 12 18 6 5 25 1 0 0 0 
8 0 25 0 14 15 18 7 0 9 0 0 1 22 11 0 0 0 3 21 4 5 6 0 0 
16 0 20 0 9 0 23 0 21 0 0 6 10 12 0 14 0 25 0 0 24 17 0 0 11 
5 6 23 1 10 11 0 0 0 3 18 0 7 19 4 24 13 8 0 15 21 0 0 20 16 
