12 23 0 0 0 0 4 0 15 20 22 0 11 0 17 0 10 0 0 25 0 14 18 19 2 
0 18 11 0 3 9 12 8 2 0 14 0 0 0 15 17 20 0 19 0 0 4 0 0 0 
15 16 0 0 4 0 11 0 0 0 19 12 1 20 5 13 7 0 21 6 22 0 24 0 0 
7 0 0 10 13 0 0 22 17 0 24 23 21 0 0 14 0 18 0 0 11 6 0 0 0 
25 19 0 0 6 0 1 24 7 10 18 8 4 2 0 0 0 22 23 0 0 0 13 12 20 
8 9 5 0 18 7 0 10 24 1 0 0 0 13 0 19 4 15 0 0 0 12 17 0 23 
10 2 22 0 0 12 0 0 16 15 0 14 19 0 4 6 0 5 0 17 0 0 0 0 0 
0 0 23 4 15 0 20 14 21 0 0 0 22 0 1 0 24 7 3 13 0 0 2 11 25 
0 20 24 0 14 17 5 25 8 4 16 7 12 15 0 0 0 0 1 10 6 0 9 0 22 
16 0 0 21 0 0 22 0 0 11 2 0 10 25 24 0 14 0 0 0 4 15 7 5 0 
3 0 19 18 0 10 0 0 0 0 0 0 0 0 21 0 6 25 0 8 0 11 0 0 16 
9 0 0 0 0 11 6 20 0 16 17 15 0 22 2 21 0 0 14 19 25 18 23 0 0 
23 0 0 15 0 0 0 0 12 0 25 16 0 19 6 0 18 0 17 1 0 0 5 14 0 
14 0 0 7 16 25 15 21 5 0 12 10 0 11 0 2 0 3 9 0 17 24 19 0 1 
0 24 25 6 20 1 0 18 0 2 9 3 7 0 0 0 23 0 16 11 15 0 0 13 21 
0 6 0 0 24 20 16 15 0 22 0 11 0 0 19 0 5 14 0 7 0 2 0 0 0 
11 14 18 0 23 13 0 0 9 12 0 0 16 6 22 0 25 10 8 0 0 3 1 0 5 
20 10 0 5 2 24 0 19 0 23 0 4 8 0 9 0 11 17 18 0 0 0 6 22 0 
0 15 12 0 25 2 21 4 14 0 0 0 0 17 20 22 0 0 6 3 0 0 0 23 0 
22 4 0 13 0 0 8 11 6 0 10 18 2 0 0 0 1 23 0 0 20 0 15 9 0 
0 0 0 0 0 0 17 12 0 0 4 22 0 23 10 25 8 13 5 0 2 0 0 20 0 
0 25 0 14 0 8 10 0 0 0 0 19 0 21 0 24 16 2 0 0 0 23 0 0 18 
0 21 0 9 11 0 0 2 25 19 0 24 0 0 12 3 0 6 7 23 13 0 0 0 0 
5 0 17 0 8 0 24 16 22 9 0 0 15 18 0 0 19 20 10 14 0 7 12 25 0 
2 0 10 0 12 0 0 0 0 0 5 0 9 8 0 18 15 0 0 0 0 17 0 24 4 
