4 2 25 0 22 0 1 5 6 24 0 0 0 0 0 0 0 9 3 0 18 15 0 11 13 
17 0 0 1 0 0 8 20 12 2 15 0 6 0 0 0 22 7 10 0 25 21 19 9 0 
0 0 21 13 0 17 15 22 10 0 11 0 0 19 0 14 24 2 23 0 4 0 0 12 6 
8 0 16 23 19 13 14 0 0 7 10 24 21 0 22 25 4 0 11 0 0 3 2 0 5 
0 0 0 0 0 16 0 0 11 19 18 17 0 4 2 0 20 6 13 21 0 7 14 24 22 
0 0 0 5 6 7 0 10 0 8 0 11 2 18 12 1 0 0 0 0 9 4 0 0 0 
0 0 0 16 0 15 2 0 18 0 17 0 4 0 21 0 0 10 0 6 0 12 1 13 7 
18 13 0 25 0 19 0 12 0 0 9 15 14 8 0 2 3 5 22 0 10 6 24 16 11 
11 7 0 4 12 0 0 0 0 22 1 10 20 0 0 15 0 0 16 13 0 0 0 21 2 
15 0 22 10 2 11 17 6 13 21 0 0 0 7 0 4 18 23 0 0 8 14 0 25 20 
12 19 20 17 0 0 0 0 24 0 14 13 22 0 6 0 0 0 21 25 0 2 5 15 8 
13 21 0 0 0 0 0 15 19 0 0 2 17 0 9 6 23 14 0 0 16 10 22 4 0 
0 0 0 9 0 12 0 0 0 6 0 0 1 15 4 19 10 22 17 0 0 0 11 0 0 
24 0 0 8 16 10 22 21 14 25 12 5 0 23 18 0 15 20 2 0 3 1 0 0 19 
0 0 1 0 0 0 13 0 17 9 0 20 0 10 11 0 5 4 7 0 6 0 23 14 0 
0 9 0 3 0 22 0 17 0 0 6 0 0 11 25 0 21 0 0 2 20 18 0 0 14 
0 16 0 0 14 0 0 0 0 0 0 23 0 0 24 17 7 0 19 0 0 0 0 6 10 
0 0 11 7 20 0 6 25 0 0 4 0 9 0 19 0 0 0 0 0 2 0 17 0 3 
6 0 18 0 0 9 7 0 0 13 0 0 10 2 8 22 11 0 0 0 24 0 0 23 15 
0 0 0 24 0 2 0 8 15 0 0 0 16 5 17 0 9 0 0 3 21 22 13 0 25 
0 22 3 12 13 0 0 11 0 0 23 4 18 1 0 21 2 19 0 15 14 24 6 10 0 
0 0 0 19 15 1 0 9 4 0 0 0 8 17 0 0 0 3 18 0 23 11 0 5 0 
7 24 0 18 5 0 0 0 25 10 3 19 0 0 0 0 8 11 14 0 22 17 21 0 1 
10 0 0 0 1 0 19 0 22 0 0 0 0 0 0 24 0 0 0 0 0 13 0 3 4 
21 17 4 20 11 3 0 0 2 15 0 0 13 0 14 0 6 1 0 0 0 19 8 7 0 
