3 1 0 19 0 0 24 23 15 0 9 7 0 16 0 0 25 0 8 11 17 0 0 0 22 
0 4 15 0 0 8 0 0 0 25 0 19 0 0 20 1 0 7 22 5 0 9 14 0 10 
14 12 0 0 13 21 1 9 0 0 8 25 0 22 17 0 0 20 0 19 0 24 0 0 4 
0 0 0 25 0 0 13 20 22 0 15 0 0 18 0 17 23 0 0 0 0 1 0 0 19 
0 0 17 0 0 0 3 0 0 0 0 0 11 4 0 6 21 0 2 13 0 25 8 0 15 
0 6 12 0 10 3 25 13 8 0 18 15 9 19 1 23 17 0 20 16 0 5 0 7 0 
1 16 18 9 17 0 4 22 2 0 7 20 10 13 3 0 0 8 11 0 14 12 21 25 6 
0 2 20 0 19 11 0 0 16 1 0 0 0 0 0 0 0 0 0 0 0 0 24 0 13 
0 15 25 14 0 17 18 0 5 0 21 8 16 24 11 9 1 0 13 6 0 0 0 3 0 
11 3 5 13 23 0 15 0 9 7 2 0 22 0 0 25 12 19 0 21 0 17 0 10 0 
0 19 0 18 0 0 20 0 0 21 17 5 6 0 0 22 15 0 14 3 0 0 13 0 0 
0 20 0 0 0 0 19 0 0 9 0 18 24 0 0 0 0 0 5 0 21 0 11 6 7 
16 13 1 3 11 7 0 12 17 0 10 0 0 0 0 0 6 4 21 24 0 0 2 0 5 
0 0 7 0 0 0 14 0 0 8 16 0 3 0 13 0 9 23 0 20 0 22 0 19 12 
0 24 0 0 0 6 5 4 0 3 12 0 14 0 15 7 19 13 1 0 0 20 0 16 17 
2 0 8 0 0 16 12 0 0 0 14 6 0 0 21 0 22 25 17 1 0 23 0 0 0 
13 9 0 0 12 0 0 0 11 24 0 23 0 0 16 4 20 3 0 0 19 6 25 18 0 
6 0 23 0 0 9 0 25 1 19 4 3 0 2 22 5 13 18 0 14 0 15 0 12 16 
17 0 0 4 15 13 8 5 0 0 1 12 20 25 0 0 11 0 0 23 9 2 0 0 3 
25 0 22 0 0 0 2 18 3 17 11 13 19 0 7 0 0 0 0 9 5 0 0 0 0 
15 0 0 17 0 25 23 7 0 0 19 0 0 12 9 20 8 1 6 10 3 11 0 4 14 
0 25 24 0 6 5 9 2 0 0 0 22 1 14 18 11 4 0 0 17 13 7 0 15 0 
0 0 0 7 1 15 0 0 0 22 0 0 4 0 2 0 3 5 24 25 6 16 9 17 0 
9 23 0 0 0 14 0 0 0 20 0 24 0 17 8 13 2 15 19 18 1 0 0 0 25 
0 11 3 12 0 0 17 0 0 0 0 0 0 0 0 0 7 14 9 22 0 8 0 0 18 
