18 19 15 13 5 4 1 17 2 21 0 0 0 22 0 0 0 0 11 8 0 25 9 24 0 
0 24 0 21 0 0 13 3 0 14 0 12 0 9 0 0 6 0 0 10 4 16 15 11 0 
0 17 0 0 16 0 0 15 6 0 0 21 5 0 0 12 0 24 0 22 3 2 1 19 20 
22 12 0 4 23 16 9 20 19 0 17 0 10 24 18 21 1 2 0 0 7 13 0 0 0 
8 9 1 6 3 0 0 24 0 0 0 0 0 0 19 0 5 0 0 20 0 22 18 17 0 
0 0 0 0 0 17 5 0 0 4 0 0 8 0 24 0 2 14 0 0 0 0 19 10 18 
12 18 14 0 4 0 2 16 9 15 0 10 0 6 1 7 0 3 0 5 0 0 20 0 22 
9 11 8 5 10 20 0 6 1 18 12 16 3 0 7 0 0 22 21 23 15 0 2 0 0 
0 2 19 0 0 25 0 11 12 0 0 0 0 17 14 0 0 20 0 0 8 1 0 0 0 
0 1 0 7 0 0 24 21 0 23 0 2 22 0 0 10 0 0 0 0 0 0 11 3 0 
0 14 4 0 0 6 0 0 5 0 10 7 25 18 0 0 23 9 0 13 22 15 16 12 17 
24 0 0 0 0 23 17 0 16 10 0 0 9 20 13 0 0 15 14 0 11 19 4 18 0 
10 22 7 0 19 3 0 0 0 9 0 4 0 16 2 0 18 0 25 17 0 24 6 0 23 
0 13 9 0 0 0 25 18 4 22 0 0 0 19 6 0 0 0 0 16 0 0 0 0 0 
16 23 17 18 25 14 15 0 0 2 1 24 12 0 5 22 11 0 10 0 9 3 13 0 8 
0 5 2 24 0 0 4 0 0 0 7 0 21 0 0 9 22 16 0 11 12 0 0 0 0 
14 4 0 0 0 0 22 5 0 6 2 0 13 0 0 0 0 0 23 0 0 0 0 15 16 
0 25 11 0 8 15 0 0 0 13 24 22 0 0 0 4 21 17 0 0 0 0 5 9 1 
23 0 13 0 22 0 0 0 24 0 0 0 0 0 9 15 10 0 6 7 0 4 0 0 11 
0 0 0 10 0 21 0 9 0 0 16 25 4 11 0 0 3 13 0 24 0 0 22 0 19 
0 6 18 11 17 24 0 0 15 12 0 0 0 1 0 5 16 0 7 0 20 0 14 0 10 
19 10 22 3 0 0 7 14 0 16 13 18 0 4 20 8 0 0 0 0 6 0 24 0 15 
4 0 23 1 14 0 0 10 18 17 0 0 16 3 0 0 19 11 24 0 13 9 12 22 7 
0 7 21 0 0 0 23 4 8 11 6 0 24 5 0 1 15 0 22 12 0 17 25 16 0 
0 16 0 9 15 2 6 22 0 0 0 17 7 8 0 3 20 0 13 14 1 18 0 21 4 
