3 0 0 0 12 9 0 0 0 13 15 4 0 0 16 14 
14 12 0 0 0 0 0 2 1 0 6 0 0 9 0 4 
9 7 0 0 10 1 0 0 14 0 3 2 12 0 0 0 
0 11 13 8 7 0 0 14 0 0 0 12 0 0 0 0 
0 15 3 7 16 0 0 0 0 0 9 13 0 0 0 5 
0 0 0 0 0 0 1 0 11 7 0 0 0 6 3 13 
0 14 12 1 13 0 0 6 2 4 10 16 9 0 0 0 
0 13 11 6 14 7 0 0 0 8 0 3 4 0 12 10 
0 16 9 3 6 2 0 13 0 0 7 14 15 5 11 0 
11 0 0 2 0 0 10 0 0 15 0 0 14 0 9 7 
13 4 8 15 1 0 0 0 0 2 11 9 0 10 0 0 
0 6 0 12 0 0 0 0 0 10 0 0 8 0 2 16 
0 0 0 5 0 13 14 0 9 16 0 10 0 0 4 11 
0 10 16 0 0 0 0 0 15 14 4 5 0 0 8 0 
12 0 0 0 11 0 0 5 0 1 0 0 2 16 14 0 
8 0 6 14 0 16 7 0 13 3 0 11 10 0 0 0 
