21 0 16 19 0 0 22 0 18 0 0 0 20 0 0 13 0 15 6 0 4 0 0 11 8 
0 8 0 0 6 16 0 0 20 24 18 3 17 0 0 2 12 7 4 0 0 22 0 9 10 
0 0 0 0 0 7 0 0 0 0 22 24 0 0 15 0 20 0 18 0 16 0 2 13 12 
9 18 2 0 0 0 4 0 1 0 0 0 0 21 13 3 25 0 16 8 0 0 6 17 20 
0 1 12 11 17 0 0 8 3 23 0 0 2 0 0 22 0 5 24 10 0 21 25 18 19 
0 15 0 23 8 0 10 0 9 2 21 0 18 13 3 11 4 22 19 24 6 25 0 5 0 
10 9 3 0 20 21 0 12 0 19 0 0 11 0 4 0 0 0 0 13 2 17 0 0 22 
22 0 0 0 0 3 5 17 11 15 25 0 12 20 0 0 21 16 0 18 10 9 0 0 23 
0 0 17 0 21 0 0 6 22 16 0 0 0 0 23 1 2 0 12 5 11 0 8 3 0 
13 0 0 0 0 0 7 1 25 8 0 22 6 0 0 0 23 0 17 0 0 24 0 0 0 
0 22 25 0 1 5 11 0 14 18 0 0 0 0 8 24 0 0 0 0 20 0 17 0 21 
11 0 15 18 13 0 17 7 0 25 3 20 9 0 14 4 19 12 0 0 0 6 16 0 5 
0 0 0 21 0 0 20 24 4 22 5 0 0 0 17 0 1 11 23 0 3 0 0 7 2 
0 20 6 8 23 9 0 16 0 1 11 10 22 7 19 18 0 0 0 17 13 0 0 0 0 
7 0 4 17 0 15 0 0 0 0 1 0 21 0 0 5 8 0 22 0 12 18 10 25 11 
0 0 0 0 0 6 0 0 15 0 20 4 24 3 7 16 5 17 21 0 18 12 11 0 25 
0 4 24 0 18 23 0 19 0 0 10 0 0 9 22 0 11 6 0 0 0 3 1 16 7 
0 21 0 0 3 17 18 0 0 0 12 0 1 0 0 10 24 4 14 0 5 0 15 0 0 
17 11 22 15 5 0 0 0 12 0 0 23 14 0 0 19 7 0 20 3 9 10 21 0 6 
23 12 7 0 0 24 8 0 0 11 17 21 0 6 18 9 0 0 13 25 22 0 4 0 0 
24 0 0 14 0 0 0 4 0 0 0 18 7 0 9 0 16 0 0 0 0 13 23 10 1 
18 7 20 0 19 0 24 13 16 9 14 15 0 0 21 23 0 0 0 4 0 0 12 0 17 
4 5 0 9 0 12 19 18 23 0 8 0 10 0 1 15 17 20 11 7 14 0 0 0 3 
0 2 0 0 15 0 1 0 0 3 0 0 23 16 5 0 0 13 9 0 19 7 20 4 18 
0 3 0 12 0 25 2 15 0 0 0 0 0 0 20 0 0 0 0 0 8 0 0 6 9 
