0 17 0 14 9 22 0 20 15 18 21 11 0 8 23 0 12 0 10 24 6 2 5 0 3 
0 11 0 0 0 13 0 0 2 0 0 6 1 15 14 0 16 0 5 21 0 0 24 0 18 
0 6 0 3 7 0 11 21 9 0 0 0 24 0 12 15 0 20 0 22 23 4 0 1 0 
0 25 0 22 0 0 12 0 0 0 7 0 4 20 0 0 11 19 0 0 0 10 17 0 0 
0 8 18 0 0 0 16 0 0 0 19 9 0 10 0 25 6 0 0 7 0 0 13 0 0 
0 12 0 4 10 0 9 0 3 0 23 17 0 0 21 16 22 0 24 0 5 0 0 0 1 
14 7 1 0 2 4 13 0 0 5 16 0 15 24 8 0 0 21 12 0 17 20 22 0 0 
17 24 3 0 22 23 18 0 0 16 20 2 11 1 0 8 15 7 0 0 0 0 6 0 0 
0 15 9 21 23 0 17 0 0 0 4 0 0 7 0 20 0 13 3 0 0 16 18 0 24 
0 5 16 0 20 0 0 15 7 0 0 0 0 0 18 1 10 0 17 0 4 0 0 0 14 
3 21 2 17 25 16 0 0 0 0 0 0 0 0 4 9 0 0 0 0 1 24 0 0 0 
20 0 0 24 18 5 3 23 12 21 6 0 17 22 1 19 13 0 0 0 2 0 0 14 9 
0 0 15 5 1 0 0 13 4 0 0 16 0 0 0 22 3 24 0 0 18 0 21 6 0 
19 13 14 0 16 0 0 0 0 11 2 7 23 9 24 0 1 0 6 10 3 5 0 22 0 
0 22 7 23 0 9 1 0 8 10 0 0 3 0 11 18 17 5 2 12 0 13 19 25 20 
9 0 25 0 0 0 4 0 16 15 11 22 18 0 2 0 24 17 0 0 7 6 0 19 23 
22 1 0 0 3 0 6 0 23 0 12 4 21 16 7 14 0 9 0 2 0 17 25 0 0 
7 23 21 0 17 0 0 9 18 14 0 0 6 19 20 12 4 0 0 15 22 3 0 0 8 
12 18 24 16 0 21 0 0 0 0 0 0 8 23 0 0 7 0 11 6 0 14 0 4 2 
5 2 4 0 15 0 7 0 19 0 0 14 0 0 17 23 0 18 22 0 21 11 0 0 16 
21 0 23 1 0 0 2 4 24 9 0 19 12 18 25 7 20 0 15 17 11 8 0 16 6 
0 19 0 2 0 17 0 12 25 7 0 0 16 0 6 0 18 0 0 13 20 1 9 3 21 
0 0 0 0 12 0 8 19 22 0 0 0 0 11 0 0 0 14 0 4 0 25 0 0 5 
18 20 10 0 0 0 21 16 14 0 1 0 0 2 13 0 19 0 0 0 24 12 0 0 0 
0 4 6 9 14 0 0 0 0 0 0 0 0 0 22 0 5 12 16 3 0 0 2 15 7 
