5 25 21 12 0 0 2 19 20 15 0 0 23 0 11 0 13 0 17 9 0 22 18 0 14 
0 0 0 10 8 4 0 14 0 13 0 0 24 16 0 12 0 0 20 3 0 0 7 11 6 
0 9 0 0 14 0 0 7 0 0 18 0 0 13 0 0 0 19 0 0 3 2 1 4 0 
0 0 16 0 0 24 3 17 0 11 0 9 12 1 14 0 4 21 6 0 0 0 5 25 8 
4 24 0 15 20 1 9 6 23 0 2 25 8 3 0 0 7 0 0 0 0 21 16 12 0 
0 0 2 0 1 14 17 20 0 0 0 15 0 0 4 0 11 23 7 0 0 0 9 0 0 
17 0 5 21 7 0 0 25 0 2 9 3 0 0 18 0 19 0 14 0 0 11 4 0 10 
24 23 0 13 9 0 22 15 0 8 11 14 0 2 12 0 0 3 4 0 0 18 20 7 0 
10 20 0 0 0 0 0 21 4 9 17 0 0 19 0 0 0 24 0 13 0 25 0 16 0 
0 16 0 8 4 0 24 0 0 0 0 0 0 0 23 21 0 18 0 0 0 0 0 0 0 
0 3 0 0 13 9 1 0 0 10 16 0 17 0 6 8 21 25 0 0 11 14 12 18 2 
6 0 15 1 5 0 16 2 8 0 12 0 0 11 21 17 0 0 0 0 0 23 0 20 0 
0 0 25 0 11 0 20 18 14 23 8 19 15 0 3 0 0 0 5 1 13 10 0 21 9 
16 8 18 0 0 0 19 0 0 5 13 24 14 22 25 0 9 0 11 23 7 0 15 0 0 
14 22 0 24 10 0 0 0 25 0 1 18 7 23 2 19 15 12 13 20 5 8 6 0 16 
9 12 0 0 6 0 10 0 0 0 5 17 0 25 1 7 0 2 21 0 0 0 13 14 0 
0 5 0 0 15 0 0 0 0 6 14 12 0 0 16 0 17 0 0 0 0 0 21 10 0 
0 0 4 14 0 20 5 9 3 25 6 0 21 10 0 0 0 0 0 19 2 0 17 23 7 
7 10 20 25 0 0 0 1 21 19 4 0 0 8 24 14 0 0 3 0 9 6 11 0 12 
21 11 0 0 19 18 12 0 0 14 0 0 0 7 15 9 10 0 0 0 0 0 8 5 25 
0 13 11 16 0 0 0 0 18 0 0 8 2 0 10 0 0 0 0 7 20 0 0 0 0 
18 21 10 0 25 2 0 8 0 0 0 6 0 15 0 0 0 9 1 0 16 0 23 0 0 
0 6 0 0 0 0 13 5 11 0 23 0 0 12 19 10 20 0 8 24 0 15 14 1 0 
15 14 8 4 0 19 7 0 1 20 22 0 11 18 0 5 16 6 23 21 12 24 25 2 3 
20 19 12 5 0 0 0 3 9 24 25 1 0 0 7 0 2 0 0 15 8 0 10 6 0 
