0 0 8 0 0 0 0 0 9 10 0 0 16 0 12 0 
9 0 1 0 16 0 0 3 0 8 5 0 0 6 14 11 
0 11 14 0 6 0 4 12 0 3 0 7 10 9 0 0 
0 16 0 7 0 8 0 0 0 0 1 0 0 0 5 4 
7 0 0 16 8 15 0 13 10 1 0 0 4 0 0 5 
0 0 2 0 7 4 0 0 5 0 9 13 8 0 15 0 
5 1 0 0 10 0 16 0 3 15 0 8 12 14 13 7 
0 8 0 15 0 0 0 5 0 16 0 0 9 2 1 10 
0 0 0 14 0 9 0 0 7 0 10 15 1 16 11 6 
8 0 0 6 0 16 10 0 0 0 0 2 0 4 0 0 
11 4 0 0 1 3 0 0 6 0 0 16 14 0 0 0 
1 15 0 10 0 0 0 6 0 4 11 0 2 0 9 8 
0 5 0 0 0 0 1 2 16 0 14 0 0 10 4 12 
0 0 4 0 0 10 0 0 0 6 0 1 0 0 7 3 
0 0 10 0 0 0 0 0 8 11 0 5 15 0 0 0 
2 7 3 0 0 5 13 0 15 12 4 10 0 1 16 0 
