0 0 15 5 0 6 0 0 7 14 10 4 0 0 0 11 
8 0 6 0 12 0 9 0 15 1 0 16 0 0 7 3 
0 16 1 0 0 0 0 11 2 0 0 0 10 4 0 0 
0 9 0 0 7 14 0 0 0 12 8 6 1 16 2 0 
0 0 14 0 2 3 0 8 4 0 16 9 12 11 5 0 
0 13 16 0 0 0 4 0 5 0 11 8 0 0 0 7 
0 0 3 0 0 0 5 0 0 0 0 1 15 0 0 8 
0 5 8 10 0 11 12 1 0 0 0 0 4 14 0 0 
0 4 5 8 0 0 0 12 0 0 0 0 2 0 3 1 
0 0 2 3 11 0 8 0 0 0 12 13 6 0 0 0 
11 0 12 6 0 0 7 3 8 9 5 2 0 10 16 0 
0 1 0 15 0 2 0 13 0 0 3 7 0 0 0 5 
0 3 0 16 0 12 0 0 9 2 0 0 0 6 0 0 
0 8 0 9 0 10 0 14 0 13 6 0 11 1 0 0 
12 2 11 13 1 16 6 15 3 0 4 0 7 0 0 0 
0 0 0 1 5 0 2 0 0 0 0 11 16 3 0 12 
