4 1 2 0 8 0 0 0 9 10 0 16 13 0 0 0 
0 0 0 11 0 2 1 0 0 0 4 0 10 12 0 16 
0 10 0 13 12 9 0 0 0 8 0 0 5 4 3 6 
12 15 5 3 16 0 0 0 0 14 0 0 8 1 2 9 
0 0 0 12 15 10 0 0 2 0 14 0 0 0 11 0 
0 5 11 2 13 16 0 12 4 0 0 0 9 0 0 0 
0 0 0 0 0 0 9 14 12 0 15 6 2 0 13 8 
0 14 9 6 0 11 0 0 0 3 0 10 12 16 4 15 
10 2 0 15 0 0 0 0 0 7 16 0 11 0 0 0 
0 6 0 0 0 13 10 0 0 2 0 11 4 0 0 0 
11 0 0 1 0 0 5 8 10 0 9 0 6 2 16 7 
0 16 0 4 11 0 0 15 13 5 0 0 0 0 9 12 
3 12 0 5 6 0 0 0 0 0 0 0 16 8 0 2 
0 0 0 8 0 0 16 0 0 0 10 0 14 0 12 0 
9 0 0 0 0 8 11 2 16 4 5 0 0 13 6 0 
0 11 0 16 0 12 0 0 0 13 0 2 7 5 10 4 
