0 0 0 0 4 9 0 0 15 0 13 0 0 7 11 1 
16 10 0 4 0 0 0 15 0 0 11 1 2 8 9 0 
0 9 0 0 10 7 0 0 4 3 5 2 0 0 0 15 
0 1 14 0 13 0 12 0 0 0 0 0 0 0 0 0 
0 7 0 0 8 16 10 2 11 4 0 0 13 0 0 14 
0 0 2 0 14 13 0 0 0 0 12 10 5 0 0 6 
0 0 0 14 0 12 0 6 2 0 7 8 0 0 16 10 
0 12 10 0 9 0 5 4 0 0 0 0 7 0 2 0 
13 3 0 0 0 0 0 8 9 0 0 4 11 0 7 16 
14 0 0 0 11 0 0 9 16 0 6 0 0 0 4 0 
0 0 0 6 2 0 7 13 0 11 0 5 0 0 0 12 
0 0 0 8 0 15 4 16 13 1 10 14 6 9 0 2 
0 15 0 2 0 0 0 12 0 0 16 11 4 5 10 0 
0 6 0 16 15 0 0 3 0 10 0 0 14 0 0 9 
10 5 0 0 16 4 2 14 0 6 0 9 15 0 12 3 
4 14 0 12 7 11 13 0 5 2 0 0 0 1 0 0 
