0 0 0 6 5 0 0 0 15 14 0 13 0 11 0 0 
13 0 0 14 0 12 0 9 16 2 11 8 0 0 3 6 
9 0 0 5 0 14 0 2 0 3 1 0 0 7 0 0 
0 1 0 2 0 0 6 15 9 5 7 0 0 16 10 14 
0 2 0 11 0 0 0 0 0 0 5 9 0 10 0 0 
10 9 5 3 0 7 0 6 0 0 16 2 14 0 4 11 
6 0 0 4 14 0 2 10 8 11 0 7 0 0 5 0 
0 8 0 0 13 0 0 0 0 0 0 3 0 0 0 0 
0 4 9 15 0 10 11 0 14 7 2 0 8 3 0 0 
14 13 12 0 6 1 7 3 11 0 8 0 4 2 9 0 
5 0 2 0 9 15 8 0 12 0 0 0 16 0 11 0 
0 0 0 8 12 0 0 13 5 9 0 0 0 1 0 15 
0 0 7 0 0 5 4 0 0 0 0 15 0 8 0 0 
2 0 3 1 15 0 9 0 0 8 0 11 0 5 0 0 
4 0 0 0 2 8 0 16 7 0 0 0 11 15 0 0 
8 0 0 9 11 13 0 14 0 0 12 0 0 6 7 0 
