13 0 22 6 23 0 8 9 0 0 0 0 0 10 0 16 3 0 11 0 21 0 17 0 19 
16 7 0 0 0 0 12 0 0 0 0 13 0 20 0 5 0 0 0 25 3 14 22 0 0 
17 25 21 9 20 15 11 10 22 24 0 19 16 0 23 14 13 0 12 2 4 8 6 0 0 
0 18 0 24 0 0 0 3 0 0 0 9 14 0 17 19 0 0 0 23 0 16 0 0 2 
8 0 0 1 0 0 0 16 0 0 7 0 22 5 0 0 17 0 10 21 24 0 11 0 13 
20 13 24 0 0 22 3 0 19 0 23 12 0 0 0 2 0 0 16 4 11 0 14 9 10 
19 9 6 12 14 4 17 7 15 0 25 20 0 0 10 0 23 11 13 0 0 0 18 21 24 
18 8 0 2 10 9 0 12 24 0 13 3 19 21 16 0 7 0 14 0 0 0 0 6 15 
0 0 15 11 0 0 13 0 6 0 0 7 0 4 22 8 0 10 18 0 0 0 0 0 12 
0 4 0 0 7 23 14 0 0 18 0 0 0 0 0 12 25 0 9 0 8 13 0 0 3 
1 0 0 21 0 0 0 19 12 9 0 14 23 13 24 0 0 0 0 0 17 11 0 22 5 
0 12 0 8 0 1 15 5 25 7 0 18 3 9 4 0 0 23 0 10 16 21 13 0 0 
15 11 0 0 13 0 0 0 0 4 0 10 0 19 0 22 0 0 3 0 25 1 0 20 0 
23 0 18 0 2 0 0 0 14 0 0 0 20 7 21 0 0 0 0 0 0 10 0 0 6 
22 20 7 3 17 10 0 2 23 0 16 0 0 12 11 0 14 9 0 0 15 0 0 19 0 
0 21 0 0 24 0 9 14 20 22 19 0 0 15 8 3 4 13 25 0 6 0 10 7 0 
2 6 0 0 0 8 4 0 21 0 0 5 11 14 0 10 0 17 20 9 13 0 16 0 0 
11 0 5 4 0 0 10 17 0 0 0 2 1 0 13 0 0 24 6 14 0 0 3 23 0 
14 19 20 13 0 0 1 6 0 0 0 0 0 0 25 0 0 0 22 15 5 17 0 0 11 
25 22 0 17 0 19 18 13 11 15 6 16 0 24 0 0 0 2 0 1 0 12 21 14 0 
10 17 0 15 0 14 0 22 1 0 11 24 4 18 20 13 0 7 0 0 12 0 23 0 21 
4 24 0 0 11 0 7 0 16 0 9 0 13 0 14 0 0 0 21 17 18 0 5 10 22 
6 16 0 18 22 11 0 0 9 0 3 0 10 0 0 15 20 0 23 5 2 19 1 13 0 
0 14 2 20 1 13 0 0 3 10 0 21 12 0 6 11 0 0 19 8 7 15 0 0 16 
7 23 13 0 0 0 0 18 0 0 1 0 0 16 19 24 10 3 0 12 0 0 0 0 20 
