9 23 16 19 25 0 0 0 0 0 20 0 0 0 0 0 0 0 0 7 24 0 0 0 5 
7 12 18 4 14 20 1 8 2 9 0 0 5 3 0 0 6 0 21 0 16 13 0 17 19 
11 0 6 0 0 19 21 18 0 0 0 0 0 14 24 0 0 23 0 25 0 0 3 0 4 
1 15 5 2 24 0 3 0 0 0 0 0 22 0 0 8 12 19 0 9 18 25 23 20 0 
0 21 17 3 0 0 5 25 0 23 12 0 9 0 0 14 0 20 18 16 0 0 15 0 0 
4 16 19 0 0 1 0 5 12 0 0 3 0 0 14 20 10 8 25 18 21 15 0 0 22 
0 11 20 0 23 8 6 10 21 25 18 0 0 0 12 15 0 22 0 2 0 0 14 4 0 
2 22 0 0 0 18 0 0 3 4 0 10 0 5 0 0 11 6 0 13 0 16 0 23 0 
12 1 0 0 18 0 15 7 0 0 0 4 13 23 22 19 17 14 9 24 2 6 0 25 3 
6 25 0 0 21 0 13 9 0 24 0 0 0 0 0 0 3 0 23 0 1 0 0 8 0 
21 13 22 0 0 24 16 6 5 1 19 11 20 0 0 3 0 0 12 8 0 14 18 0 0 
0 17 2 0 3 0 0 19 18 0 0 5 0 9 0 0 0 4 0 11 6 0 13 16 23 
0 0 9 6 12 13 0 0 10 0 16 0 0 22 7 23 18 0 0 19 20 2 24 0 11 
0 0 0 10 19 23 9 0 20 22 0 13 24 12 0 17 15 2 16 21 0 0 7 0 0 
0 0 1 16 11 0 0 0 17 14 15 0 23 8 3 10 0 0 0 6 19 12 0 9 25 
0 0 0 17 0 16 24 4 6 0 3 0 0 0 0 22 21 0 19 5 8 20 0 12 14 
22 20 0 21 5 0 17 0 0 0 10 0 4 0 0 0 0 18 0 12 25 0 0 0 15 
16 7 4 1 2 3 0 0 25 19 0 0 0 0 0 13 8 0 11 0 10 0 0 24 6 
14 0 3 0 8 5 11 0 0 18 6 0 0 0 2 25 0 10 24 0 7 0 0 22 0 
10 9 0 15 0 22 8 12 0 0 0 0 0 0 17 0 0 16 20 1 0 3 0 18 13 
0 5 13 22 10 15 2 0 0 6 9 0 0 25 0 18 23 21 8 14 0 0 0 19 20 
20 0 21 0 4 0 22 0 0 11 7 1 0 16 13 0 0 24 0 17 0 18 0 15 12 
17 0 0 0 16 0 0 21 0 0 4 0 0 19 23 0 7 0 6 0 13 0 0 0 0 
19 0 0 9 15 12 18 0 0 3 0 17 0 21 20 1 13 0 10 0 0 0 0 0 16 
0 2 0 0 1 17 25 20 19 13 0 0 0 10 0 16 5 12 4 3 22 21 6 0 9 
