21 3 2 24 18 23 10 25 17 0 20 0 19 0 0 4 0 0 7 12 0 5 9 13 0 
19 11 0 23 16 9 15 0 14 0 0 3 10 0 12 13 17 21 5 0 18 7 25 0 8 
6 5 17 0 10 8 19 18 12 11 0 0 0 0 0 0 3 0 0 0 0 24 0 22 0 
0 0 13 15 1 0 0 0 2 6 0 0 17 0 0 0 0 0 0 8 12 20 16 11 10 
14 8 0 0 0 0 0 4 0 0 16 0 24 9 15 2 0 0 18 0 0 0 0 23 21 
0 24 18 10 6 14 23 0 4 0 17 5 13 1 0 3 8 20 0 22 0 0 0 15 0 
0 2 1 11 4 22 0 5 0 0 21 15 14 19 0 0 12 10 9 18 23 0 7 0 0 
22 0 0 0 21 18 2 0 1 0 0 6 8 23 11 0 7 24 0 0 0 25 0 10 3 
8 0 0 13 19 0 0 9 0 0 0 0 0 24 3 0 0 0 0 0 0 22 14 0 12 
0 0 0 0 23 10 0 19 24 0 25 0 22 7 16 0 0 5 2 0 0 0 0 8 0 
16 6 24 0 0 19 0 22 0 21 7 14 23 15 17 8 18 0 20 0 10 1 3 0 0 
0 0 0 14 0 3 0 15 0 5 0 0 0 16 1 0 6 0 0 0 0 0 12 0 0 
18 0 19 1 0 0 0 6 0 7 0 8 11 12 4 10 0 3 13 0 2 23 0 0 15 
0 23 0 0 2 16 1 0 11 14 22 9 0 3 13 0 21 0 4 0 0 17 6 0 20 
0 7 0 22 17 0 12 23 10 9 18 19 20 0 0 25 16 0 0 0 8 14 5 0 0 
2 0 21 4 8 6 16 0 3 22 15 0 0 13 24 19 0 0 0 0 0 0 0 14 5 
11 0 23 3 7 20 0 0 19 2 9 0 4 0 6 1 25 13 24 0 0 0 18 12 22 
1 0 0 12 13 4 0 14 0 23 19 0 0 10 0 22 0 16 6 7 0 0 0 21 24 
20 0 5 6 0 0 0 0 0 0 0 2 0 17 0 0 4 8 0 0 0 3 0 0 0 
0 16 0 19 24 0 0 13 0 0 0 22 0 14 18 0 0 9 12 0 6 10 2 0 0 
24 19 0 17 14 0 0 0 0 0 8 0 0 18 10 12 0 0 1 0 15 0 0 20 23 
23 12 7 0 15 0 14 8 0 0 5 0 0 20 0 0 19 0 3 17 22 0 0 1 0 
5 1 6 0 25 0 13 0 23 4 0 0 0 21 0 18 9 0 16 20 19 11 0 17 14 
4 0 8 16 3 25 0 11 22 15 0 0 0 0 19 21 14 0 0 23 9 12 24 5 18 
0 22 10 0 20 1 0 12 16 19 4 23 15 11 0 0 0 0 8 5 7 0 21 3 0 
