21 0 17 18 0 5 25 13 0 19 0 15 2 0 0 0 0 3 22 0 1 10 24 4 9 
0 0 4 0 12 0 22 0 0 3 6 25 19 5 24 0 17 11 9 10 20 15 0 0 21 
25 20 22 9 5 10 24 0 0 11 23 0 18 0 14 2 12 19 21 4 0 8 3 0 0 
0 0 19 15 0 0 20 0 0 0 0 9 17 8 13 0 18 25 0 5 2 22 11 0 0 
11 2 0 8 16 0 0 12 6 4 3 22 0 21 0 1 13 23 0 0 17 25 5 14 19 
0 5 0 0 0 0 0 16 13 7 18 14 10 15 2 0 0 0 0 0 0 23 21 1 0 
14 0 18 12 8 6 17 0 0 0 0 19 0 0 0 0 0 21 0 0 0 0 0 0 0 
0 17 10 16 0 1 0 0 0 0 0 20 25 24 23 0 0 13 0 8 0 0 4 0 7 
20 0 23 13 19 11 15 25 10 14 0 0 4 3 16 0 6 0 0 2 8 9 12 0 0 
0 21 3 25 0 4 23 24 12 20 0 0 8 0 0 15 0 0 16 1 5 13 10 18 0 
9 6 21 0 0 0 0 11 0 2 0 18 13 0 17 0 25 5 0 0 0 7 22 24 0 
0 0 0 11 0 8 16 0 0 0 14 0 0 6 0 0 15 9 1 0 21 0 23 17 25 
0 12 20 1 0 0 0 23 15 0 8 0 7 0 0 0 2 14 18 6 9 0 0 5 10 
17 15 0 0 14 18 0 0 0 6 16 0 0 0 0 23 0 24 0 0 0 4 2 0 0 
0 7 24 0 13 25 14 22 5 17 0 23 1 0 0 21 11 12 0 19 0 0 0 15 0 
6 8 9 17 4 3 0 0 0 0 0 7 0 10 0 24 0 1 12 0 0 20 0 0 15 
22 23 13 0 2 17 4 0 11 8 0 0 0 0 18 5 9 0 0 0 0 0 0 6 0 
0 11 15 0 20 0 12 1 14 0 2 16 21 9 0 22 0 0 13 18 0 24 0 0 4 
19 16 12 14 1 0 10 2 0 23 0 0 0 0 11 0 7 6 0 15 0 5 8 21 22 
7 0 25 24 0 0 0 0 16 0 0 8 5 23 0 0 0 2 3 17 0 12 0 9 11 
0 0 0 0 17 0 0 0 25 1 21 11 16 12 0 0 4 15 23 0 24 2 9 19 0 
12 25 14 20 0 0 2 4 0 15 0 5 24 0 0 0 10 0 0 0 0 0 16 8 13 
5 0 0 0 0 0 0 8 0 12 0 13 0 0 25 19 0 0 0 0 0 17 15 23 0 
4 19 8 22 18 14 0 0 24 10 20 17 0 0 0 0 0 16 0 25 3 0 7 11 0 
0 9 16 3 15 0 11 17 0 0 19 2 6 0 0 0 1 0 24 12 0 14 0 10 5 
