20 0 0 0 8 0 0 0 24 17 0 0 0 18 11 19 5 6 0 0 7 0 10 14 0 
6 25 17 0 4 0 0 20 0 0 7 0 0 3 0 0 16 8 23 11 0 0 0 0 0 
12 0 2 10 7 11 8 6 0 3 0 0 22 0 5 18 17 0 0 0 21 4 1 0 23 
5 3 13 14 22 16 4 25 0 23 24 1 0 0 8 0 12 0 0 0 19 20 11 0 18 
15 0 24 0 18 0 7 9 10 2 4 20 17 0 0 0 14 1 0 13 0 0 8 6 3 
8 15 0 0 0 0 0 1 0 0 0 0 0 0 0 0 0 18 11 9 14 0 16 0 24 
7 22 0 0 19 0 0 10 4 11 13 0 14 0 15 16 25 21 0 2 0 0 3 0 9 
0 11 0 0 0 13 12 0 16 0 0 6 2 0 3 0 0 14 20 24 4 7 0 0 5 
13 4 20 0 0 8 0 0 3 9 21 0 25 0 0 1 0 15 0 0 10 0 0 0 11 
25 16 21 0 14 0 18 0 0 0 0 0 7 0 17 0 8 10 3 0 12 0 13 0 22 
24 8 0 19 0 0 0 0 17 0 22 0 1 14 0 25 0 3 10 0 5 0 23 0 0 
22 23 4 0 10 25 9 3 0 12 16 15 0 17 0 2 11 0 7 20 24 0 0 21 0 
11 13 1 0 0 23 15 16 5 0 3 12 0 0 25 14 4 0 21 0 0 22 17 7 0 
3 0 14 18 25 24 10 7 19 22 11 0 4 0 0 6 0 5 0 0 20 13 12 0 15 
0 7 0 0 0 0 11 0 6 4 20 9 0 5 13 0 23 0 12 17 25 0 0 1 10 
0 20 5 0 0 1 0 18 8 24 0 0 11 2 0 0 0 17 16 21 3 9 4 22 0 
0 24 0 0 0 14 0 0 7 0 0 0 5 0 18 15 0 0 8 12 17 0 6 0 19 
1 0 8 0 12 0 17 22 0 0 19 4 16 13 9 7 20 0 0 14 0 2 0 0 21 
17 14 0 0 0 15 2 0 9 16 6 25 0 0 0 4 0 23 0 0 13 0 24 10 12 
4 10 16 0 0 6 0 12 0 21 0 17 3 7 0 11 18 9 0 22 0 1 0 0 20 
0 12 0 0 0 10 0 0 0 0 5 0 0 9 2 0 0 4 0 6 23 14 7 3 0 
0 6 7 4 17 0 23 0 18 0 14 3 20 0 0 0 0 0 0 0 22 0 0 12 1 
0 2 25 0 24 4 0 0 21 5 8 0 23 15 0 0 1 0 0 7 18 10 20 0 0 
16 0 0 0 15 0 0 0 0 14 0 22 0 0 1 3 10 11 18 0 6 21 9 0 0 
21 1 3 13 0 9 0 17 12 6 10 7 0 0 16 20 0 0 14 0 0 19 0 25 8 
