0 0 2 0 13 12 0 1 5 3 0 4 9 10 8 11 
9 0 4 11 2 10 5 15 0 6 0 0 1 0 12 16 
15 0 1 10 0 0 0 7 0 0 0 9 5 0 0 0 
0 8 6 3 0 0 0 9 0 0 0 10 0 15 2 0 
0 15 0 12 4 0 13 8 0 0 0 14 2 0 11 3 
13 0 0 0 11 0 0 10 12 0 3 1 6 0 15 14 
0 4 0 0 12 0 0 0 13 2 0 0 10 9 5 0 
0 0 8 6 9 1 0 0 0 5 0 15 16 12 13 7 
1 0 0 14 15 0 11 2 0 7 0 0 8 0 6 12 
0 0 15 13 1 6 9 12 0 0 0 0 0 0 0 2 
8 6 0 0 7 14 10 4 0 0 12 13 3 0 0 0 
0 0 9 0 0 0 0 5 0 14 0 0 0 7 10 0 
0 10 0 0 6 0 0 0 7 4 0 0 0 0 1 0 
4 0 13 5 8 0 0 0 0 1 6 12 14 0 16 10 
0 1 0 0 0 0 0 0 3 0 0 5 0 6 7 0 
6 0 0 0 5 0 1 0 0 10 0 0 0 0 3 4 
