0 2 0 14 0 0 15 0 0 0 0 9 5 0 3 0 
0 0 0 0 5 0 14 0 0 0 8 16 0 10 2 0 
0 4 0 10 0 0 2 0 0 0 5 0 0 0 0 0 
16 0 13 0 3 12 0 10 2 0 0 15 1 0 14 0 
0 14 4 13 6 0 0 0 3 11 0 1 10 5 8 9 
0 0 3 0 10 11 4 0 0 0 14 8 2 12 0 13 
0 0 10 0 1 0 0 0 9 12 6 2 14 3 0 0 
12 7 0 0 8 14 3 9 0 4 0 0 0 1 0 15 
0 0 11 3 9 0 0 16 0 0 0 5 4 7 0 2 
0 1 0 0 0 0 0 0 0 7 0 0 0 16 0 0 
14 12 7 0 0 0 0 0 10 9 2 0 3 11 5 0 
0 0 0 4 0 7 0 0 12 0 0 3 13 14 15 0 
0 10 14 0 0 0 1 8 5 2 9 12 0 6 0 3 
0 13 0 6 12 0 7 15 11 16 0 4 0 0 0 14 
0 0 0 12 13 9 0 14 8 0 0 6 0 0 10 5 
0 11 1 8 2 5 6 3 0 0 0 7 16 15 0 0 
