2 0 23 0 25 0 0 21 6 4 0 0 16 0 24 9 8 11 0 7 0 0 1 15 0 
0 0 24 21 13 25 3 0 23 14 15 19 8 7 0 18 0 1 10 0 17 11 0 6 9 
14 0 10 11 0 19 0 0 0 0 22 0 0 0 25 24 17 0 6 0 0 8 0 0 0 
0 0 0 0 0 0 0 0 7 10 13 11 18 0 0 0 0 21 0 0 23 25 0 0 24 
0 9 0 5 7 0 0 11 0 0 0 0 0 4 0 20 16 0 13 0 18 0 21 14 22 
25 0 21 22 19 0 13 0 5 0 24 16 4 0 2 0 0 0 0 12 0 0 17 0 14 
7 5 11 18 24 20 12 22 0 21 1 0 0 17 13 0 9 14 8 0 2 4 0 16 6 
10 17 0 12 0 0 0 1 0 9 18 0 0 15 0 25 22 0 0 16 0 5 3 0 8 
9 15 0 4 6 0 0 7 10 0 25 0 0 0 0 0 21 0 23 0 0 18 13 0 11 
0 0 8 0 2 3 0 18 0 6 5 0 12 0 7 0 0 24 0 13 22 21 0 23 0 
0 6 15 0 0 10 4 12 0 5 0 0 19 11 3 21 0 0 0 9 13 22 24 2 0 
11 24 12 17 16 0 22 0 13 18 21 1 15 10 5 3 19 7 2 6 8 0 0 4 20 
0 7 25 1 0 21 0 3 8 24 0 0 13 0 0 0 0 0 0 14 0 23 0 11 0 
0 0 0 0 0 11 25 0 2 7 6 14 0 0 0 1 10 23 0 8 0 15 0 0 5 
4 0 0 2 9 1 0 0 20 0 12 18 25 23 8 13 24 17 0 5 0 0 7 21 0 
24 2 0 0 22 0 23 8 3 19 0 13 21 0 0 0 4 25 0 18 7 0 0 0 12 
12 8 0 9 0 13 0 0 16 0 4 0 7 18 23 6 0 0 5 20 11 0 22 3 15 
0 0 18 0 0 0 0 20 0 12 3 22 24 0 0 0 13 8 0 0 1 10 0 0 16 
0 25 0 7 0 0 0 0 0 0 0 0 17 8 9 23 0 12 0 0 0 20 14 13 18 
0 13 5 10 21 0 18 4 9 17 20 0 0 0 0 0 7 15 0 0 25 24 0 0 2 
18 0 0 3 0 17 0 13 0 2 14 25 23 6 22 0 12 5 24 0 16 0 0 20 7 
21 0 7 25 5 18 0 0 12 0 11 24 9 13 15 0 0 0 0 1 4 17 2 10 19 
0 11 2 24 0 0 10 25 22 0 7 0 0 0 0 0 0 9 20 17 15 3 0 18 21 
0 0 0 14 0 7 0 0 15 0 8 17 10 0 18 0 0 13 0 0 24 0 5 0 0 
17 0 0 23 0 4 0 5 24 0 0 21 20 1 0 7 0 0 25 0 14 0 11 22 13 
