0 6 0 0 3 0 13 0 4 16 10 8 1 0 0 0 
4 0 0 0 0 0 0 0 7 0 6 9 0 0 11 5 
8 0 16 0 6 1 0 0 0 0 2 5 0 15 3 0 
5 0 0 0 0 0 0 8 3 0 12 13 0 0 0 0 
3 9 0 13 0 0 12 15 0 0 7 0 0 11 0 8 
10 1 0 0 14 16 0 3 13 8 11 0 0 0 12 0 
0 0 0 0 8 0 7 0 0 12 9 0 5 0 0 1 
0 14 0 8 0 0 11 0 0 3 1 15 13 0 16 2 
0 0 12 14 11 9 0 6 1 2 5 0 3 8 13 7 
13 4 0 0 0 3 0 14 16 7 0 0 0 0 0 12 
6 11 3 0 0 0 0 4 15 13 0 0 0 0 0 0 
7 0 8 0 0 0 16 12 0 0 0 6 11 14 0 4 
0 0 0 4 0 5 0 0 0 9 16 0 6 1 0 15 
2 8 6 3 0 0 4 1 0 0 15 0 0 9 5 13 
0 0 13 0 15 0 0 9 0 0 0 3 0 10 0 11 
14 12 15 9 0 10 0 0 8 5 13 1 16 2 0 0 
