0 0 0 0 0 0 0 3 4 7 12 6 0 0 13 8 
0 12 0 0 0 11 0 0 0 16 0 9 0 0 5 0 
9 0 0 0 15 1 13 0 3 14 0 5 0 0 7 4 
0 3 14 10 2 5 7 6 0 1 13 0 0 0 0 16 
1 4 10 3 0 0 12 11 0 0 0 15 0 0 0 0 
11 0 0 6 0 0 8 0 12 3 0 10 9 0 1 5 
0 0 0 9 13 0 1 0 5 0 0 0 0 0 0 14 
14 8 5 12 0 16 0 0 0 0 0 0 0 11 15 6 
0 1 0 11 0 7 0 2 0 0 9 0 13 0 0 10 
0 15 0 0 10 0 0 16 0 8 0 14 0 9 0 12 
0 6 0 14 11 12 0 0 0 0 0 0 1 3 4 0 
0 10 12 4 9 13 15 1 0 0 3 16 0 5 8 2 
0 14 0 0 12 0 16 5 0 13 11 2 15 0 0 0 
0 0 3 0 14 8 0 0 0 10 0 1 4 6 0 0 
0 11 0 5 1 15 3 13 14 12 0 4 0 8 0 0 
0 2 7 16 0 0 11 10 9 0 8 0 0 0 0 13 
