3 16 0 11 0 9 0 0 0 0 2 6 5 0 0 0 
0 0 9 8 4 14 12 0 0 0 0 0 6 10 2 0 
0 6 0 1 0 0 0 0 5 0 13 0 0 9 0 0 
0 13 12 2 0 8 5 6 14 0 9 15 11 0 0 1 
9 14 11 0 0 0 15 0 2 16 5 0 0 6 3 4 
0 0 0 0 16 0 0 0 0 0 4 0 0 15 11 5 
0 3 15 5 6 0 9 4 11 14 8 0 16 0 1 0 
0 0 4 0 5 0 0 0 0 0 0 0 14 8 13 0 
10 0 0 0 0 0 7 16 8 0 11 4 0 1 5 15 
0 4 13 0 2 0 1 14 6 0 0 12 10 0 0 11 
0 9 0 7 10 0 11 3 0 5 14 1 13 0 0 8 
11 0 5 3 0 0 0 0 0 2 10 0 0 0 6 0 
0 12 0 0 0 3 0 0 13 4 0 0 1 0 0 0 
15 0 3 9 14 0 13 0 1 0 0 5 2 11 12 0 
13 11 0 4 0 0 0 5 10 15 6 0 0 0 7 0 
0 0 0 6 0 0 0 7 0 0 12 0 4 13 10 14 
