6 0 0 0 0 0 16 0 0 4 20 0 12 0 19 0 22 25 0 2 10 13 0 0 24 
0 0 0 20 22 15 13 0 5 0 17 24 11 8 16 9 0 0 3 1 12 0 19 0 0 
11 0 0 0 0 17 0 9 25 0 22 2 0 18 6 0 0 19 23 15 4 0 0 3 0 
9 0 19 24 0 2 12 22 11 0 0 25 3 10 1 13 20 0 0 0 0 0 18 21 6 
18 10 2 25 1 23 0 24 0 3 14 5 0 0 0 7 16 0 6 11 20 0 0 0 0 
13 0 1 0 0 0 14 15 0 6 0 0 0 0 0 0 0 8 9 18 0 20 12 0 0 
0 17 0 0 0 0 4 0 0 0 15 14 0 0 0 12 6 0 11 0 25 0 0 0 0 
12 11 0 14 0 3 0 20 0 16 2 0 25 0 0 10 1 0 0 4 9 23 0 0 0 
0 6 15 0 0 0 17 0 22 9 5 0 18 0 0 0 25 14 2 7 0 0 0 11 0 
16 0 18 0 4 13 7 25 0 5 9 0 6 20 11 22 0 15 19 3 24 0 14 1 2 
14 0 11 0 10 0 3 0 16 18 13 12 4 24 2 15 0 0 0 17 8 0 0 20 0 
0 0 13 0 23 22 0 0 9 0 0 16 0 11 8 0 0 6 0 20 0 3 0 14 4 
0 15 24 0 7 0 0 8 0 2 1 0 0 25 3 14 23 0 21 22 0 11 9 10 0 
2 0 16 0 0 0 0 5 0 13 0 23 15 9 22 0 0 0 0 0 18 0 21 7 12 
0 0 0 0 6 0 0 0 24 0 7 0 0 0 0 2 0 16 0 12 0 22 0 5 0 
23 13 6 17 0 5 0 0 0 22 0 20 9 0 0 25 0 21 15 16 0 1 0 12 0 
4 0 7 16 5 8 11 13 15 21 3 22 14 2 17 19 0 0 0 0 23 0 20 18 9 
25 18 3 11 0 0 9 17 0 23 0 21 0 6 7 0 0 22 20 13 0 5 0 24 0 
24 14 10 15 12 0 6 19 0 1 0 0 23 16 5 3 7 2 17 0 21 0 0 0 22 
0 20 0 0 9 0 0 4 18 0 25 13 0 0 15 1 0 0 0 5 0 10 0 6 17 
1 0 14 9 0 21 8 0 13 0 12 3 0 15 18 6 0 11 22 0 5 7 0 25 23 
10 0 22 6 11 9 0 0 0 25 0 4 0 0 23 17 2 1 18 0 0 8 0 13 0 
3 21 23 4 0 0 1 12 0 15 8 9 2 13 25 0 0 0 16 0 0 17 22 0 0 
0 0 0 5 0 18 23 0 0 0 11 1 22 0 10 0 15 0 12 25 0 9 24 0 0 
15 19 25 0 18 10 22 11 0 24 0 0 0 5 20 0 0 9 8 0 0 12 1 2 0 
