0 11 0 0 0 0 0 12 0 8 15 9 2 0 0 7 
3 0 12 1 10 0 8 0 16 0 2 11 0 0 0 0 
7 15 5 0 0 0 0 0 0 0 6 1 14 0 0 11 
0 2 0 6 0 11 0 0 5 0 4 3 10 0 9 0 
11 1 0 7 12 0 0 4 0 13 0 0 5 0 6 10 
9 16 8 0 1 0 0 0 0 0 0 0 0 14 11 12 
0 0 4 15 8 7 6 14 11 0 16 0 0 0 2 9 
12 0 10 2 5 9 0 11 14 0 0 0 13 0 7 0 
1 0 6 0 0 14 11 0 0 3 0 0 7 2 8 0 
16 3 11 0 13 0 0 15 8 0 0 10 0 9 0 14 
2 0 15 14 0 0 0 3 12 0 0 6 0 0 0 0 
0 0 0 13 2 6 12 8 15 0 0 0 16 10 0 1 
6 14 1 0 0 0 0 13 2 5 0 0 12 11 16 3 
0 0 0 0 0 0 5 0 1 4 12 0 9 0 0 2 
0 4 3 0 0 2 1 0 7 9 0 16 0 0 0 0 
0 0 2 0 0 12 0 9 0 6 0 0 0 0 15 4 
