15 11 0 1 12 6 0 8 13 0 0 16 2 0 0 0 
12 0 0 0 7 0 2 0 1 3 15 0 5 0 0 0 
0 2 3 0 0 15 4 0 0 0 11 5 13 12 0 0 
0 8 0 5 3 13 1 11 0 0 0 14 0 0 16 0 
2 0 0 9 5 12 3 16 0 0 6 8 0 0 0 0 
13 16 6 10 15 0 0 0 3 0 0 0 8 5 0 0 
0 0 7 8 9 0 0 0 2 0 0 15 0 0 0 0 
5 3 0 0 0 10 0 13 11 16 0 4 9 6 0 7 
0 7 0 0 0 1 16 15 0 0 0 11 4 0 0 8 
1 0 16 4 0 2 11 0 5 0 8 13 0 3 12 0 
14 5 8 0 0 0 10 0 0 6 0 0 1 7 15 0 
0 0 10 0 8 9 0 0 0 1 0 12 16 13 0 2 
4 13 1 0 2 0 9 14 0 11 0 7 0 0 3 6 
8 10 0 2 16 0 0 0 14 0 0 0 0 0 0 4 
0 6 11 0 0 8 12 0 16 0 0 0 7 2 14 5 
0 0 12 0 0 4 0 0 0 0 5 0 10 0 13 0 
