16 14 0 0 0 0 4 0 0 0 2 13 10 0 12 0 
0 8 11 0 6 0 0 9 15 0 0 14 0 1 0 0 
0 0 5 0 16 13 0 0 4 0 0 1 11 0 0 15 
0 0 2 0 12 15 3 14 8 16 11 0 0 6 7 0 
12 0 6 0 8 14 0 0 0 0 1 0 0 0 13 0 
0 16 13 0 0 0 6 0 10 2 14 7 0 0 3 9 
0 10 0 8 3 11 9 16 13 15 4 0 14 0 0 0 
3 9 0 14 0 10 0 15 11 0 5 6 7 12 16 0 
5 15 0 0 0 0 14 0 1 0 0 0 12 7 6 0 
14 0 0 10 7 0 15 12 2 0 0 8 13 5 9 11 
7 0 9 0 0 0 0 0 5 11 0 15 0 0 0 0 
2 13 0 16 11 0 10 0 14 0 7 9 0 0 1 8 
0 0 0 0 14 0 11 8 0 4 9 0 5 16 0 7 
0 0 14 6 10 0 0 2 7 0 0 0 0 0 0 12 
9 0 10 5 13 0 0 0 0 1 15 0 3 0 11 0 
8 0 16 0 0 0 0 0 0 0 0 3 0 0 0 2 
