0 0 0 0 0 12 7 0 0 0 10 9 0 2 0 0 
4 0 0 16 10 0 2 9 0 3 0 0 0 14 0 0 
0 1 0 0 0 0 8 0 0 0 0 0 0 0 0 10 
10 12 3 11 14 0 0 1 7 0 16 0 8 0 0 6 
7 0 10 0 0 16 11 8 6 0 15 0 14 13 9 0 
5 0 9 0 0 14 15 0 1 4 11 13 0 0 0 2 
0 13 0 1 4 6 9 5 3 10 8 2 0 15 0 12 
12 8 15 0 0 2 0 0 9 0 0 14 5 0 0 4 
0 11 0 15 0 8 0 10 5 7 0 16 9 0 14 13 
13 9 2 10 0 5 16 0 12 6 0 0 4 0 8 7 
0 0 0 0 6 0 3 0 0 0 4 8 2 10 1 11 
0 0 6 0 0 1 0 0 0 11 0 0 16 0 0 0 
14 0 0 0 7 15 0 0 0 13 6 0 11 0 2 0 
0 4 16 0 0 13 6 2 0 0 0 0 0 12 3 0 
3 6 11 0 0 9 14 16 0 15 0 0 0 7 0 0 
9 7 0 0 0 0 0 4 14 0 5 0 6 16 0 0 
