5 0 0 0 0 15 0 0 7 9 0 0 19 16 22 14 0 1 0 10 0 0 0 0 0 
0 0 0 25 18 0 12 0 14 22 10 0 9 0 0 0 5 21 0 19 7 0 13 0 4 
0 0 0 0 0 0 0 0 21 0 23 8 0 0 0 0 3 0 17 11 18 25 0 0 12 
2 16 23 0 0 4 20 10 25 0 15 24 12 0 11 6 0 7 0 0 8 0 0 19 0 
7 0 9 0 4 24 0 1 19 13 0 0 14 18 0 0 8 23 25 20 21 0 22 0 0 
16 7 21 13 15 18 22 14 0 0 11 17 23 0 19 0 24 0 1 4 10 0 0 8 0 
20 11 4 0 9 3 0 6 0 0 0 0 0 12 0 25 0 5 0 21 0 0 0 0 0 
25 0 0 0 19 0 0 0 0 0 0 4 15 0 3 0 0 13 0 8 22 24 0 21 1 
0 23 6 24 5 8 0 0 0 0 21 0 0 0 7 20 0 16 2 17 13 14 19 4 3 
0 0 0 8 0 13 21 4 16 23 18 0 0 5 24 22 6 10 19 15 12 0 11 9 25 
12 5 0 7 0 10 2 0 0 15 0 9 0 20 0 24 23 4 21 0 11 0 0 0 0 
0 13 3 0 16 0 23 9 0 7 0 2 6 10 12 18 0 11 20 14 0 0 5 25 15 
0 0 25 0 10 0 6 0 17 0 5 0 1 0 18 0 0 0 0 0 0 23 0 22 0 
0 20 22 14 0 21 25 0 8 12 3 0 0 0 4 1 16 0 10 0 19 0 0 0 0 
17 0 15 0 0 0 0 0 0 0 22 23 7 8 0 3 0 0 6 0 0 12 18 13 10 
13 17 11 0 3 7 0 15 0 0 19 0 2 0 0 0 0 0 4 25 6 0 0 0 22 
24 0 5 10 0 17 0 0 4 6 0 11 16 15 0 8 0 0 22 2 14 0 25 3 20 
0 2 14 16 8 12 0 0 23 19 24 0 3 25 0 0 13 0 5 7 0 0 0 11 21 
21 15 12 0 25 14 3 0 0 0 0 10 5 4 0 0 1 6 23 16 0 8 0 0 17 
18 4 0 9 20 25 8 0 0 0 12 0 0 1 0 11 0 0 3 0 5 19 10 23 13 
23 0 0 5 2 22 0 17 10 4 9 0 8 19 15 0 0 25 24 0 3 1 0 18 16 
9 0 17 0 11 0 0 2 6 16 0 0 13 24 0 4 15 0 18 0 25 21 12 5 19 
14 22 19 0 0 0 0 24 12 18 1 5 0 23 25 16 17 20 7 0 0 11 0 0 2 
10 0 0 0 0 0 0 21 3 0 0 0 0 22 17 0 0 14 8 6 0 0 24 0 23 
1 18 24 4 0 20 13 25 5 0 0 0 11 3 2 0 10 19 0 23 15 0 0 0 0 
