0 0 0 20 0 3 0 0 0 2 11 0 0 0 21 19 0 4 0 0 0 14 12 24 25 
1 22 11 0 14 0 0 0 0 18 24 0 17 0 23 2 0 0 0 20 0 10 0 0 4 
0 19 0 0 3 8 11 20 12 14 4 0 16 0 0 24 0 6 15 22 17 0 0 21 7 
21 18 12 23 25 0 24 17 22 19 15 0 0 8 7 0 0 0 16 14 2 0 20 0 13 
0 16 0 10 8 21 0 1 25 0 0 0 2 0 20 0 0 0 11 0 22 0 0 9 0 
0 0 13 3 0 0 5 21 0 6 0 19 0 11 0 23 0 10 0 25 0 15 16 12 14 
0 0 0 24 0 23 8 0 0 3 0 0 1 0 5 0 16 9 14 11 0 0 0 0 18 
0 14 22 0 0 2 0 0 0 15 0 7 10 17 9 21 4 0 0 3 0 13 0 25 20 
8 4 0 0 0 0 12 11 14 25 0 20 0 0 24 5 0 13 18 19 3 22 21 0 2 
11 20 0 19 0 10 13 0 4 0 0 0 25 14 3 0 15 0 17 0 0 0 23 0 6 
0 0 0 0 9 0 7 0 0 17 0 22 0 23 0 25 0 11 21 15 4 0 24 2 0 
0 24 0 14 11 22 25 12 0 0 3 0 0 18 0 0 1 7 0 0 0 16 13 17 10 
10 2 0 0 16 5 0 6 18 0 19 4 15 0 13 0 0 12 20 24 0 0 9 0 21 
0 7 25 15 13 24 3 0 0 0 17 2 21 0 0 0 19 0 9 4 23 0 0 0 0 
0 21 0 5 0 0 0 0 15 4 6 1 24 0 12 10 0 16 0 0 11 19 18 0 22 
20 0 0 0 10 19 15 0 0 23 0 8 0 13 4 18 25 22 7 0 1 21 14 16 0 
0 23 15 0 18 6 14 9 0 20 0 12 3 24 2 0 0 1 4 0 7 5 10 0 0 
0 5 0 0 24 12 0 0 10 16 0 0 0 20 19 0 0 0 0 23 6 4 0 11 0 
6 0 0 0 12 0 0 0 2 8 0 16 11 9 1 13 24 19 10 5 0 20 0 23 0 
7 9 0 8 0 11 0 0 5 0 23 0 18 0 0 0 20 0 0 16 12 0 0 3 24 
0 6 0 0 0 25 0 0 0 12 1 24 19 4 18 16 21 23 5 13 9 7 17 10 0 
0 13 3 0 0 18 22 5 0 0 20 0 8 2 0 12 14 0 1 7 21 0 4 0 23 
0 0 20 12 23 14 4 2 21 24 0 0 7 0 0 11 18 25 19 10 13 3 8 0 0 
0 0 0 4 19 0 17 8 11 0 0 0 12 0 15 0 2 20 0 0 14 25 0 0 1 
5 25 0 0 0 0 19 0 0 9 0 11 13 0 0 0 0 0 24 0 20 0 2 15 12 
