6 4 0 10 15 13 8 3 16 0 7 12 0 9 0 1 
15 9 12 14 1 7 16 0 13 11 0 8 0 4 0 0 
1 0 13 0 0 0 0 5 6 0 0 15 7 0 0 0 
0 0 7 8 0 0 11 0 0 0 10 4 13 0 12 16 
7 0 0 5 8 0 6 1 15 13 9 0 0 11 0 3 
0 10 16 9 0 11 0 0 2 12 0 6 0 0 0 7 
2 0 15 0 0 3 0 0 7 4 11 0 6 0 0 0 
4 0 0 1 0 0 2 15 0 8 5 0 0 12 13 0 
0 0 0 12 0 0 15 0 0 0 4 0 0 16 7 0 
14 7 0 6 16 5 0 11 0 0 0 0 0 0 0 0 
0 0 0 2 10 0 0 7 8 6 0 0 0 14 9 12 
0 0 0 0 0 0 14 9 10 1 0 7 5 0 0 0 
0 2 6 3 0 0 7 0 0 14 15 1 0 0 16 11 
11 14 0 15 2 1 5 0 4 0 13 0 12 6 3 0 
12 0 0 0 9 15 0 14 3 0 0 11 0 8 0 0 
0 1 0 0 0 0 0 0 0 10 8 0 0 0 0 5 
