0 0 14 12 8 0 11 0 0 0 0 2 0 0 13 0 
0 1 0 0 3 0 0 7 4 0 0 0 0 0 0 0 
16 0 0 0 0 15 0 0 0 0 5 6 0 8 9 2 
0 5 0 3 0 0 0 6 7 0 0 0 0 0 0 15 
4 12 3 1 0 6 2 0 13 11 0 16 9 0 0 10 
10 0 0 16 0 4 0 12 15 0 9 0 0 7 1 5 
0 6 0 0 9 11 0 1 10 4 0 0 0 3 0 0 
14 0 15 0 0 3 0 0 5 0 0 0 11 0 0 4 
0 0 0 0 0 0 3 15 11 16 2 7 1 4 5 9 
0 8 1 0 11 14 9 2 0 15 0 12 0 0 3 0 
15 0 0 11 10 1 13 4 0 14 0 0 6 12 0 7 
0 0 9 0 6 0 7 0 0 0 8 13 2 0 11 14 
0 0 0 6 15 7 0 0 14 0 11 0 13 2 16 0 
11 4 0 0 14 2 6 9 0 3 0 0 0 0 7 0 
0 14 0 2 1 10 8 0 0 9 0 0 5 11 4 6 
0 0 12 0 16 0 4 11 0 7 0 0 3 9 0 1 
