9 24 3 21 8 0 7 17 0 1 6 15 0 10 5 11 23 12 0 0 2 22 0 25 0 
0 0 15 13 6 0 10 25 19 22 23 3 0 0 4 0 0 20 8 17 5 0 0 9 7 
23 12 7 2 22 6 13 20 9 24 0 1 0 11 0 21 0 0 0 0 0 19 0 17 16 
20 16 0 0 0 0 0 0 5 2 24 18 22 17 7 0 9 10 0 25 12 15 23 0 13 
25 19 5 17 10 18 0 0 0 0 0 0 13 0 20 7 16 14 24 22 0 1 6 0 4 
0 0 0 0 0 7 4 0 2 17 0 0 24 0 0 9 22 1 23 12 0 0 0 20 3 
3 0 0 9 20 23 0 6 1 0 12 17 11 7 13 16 0 8 14 0 22 21 0 0 10 
12 0 8 11 1 0 14 0 24 16 0 0 0 0 0 0 10 0 0 0 19 13 15 0 0 
24 0 16 0 7 0 0 19 0 3 22 0 0 23 1 2 5 0 0 0 6 8 4 12 17 
0 15 19 0 21 22 0 12 0 11 0 0 0 0 0 0 0 0 0 0 0 0 1 0 9 
0 7 0 0 5 0 0 0 0 0 18 0 15 0 0 19 20 13 1 23 0 2 9 21 11 
0 20 21 0 11 13 3 1 0 23 0 22 5 14 8 0 0 16 6 9 24 0 12 0 19 
19 1 0 24 0 25 20 0 0 0 7 12 16 6 0 14 11 21 22 0 4 23 0 10 15 
0 25 0 0 0 0 15 21 7 0 0 24 23 0 11 0 8 5 0 0 20 17 0 22 0 
0 23 0 0 0 19 0 0 0 0 0 21 0 9 0 12 18 0 0 24 0 3 0 1 6 
0 0 0 6 0 0 0 16 8 0 25 0 3 13 23 0 4 0 0 14 10 0 19 15 0 
16 3 0 5 0 0 0 24 0 0 0 2 0 0 22 23 0 0 15 19 17 0 11 13 20 
10 8 0 12 9 17 22 0 20 19 14 0 6 4 15 0 7 0 21 0 0 0 0 0 0 
4 2 25 0 19 0 0 15 3 21 17 0 7 12 0 24 13 6 11 0 0 0 0 14 22 
0 0 22 0 23 5 0 0 14 0 20 19 0 0 9 8 3 0 17 0 21 4 2 0 1 
21 0 0 0 0 0 1 14 23 0 2 0 0 0 19 0 0 0 0 7 11 0 22 0 0 
0 0 23 1 4 0 2 5 0 8 0 0 17 0 0 0 0 19 20 11 25 12 14 16 0 
8 0 0 22 2 0 17 0 25 20 16 13 0 15 12 0 0 0 0 4 0 0 3 19 24 
0 0 20 19 16 12 0 0 0 10 0 0 0 22 25 3 0 0 2 0 0 18 0 6 23 
0 14 12 7 0 3 19 9 0 0 0 23 0 0 0 10 0 18 0 6 15 0 17 4 0 
