0 4 18 7 17 0 5 23 0 16 25 14 3 0 0 6 20 8 24 15 9 12 0 13 0 
25 16 0 21 22 14 18 0 0 0 5 15 19 0 6 11 23 7 0 0 10 0 0 1 0 
20 0 2 13 6 8 0 24 0 0 9 21 23 10 0 14 16 4 0 17 25 0 18 19 0 
0 23 0 24 1 25 0 17 9 15 7 0 12 0 16 0 2 0 13 10 0 0 0 0 0 
0 11 0 14 0 12 10 0 0 6 8 0 0 13 17 0 0 21 25 22 23 7 0 0 16 
0 2 9 0 0 0 20 0 8 0 11 0 24 4 18 7 0 0 0 5 0 13 10 25 0 
19 0 0 25 18 0 0 22 0 4 0 17 8 0 3 15 10 0 0 0 7 0 2 14 6 
0 22 16 1 11 2 0 5 0 0 10 6 21 9 0 4 24 23 20 14 15 19 0 3 0 
0 0 0 12 0 0 6 21 0 0 19 0 0 7 0 0 0 22 0 13 0 0 0 0 0 
0 10 14 0 5 11 9 0 0 0 0 22 0 12 2 0 17 25 3 1 0 0 24 0 0 
14 6 1 18 0 4 2 0 23 7 21 3 25 8 0 13 9 0 10 0 0 24 0 0 15 
0 5 21 20 0 13 15 25 19 3 0 12 14 0 0 0 4 24 18 0 0 0 0 0 9 
0 0 0 0 0 22 14 9 24 5 0 0 1 18 20 8 0 0 15 0 0 0 21 0 11 
15 0 0 0 0 0 17 0 11 21 2 9 6 19 4 12 0 1 0 20 0 0 0 5 14 
0 0 0 0 8 0 0 0 6 10 13 24 7 0 15 5 22 14 21 0 0 2 25 23 18 
0 0 10 0 0 0 0 0 0 0 24 0 0 14 8 0 13 0 0 0 0 23 19 15 0 
0 0 0 19 16 24 23 14 10 2 4 25 22 0 0 0 0 0 0 8 3 20 1 0 0 
5 8 0 15 13 20 7 0 0 0 23 18 17 3 9 0 14 0 0 2 0 22 16 10 0 
1 0 0 22 20 0 25 0 0 0 12 0 0 2 0 0 7 10 19 0 0 0 0 0 17 
0 14 4 2 9 21 16 13 0 8 0 0 10 15 7 0 18 3 17 24 5 25 6 0 0 
16 1 0 10 23 17 22 0 13 20 14 0 2 0 0 0 8 5 0 3 24 0 15 0 0 
21 20 8 0 0 16 0 0 0 0 6 13 4 23 19 0 0 17 0 9 0 0 0 12 22 
18 17 0 0 0 9 0 12 0 0 0 0 15 1 22 10 19 0 0 0 14 6 0 0 25 
22 15 7 0 14 0 0 0 4 0 17 8 5 25 24 20 21 12 0 18 0 3 0 0 0 
0 0 0 5 0 7 8 0 15 25 0 11 9 16 10 0 0 0 0 0 0 0 0 2 0 
