23 14 0 25 0 10 4 0 0 3 0 0 0 6 13 16 22 0 15 7 19 0 20 0 21 
0 0 6 0 0 0 0 0 25 24 8 7 21 23 22 4 19 10 0 9 11 0 0 0 13 
0 0 7 16 2 22 0 0 0 1 18 11 25 4 20 0 23 0 0 0 10 6 0 0 12 
0 0 0 0 0 5 0 14 21 0 9 17 3 0 1 0 2 13 8 0 0 0 24 22 25 
24 0 8 22 5 0 0 6 7 23 0 14 0 10 0 18 0 0 17 25 16 4 2 9 0 
0 8 0 19 25 16 18 1 23 0 7 0 14 11 0 10 12 0 6 4 5 0 22 13 20 
0 12 0 0 0 0 0 0 5 6 21 0 16 0 3 25 0 1 2 0 0 19 17 11 0 
21 13 0 11 6 19 15 0 0 2 0 0 17 0 0 7 0 23 0 16 0 10 0 24 14 
9 10 5 7 14 17 0 25 3 11 0 23 0 0 4 19 0 18 13 0 0 0 0 0 16 
22 16 24 0 1 20 0 7 13 12 10 2 0 19 5 0 9 14 11 8 3 0 0 0 23 
19 0 20 0 4 0 2 9 15 5 22 1 0 0 7 11 0 0 0 13 17 3 0 18 0 
0 15 0 6 8 7 25 0 0 0 0 10 0 0 11 0 0 22 18 0 13 20 12 14 19 
11 22 23 1 0 0 0 0 0 0 0 0 0 0 0 20 0 0 0 0 0 0 0 5 2 
0 0 0 0 13 1 0 0 20 0 5 0 0 0 6 0 4 7 23 14 15 0 21 16 22 
0 0 12 5 7 0 13 0 0 22 0 20 9 0 0 0 0 0 21 0 4 11 0 0 0 
18 0 0 0 3 11 17 5 14 0 16 6 1 9 0 0 13 0 0 23 0 12 7 19 24 
7 20 14 0 16 4 0 0 22 0 13 0 0 0 15 0 0 0 0 2 0 0 6 23 11 
4 23 1 0 10 9 24 13 6 0 11 18 0 25 14 5 0 0 20 0 0 2 16 21 15 
0 0 0 24 0 0 20 0 12 7 17 0 0 8 0 0 14 15 0 18 9 13 0 0 0 
0 0 13 0 19 0 23 0 2 18 12 4 0 20 10 24 0 25 7 6 0 0 3 17 8 
15 0 22 13 0 0 0 0 0 25 0 12 0 1 17 0 8 0 0 11 2 0 0 0 0 
0 7 0 0 18 12 0 2 0 15 0 8 10 22 0 13 0 4 25 20 21 0 0 0 5 
0 0 0 0 0 0 3 17 0 19 6 16 11 0 18 14 0 12 22 5 24 0 0 0 10 
0 5 0 3 11 21 8 0 9 13 15 25 0 0 23 0 18 0 19 10 14 22 0 6 17 
0 6 0 10 0 0 7 0 0 0 0 21 0 0 0 23 0 0 1 15 25 0 4 0 18 
