1 21 0 0 0 2 12 10 14 0 3 0 0 24 0 0 0 22 0 0 0 5 0 0 0 
23 0 0 0 0 25 9 13 0 4 17 0 0 0 0 14 0 20 7 0 22 21 15 19 16 
5 7 0 0 20 6 0 0 23 16 0 0 8 13 0 11 0 21 9 24 2 0 0 12 0 
12 16 17 15 14 0 0 8 18 1 20 21 2 0 6 3 0 0 4 25 13 0 23 0 11 
9 10 4 0 6 0 24 0 0 22 0 0 0 0 0 0 16 0 0 0 0 0 1 0 0 
19 6 21 0 0 5 22 14 16 0 0 2 0 3 0 0 0 23 0 20 0 13 24 0 12 
13 0 1 4 0 0 0 2 0 0 11 7 0 6 0 0 0 24 0 17 10 0 0 0 0 
20 0 0 0 12 1 0 0 0 10 24 0 0 0 17 6 13 0 11 22 0 0 0 0 0 
10 0 18 0 0 24 11 0 19 0 13 0 12 9 0 1 15 14 0 16 0 0 0 20 0 
0 0 11 0 15 13 0 0 20 21 4 0 10 0 16 9 2 0 0 7 1 0 3 0 0 
21 0 12 0 0 3 1 16 0 0 0 0 0 0 14 17 0 11 15 23 0 7 20 0 0 
0 0 0 11 0 14 0 0 15 0 0 0 17 4 0 7 24 6 5 1 21 10 0 3 9 
15 3 5 17 0 12 23 22 0 0 16 20 24 0 0 10 9 0 2 0 0 0 0 1 0 
24 0 2 7 4 0 5 0 0 13 0 1 6 10 0 12 3 19 0 14 18 22 16 15 23 
14 1 0 9 22 10 4 0 25 18 23 3 15 7 0 16 20 8 13 21 12 17 19 2 0 
2 0 10 0 0 0 13 0 0 3 1 4 22 25 0 19 0 0 14 18 0 0 0 0 6 
0 19 24 13 0 0 0 25 22 0 0 6 21 0 7 8 23 0 12 3 0 0 5 10 0 
0 4 3 0 0 0 21 1 5 14 19 8 0 0 2 24 0 7 0 10 0 9 0 0 13 
0 23 0 14 0 0 0 0 2 19 5 0 0 0 24 0 0 13 0 0 3 16 0 18 1 
0 0 0 22 0 0 0 24 10 0 0 17 0 12 3 20 21 16 0 0 0 19 4 0 0 
0 13 19 0 2 17 14 21 24 0 10 5 4 1 22 0 8 9 0 11 20 0 7 0 15 
0 0 25 21 5 0 10 18 8 0 7 9 0 17 0 0 6 0 20 0 16 0 2 24 19 
8 12 16 1 9 15 0 4 13 23 6 0 19 0 18 2 14 3 22 5 25 11 17 21 0 
0 15 0 0 10 0 0 0 1 0 2 25 0 0 0 21 7 17 24 13 0 0 9 14 18 
7 0 0 18 0 20 2 6 9 0 0 0 0 0 0 0 0 10 0 12 23 1 22 13 5 
