0 18 0 0 0 24 9 12 0 0 11 0 20 0 0 0 0 2 3 19 0 0 13 0 17 
13 0 0 19 0 0 0 5 0 14 10 0 0 16 17 0 21 23 4 0 0 0 3 6 22 
20 4 0 0 1 0 15 0 0 0 9 0 22 0 0 25 12 0 0 5 21 0 10 14 0 
0 21 7 25 10 0 0 22 0 0 8 23 0 0 13 16 0 24 0 15 5 9 0 1 12 
0 11 5 0 0 19 21 0 16 0 0 25 14 6 0 9 1 17 13 0 2 0 20 8 23 
0 0 0 0 0 0 0 0 19 0 12 3 1 0 0 0 14 21 5 9 15 0 22 0 0 
0 0 0 0 0 0 22 1 0 16 0 0 0 0 18 2 25 3 0 10 0 0 4 9 0 
0 14 11 24 0 8 10 0 15 0 0 20 0 25 0 23 18 0 0 0 1 0 0 3 19 
0 5 3 8 0 9 0 2 0 20 0 22 0 7 10 12 0 0 15 24 17 16 0 18 25 
18 22 0 0 0 13 24 3 0 0 0 5 0 21 14 20 0 1 19 0 6 10 8 12 0 
12 6 0 0 11 14 0 25 2 24 1 0 0 9 21 18 7 22 10 0 0 17 16 0 20 
4 25 0 16 0 15 0 19 0 21 0 0 10 0 7 0 2 12 0 1 18 23 14 24 0 
2 17 0 0 0 22 0 16 7 0 24 8 0 0 19 6 5 0 0 11 9 0 0 15 0 
0 0 0 9 0 0 0 20 5 18 25 0 0 12 0 0 0 0 0 4 0 1 0 13 6 
0 0 13 0 19 0 12 0 0 0 0 14 0 5 6 15 0 0 0 3 4 0 0 22 8 
0 0 19 0 0 0 0 23 9 8 14 0 25 0 20 10 3 13 18 0 0 0 15 0 0 
25 3 2 17 0 4 11 24 18 0 0 19 21 0 23 1 9 0 12 0 0 8 0 16 0 
11 8 9 10 0 25 17 7 0 0 4 0 6 0 0 21 15 0 24 16 23 5 18 20 0 
24 13 20 0 16 0 0 14 10 19 0 0 17 0 15 0 23 5 22 0 12 21 0 0 0 
5 0 18 0 0 3 13 21 20 22 0 9 0 0 1 0 6 0 17 0 10 19 24 0 0 
0 0 4 11 18 12 19 8 14 5 0 16 7 0 25 3 0 0 1 0 13 2 0 0 15 
22 19 0 0 25 18 1 13 23 0 21 12 0 0 24 0 4 9 16 6 20 3 11 10 5 
0 1 0 13 0 0 7 15 24 9 22 2 0 3 0 0 0 18 0 0 8 0 12 4 0 
7 0 17 5 0 0 16 0 25 3 0 10 13 14 4 24 8 15 2 0 22 18 9 0 0 
8 2 21 0 3 0 20 0 22 0 0 15 0 1 0 0 0 25 0 0 24 0 0 0 0 
