0 1 0 0 0 8 0 16 0 0 0 10 0 0 13 0 
0 0 13 10 14 3 0 7 0 0 5 6 0 12 16 9 
0 12 0 0 0 0 0 0 1 9 0 0 11 8 0 0 
7 0 3 8 0 1 0 11 15 13 0 2 14 4 0 0 
0 8 0 0 0 16 1 0 0 0 11 3 0 0 9 4 
0 0 15 4 2 11 13 9 0 5 6 1 16 0 0 0 
6 0 0 0 0 14 0 0 0 10 9 4 0 1 0 12 
1 0 9 2 4 0 0 0 0 7 0 8 13 0 0 14 
4 0 0 0 5 9 6 13 0 0 2 0 0 14 0 10 
0 5 2 0 3 12 0 0 6 16 10 0 0 0 0 15 
0 0 0 9 0 2 7 0 5 0 0 0 12 0 0 16 
0 0 0 0 16 10 15 8 4 12 7 9 2 3 0 5 
2 14 7 12 0 5 0 0 0 0 13 11 0 6 4 0 
5 0 10 15 11 0 0 2 0 0 1 12 0 16 0 0 
3 6 16 0 0 0 0 1 0 0 4 5 0 0 12 2 
0 0 0 1 12 0 3 0 0 0 15 0 7 5 0 0 
