7 14 0 13 9 0 0 0 6 0 16 0 0 0 10 0 
16 3 11 5 0 0 0 6 13 9 12 15 0 0 4 0 
0 10 6 0 0 8 0 11 0 7 0 0 0 0 9 0 
4 12 9 1 0 15 0 13 8 0 0 0 6 0 0 11 
0 15 12 14 0 4 0 0 9 0 0 6 11 0 0 0 
8 0 16 0 0 0 6 0 2 0 14 0 4 15 12 0 
13 0 10 4 0 0 14 0 12 16 3 1 0 0 2 0 
9 11 0 0 12 2 8 0 7 15 13 0 0 5 16 14 
10 0 2 0 0 6 1 0 14 0 0 7 0 11 3 0 
0 0 0 8 2 0 0 10 5 1 6 9 16 0 0 4 
0 0 0 0 4 0 0 0 0 13 0 0 0 0 15 0 
1 0 14 12 0 7 0 0 3 0 11 2 8 10 6 0 
0 0 13 0 0 12 3 0 0 0 4 5 0 0 11 10 
3 2 0 9 5 0 0 0 1 0 0 0 15 0 0 0 
0 0 0 11 6 13 10 9 0 14 7 0 0 0 0 3 
14 8 0 10 1 0 15 2 0 0 0 0 0 13 0 6 
