0 0 5 3 4 0 16 0 1 11 0 9 7 12 13 10 
0 0 0 15 11 0 0 0 0 14 3 0 6 4 0 0 
12 0 0 9 0 13 0 6 0 0 0 15 0 2 0 0 
2 0 0 0 9 0 7 5 12 6 0 0 15 1 3 11 
11 0 0 10 5 0 0 0 0 8 0 0 0 7 0 1 
0 0 0 0 2 1 0 0 0 0 7 12 10 0 11 0 
0 12 0 14 8 4 3 0 0 1 0 0 9 0 6 0 
1 3 9 0 0 6 0 0 16 10 0 0 0 8 12 13 
3 0 0 0 0 0 5 7 4 0 0 11 16 0 2 0 
16 5 0 1 0 0 6 3 8 0 0 2 11 13 0 12 
6 0 0 2 0 0 8 4 5 0 16 0 1 0 0 7 
0 0 7 0 16 0 15 1 0 12 14 0 0 0 0 0 
10 1 0 0 12 3 0 0 0 16 0 5 13 0 7 0 
5 0 3 0 15 10 4 8 14 13 9 0 0 0 1 6 
0 9 13 0 0 0 0 0 0 3 0 0 5 15 0 14 
15 0 11 7 0 5 0 0 6 0 0 0 0 16 10 3 
