6 2 16 1 13 15 0 0 10 14 5 0 11 12 3 7 
0 13 5 11 0 12 2 0 0 3 0 7 10 4 0 0 
7 0 10 0 0 11 0 5 0 12 15 0 0 1 0 0 
0 0 4 12 1 7 0 0 0 0 2 11 8 0 15 0 
0 4 11 0 7 6 16 8 0 0 3 0 0 0 0 0 
14 8 0 0 0 10 0 0 0 5 12 1 0 0 0 13 
0 0 2 13 0 1 0 14 7 11 16 8 0 9 4 0 
0 0 0 0 0 0 0 2 0 15 0 0 7 14 11 8 
0 7 0 5 0 0 0 0 0 0 14 0 0 11 1 0 
0 10 12 15 0 14 11 0 0 0 13 0 0 0 0 6 
0 16 6 0 5 0 7 12 11 0 0 3 0 0 8 0 
11 9 0 4 0 8 0 0 0 6 0 0 3 16 5 12 
0 11 13 0 0 3 10 7 5 8 0 0 4 0 6 0 
0 15 9 0 0 0 12 4 14 0 6 13 1 0 10 11 
0 12 0 16 0 0 13 0 0 0 11 0 0 8 9 0 
0 0 7 0 0 0 0 1 0 0 4 0 12 13 0 0 
