16 0 0 0 6 15 4 14 0 0 0 12 0 11 0 0 
0 4 10 2 1 0 0 0 7 6 0 14 0 8 16 0 
0 0 0 8 0 9 2 0 1 15 3 0 0 6 0 14 
0 0 6 15 8 11 0 0 0 9 0 4 0 0 12 0 
0 0 2 0 0 0 15 0 14 0 0 0 0 4 8 0 
0 10 0 0 0 6 11 1 13 0 7 0 2 14 9 0 
4 8 0 0 0 0 13 0 0 0 0 0 11 15 3 0 
0 0 9 13 0 16 0 0 2 11 0 15 0 12 6 1 
0 1 0 11 5 0 14 0 0 10 0 0 3 0 0 6 
0 6 0 3 0 0 0 0 12 1 8 0 16 10 14 0 
10 0 0 14 16 0 6 13 0 0 11 0 9 7 5 0 
2 0 5 7 15 0 3 0 6 14 0 13 12 1 11 0 
0 12 0 0 0 0 0 0 0 0 0 0 0 3 15 11 
0 0 11 0 0 0 16 15 9 8 0 3 14 5 2 10 
0 0 0 0 13 0 10 8 0 0 0 0 4 0 1 12 
0 3 15 0 2 4 0 11 5 12 14 0 6 0 7 13 
