0 0 0 25 0 0 20 6 0 10 17 2 0 0 11 12 0 4 0 5 0 0 0 16 3 
0 16 4 13 0 5 0 0 22 0 15 0 0 20 25 0 0 0 0 9 0 19 12 24 21 
0 18 0 0 0 0 0 0 17 13 0 16 0 24 8 25 1 2 0 19 7 9 14 0 0 
17 0 0 0 24 16 0 0 0 9 0 4 12 0 0 20 21 23 6 8 0 0 0 0 0 
7 0 6 0 8 12 21 4 2 25 10 0 0 0 0 0 14 0 22 13 17 0 0 15 0 
0 0 0 8 0 21 17 23 9 0 1 0 14 0 0 0 4 25 2 0 0 0 5 12 0 
0 24 0 23 0 4 1 16 0 22 12 18 0 2 7 0 8 19 0 10 15 0 0 3 0 
0 0 10 21 9 8 13 0 0 2 4 0 0 0 23 17 6 1 0 12 25 0 18 7 0 
16 1 17 14 12 0 10 19 0 0 0 0 0 0 22 3 0 7 0 24 8 0 0 21 2 
0 0 13 7 4 11 0 5 12 3 0 0 10 17 0 0 9 0 0 0 1 0 0 0 0 
0 3 14 0 0 1 16 0 0 0 0 21 0 7 5 8 0 9 24 2 22 12 13 10 11 
0 0 0 0 0 0 3 21 25 0 0 14 6 0 0 4 16 0 18 0 0 0 0 5 0 
0 0 18 16 0 22 2 0 0 4 11 0 15 25 10 0 13 14 0 0 20 3 19 9 0 
25 17 0 0 21 0 9 20 13 24 3 0 1 0 4 19 0 0 0 11 0 0 0 23 15 
13 19 0 0 11 14 23 0 0 5 2 0 24 16 12 22 17 20 0 6 0 25 0 8 4 
0 0 0 0 6 19 0 0 0 20 14 1 13 0 0 0 18 22 8 3 0 15 7 11 5 
15 0 0 0 18 0 0 9 0 8 0 0 0 12 17 1 0 0 0 0 21 0 4 6 13 
0 4 2 12 7 13 5 1 0 0 0 19 0 11 0 0 0 0 20 17 0 16 0 25 24 
0 0 0 0 13 0 6 14 16 17 0 15 23 18 0 9 0 12 0 7 0 0 3 22 8 
8 0 22 5 0 0 15 2 23 12 0 7 4 10 0 21 0 0 0 16 19 18 20 14 17 
2 0 12 0 10 0 7 0 1 0 24 25 19 4 0 5 0 16 0 20 3 21 0 13 14 
3 13 25 15 0 0 12 0 0 0 0 20 0 0 14 6 0 17 0 21 0 24 8 18 0 
4 14 0 18 19 0 24 0 5 0 0 0 11 22 0 0 0 0 0 25 16 2 6 17 0 
5 0 0 0 20 0 8 22 3 16 0 0 17 6 0 15 12 13 0 0 0 7 9 0 0 
1 7 23 22 17 9 18 11 0 14 8 12 16 13 21 0 0 0 0 4 10 5 0 20 25 
