8 0 0 0 10 0 13 0 3 0 2 14 0 0 0 5 
5 0 0 0 16 2 0 12 0 0 1 0 0 0 0 7 
0 6 15 11 0 0 0 4 0 7 9 13 1 0 0 0 
0 0 10 0 7 1 11 3 0 0 12 4 0 15 13 14 
0 9 11 5 6 0 12 2 0 0 10 0 14 0 0 0 
4 10 8 0 0 15 9 11 1 13 6 12 0 7 0 16 
6 0 7 15 0 0 0 10 0 14 11 2 4 0 0 12 
0 12 3 13 14 16 0 0 4 15 0 0 9 11 6 10 
7 11 4 0 12 0 0 0 10 2 16 3 0 0 14 0 
16 0 5 0 0 13 10 6 0 0 0 7 0 0 2 0 
0 0 9 0 11 3 4 0 0 0 0 6 0 0 0 8 
0 15 0 6 0 7 0 0 0 9 0 0 0 4 16 0 
11 0 16 8 0 6 0 0 0 0 7 10 12 14 9 0 
0 0 0 9 1 0 0 0 6 8 0 11 0 13 0 0 
0 1 14 10 4 0 0 8 0 0 3 0 15 0 0 0 
0 3 0 0 5 0 14 9 0 0 0 0 0 0 8 0 
