3 14 0 10 5 0 18 12 0 22 0 7 0 6 0 8 0 25 0 15 1 17 2 16 21 
1 2 0 0 9 16 0 0 21 24 0 0 0 18 0 7 14 0 22 0 15 0 8 0 0 
0 0 8 20 17 0 0 3 0 23 0 0 5 22 15 4 0 16 0 18 0 0 0 9 6 
22 15 12 16 25 7 13 0 0 5 17 9 8 10 2 0 24 0 0 21 20 0 18 0 0 
0 18 0 0 7 0 9 14 15 17 4 0 20 0 0 3 0 0 0 6 0 24 25 5 22 
0 1 0 0 0 23 22 19 7 16 0 0 15 2 0 21 18 24 0 4 25 5 3 8 20 
6 20 3 0 4 0 21 1 24 0 0 8 0 23 12 15 0 0 25 0 13 0 16 10 0 
0 17 10 7 15 12 14 0 0 25 0 5 13 24 0 0 0 8 0 0 21 4 0 22 0 
21 23 0 2 0 0 8 13 0 0 25 0 0 0 4 0 19 5 14 10 0 1 9 0 12 
18 16 14 25 0 10 0 0 0 0 0 6 0 0 7 0 22 3 0 9 23 19 17 0 24 
4 25 7 13 2 15 3 0 12 0 0 0 0 9 8 0 0 22 0 11 14 20 5 0 0 
11 22 0 8 6 13 23 0 5 0 0 2 0 14 0 0 25 0 0 0 16 0 0 1 0 
23 3 9 1 0 0 0 0 19 20 0 0 0 4 0 17 13 18 0 0 0 0 0 24 25 
0 0 0 17 0 0 7 22 0 0 0 0 23 25 0 0 15 1 0 0 9 0 0 3 8 
0 21 5 0 0 6 10 25 8 0 24 1 0 0 0 0 7 0 23 0 0 13 0 0 0 
8 7 0 3 18 11 17 20 0 0 0 0 9 0 19 12 5 6 0 0 0 0 0 23 14 
0 0 1 15 20 0 16 0 9 7 8 0 0 0 0 19 0 0 17 0 0 0 0 12 3 
0 0 24 0 0 22 0 5 10 0 15 0 21 11 0 1 3 7 16 8 2 25 20 0 0 
10 5 17 23 16 0 0 21 0 0 0 22 0 12 24 2 0 0 0 0 19 8 11 6 9 
0 0 19 0 22 18 12 23 0 0 13 3 0 0 16 20 9 0 0 0 10 7 0 4 0 
0 0 0 14 0 0 0 0 22 0 0 25 4 0 0 0 0 23 0 0 0 0 0 19 17 
7 0 16 0 3 20 0 8 23 14 0 0 11 13 22 18 21 0 4 17 0 0 0 25 1 
0 11 2 0 0 0 0 9 0 12 0 24 10 0 14 25 8 15 7 0 6 22 0 20 16 
15 9 25 19 21 5 24 6 13 11 0 0 2 8 23 0 16 0 0 0 4 18 0 0 10 
17 0 18 22 1 0 0 0 0 10 0 20 12 19 9 0 6 0 2 0 0 11 23 21 15 
