11 0 19 4 21 1 24 0 0 0 0 0 18 0 23 15 17 6 3 0 13 14 7 0 0 
0 0 0 0 5 0 18 0 0 3 0 8 6 0 0 0 4 11 0 19 0 0 16 0 1 
0 0 0 16 0 0 4 22 17 2 0 5 0 11 0 7 0 1 25 23 0 24 0 0 0 
18 0 25 0 20 10 8 19 11 23 22 17 12 7 0 16 14 0 21 0 6 4 0 2 0 
0 13 3 7 0 0 0 0 6 0 21 0 0 1 24 10 2 0 5 12 17 19 11 18 20 
25 16 0 13 18 9 0 8 0 15 10 23 14 4 0 11 7 0 17 20 2 0 0 0 0 
24 0 0 0 0 11 0 0 0 0 2 3 0 20 0 6 12 0 0 18 0 7 14 13 16 
0 0 20 23 0 2 0 0 13 4 7 1 0 0 18 22 0 16 0 21 19 15 0 0 10 
0 0 0 0 0 20 10 14 0 0 12 0 0 0 21 0 3 23 0 13 24 0 0 4 0 
4 2 10 0 0 21 0 24 12 16 0 0 0 0 13 0 0 14 15 0 25 18 23 0 0 
0 0 0 0 9 8 0 4 2 10 1 6 0 0 15 18 20 0 0 16 14 23 0 0 19 
14 0 0 0 17 13 0 1 3 0 0 4 0 0 19 0 6 0 24 0 0 0 18 0 2 
1 4 6 25 24 14 9 0 23 0 3 7 0 0 17 5 0 0 0 0 16 0 0 0 0 
0 0 23 0 0 6 7 0 16 5 0 2 25 0 0 14 11 21 4 0 0 17 20 1 0 
0 18 0 12 0 17 0 0 0 0 0 14 22 10 8 23 1 3 0 25 0 0 6 7 4 
7 14 4 0 19 18 0 0 25 12 20 0 11 22 0 0 0 2 0 15 0 1 0 5 0 
22 3 13 0 0 0 1 23 0 0 0 0 0 0 5 20 0 0 6 0 15 0 24 0 0 
17 23 24 20 0 22 19 0 15 0 18 13 0 8 9 1 10 0 0 14 0 0 0 0 0 
6 10 9 15 11 16 0 0 8 0 0 0 1 21 2 24 0 19 0 0 0 20 22 17 0 
5 25 2 18 0 3 14 10 20 24 0 15 7 23 6 4 16 9 0 22 12 0 19 8 0 
0 8 18 0 3 19 0 7 0 0 0 25 16 15 1 13 23 20 0 0 4 11 21 6 0 
0 0 0 14 25 24 21 3 0 0 0 22 0 12 4 17 0 0 16 0 0 0 0 19 0 
0 24 22 10 4 25 20 0 1 13 23 0 17 3 14 0 19 0 7 0 18 0 8 9 15 
19 0 17 0 0 0 0 0 14 0 5 0 0 24 11 0 22 18 0 4 7 0 10 0 0 
0 1 21 11 6 0 0 0 4 8 0 0 2 19 0 0 24 0 0 10 20 22 12 14 0 
