0 0 5 0 0 14 0 2 13 6 16 0 0 0 4 9 25 0 0 8 0 1 24 3 17 
0 17 8 24 0 21 0 7 22 0 1 0 0 10 0 15 0 13 14 3 0 0 0 2 0 
11 0 13 0 3 15 0 0 0 24 0 14 0 12 0 19 1 0 0 0 25 0 0 23 4 
0 9 16 0 19 0 20 0 0 0 25 13 21 0 0 0 24 6 5 23 0 7 0 11 0 
10 1 0 0 4 3 25 19 0 23 7 24 0 9 8 12 17 0 0 11 14 0 0 16 13 
0 4 14 15 24 0 10 0 3 5 19 0 16 6 11 13 22 0 23 0 1 0 0 12 0 
25 18 0 0 0 2 15 6 24 0 0 1 12 0 22 0 3 0 0 10 0 14 0 0 23 
3 13 11 0 0 16 0 4 12 0 15 20 17 25 2 0 5 0 19 18 0 0 0 0 0 
0 19 0 12 5 22 17 13 0 18 0 23 0 0 0 4 8 0 9 0 3 2 16 0 11 
2 8 20 22 1 23 19 21 0 11 0 0 0 13 5 16 14 25 0 12 0 15 17 0 6 
14 0 0 25 0 17 0 0 19 0 0 5 0 0 23 0 0 0 11 0 20 0 0 0 0 
0 0 9 0 22 0 1 0 23 0 12 16 25 3 6 21 7 0 15 14 0 0 0 0 19 
0 0 0 0 0 0 5 22 7 0 21 10 9 0 0 0 0 19 25 0 12 0 2 15 0 
4 0 0 10 0 25 0 0 16 0 11 7 0 17 0 5 2 12 8 13 0 0 1 22 0 
19 15 0 0 13 11 21 0 6 0 0 2 0 24 0 0 0 0 0 0 7 0 0 8 0 
0 0 22 0 18 13 0 20 25 0 0 17 24 0 0 0 0 0 16 0 0 0 0 0 0 
0 16 15 23 0 1 6 0 0 0 10 12 0 0 0 25 0 18 22 0 4 24 7 14 2 
7 20 4 1 0 19 0 9 0 10 22 0 0 0 25 24 12 3 13 15 0 0 0 0 0 
0 25 6 0 10 12 23 18 14 22 13 21 4 0 16 0 9 2 0 0 15 0 3 5 0 
8 5 0 0 9 0 7 0 11 0 0 18 0 15 0 0 19 14 0 0 0 12 25 0 0 
20 0 21 5 7 6 8 0 0 16 3 22 13 2 10 14 0 0 4 25 9 0 12 0 0 
0 10 0 0 0 0 0 0 2 0 0 0 5 18 0 0 13 0 1 22 0 20 14 6 15 
9 14 12 13 17 5 22 11 21 20 0 15 1 8 19 3 18 10 24 0 2 23 4 7 0 
1 6 18 4 2 0 13 14 15 7 20 25 23 0 0 0 0 0 0 19 16 22 0 10 0 
22 24 0 0 0 10 12 0 0 25 14 4 0 16 0 8 0 0 0 0 17 0 11 0 5 
