0 3 5 0 0 7 0 1 8 13 15 10 9 0 0 0 
0 0 0 0 9 5 6 0 0 7 14 0 4 12 0 0 
0 9 0 0 0 0 14 15 0 0 0 6 0 0 0 2 
0 15 0 14 13 10 0 8 2 0 0 9 3 7 5 1 
4 16 9 1 15 13 0 0 12 2 0 0 0 0 8 0 
2 0 0 0 6 9 0 3 0 10 1 7 15 0 4 0 
10 0 7 6 12 0 2 0 0 8 16 0 0 0 0 3 
0 0 0 12 8 11 0 0 0 6 0 0 0 2 0 0 
0 4 10 9 14 0 0 0 6 15 3 13 7 0 0 0 
6 0 0 15 0 0 7 10 9 16 2 12 14 8 0 5 
7 0 0 16 2 0 0 0 14 1 10 0 13 9 0 0 
3 0 14 0 0 16 0 9 0 4 0 8 0 15 0 0 
8 0 0 0 7 2 9 0 0 3 11 0 0 6 0 0 
0 0 0 3 5 14 0 0 0 0 6 2 0 0 10 11 
0 6 0 0 4 0 0 11 15 0 0 1 2 0 7 0 
0 7 2 0 10 15 0 6 0 0 0 5 0 0 0 9 
