0 4 0 0 0 0 0 15 9 13 0 14 0 0 0 6 
8 0 0 0 12 2 0 0 0 0 3 16 0 10 7 0 
0 0 0 16 0 0 0 0 11 0 0 0 15 0 4 0 
15 11 0 0 0 4 8 0 0 0 0 10 3 0 0 0 
13 10 12 6 0 0 15 0 0 0 11 4 9 2 0 7 
9 0 0 11 0 0 2 0 0 0 0 0 0 3 0 0 
7 0 3 0 9 6 0 0 13 2 0 0 0 0 0 15 
4 0 0 0 0 12 11 0 3 0 0 0 0 6 0 0 
14 0 0 0 0 0 9 11 0 12 10 6 0 4 0 0 
16 0 0 5 0 0 12 2 0 0 0 0 0 0 0 0 
0 3 0 12 15 0 13 6 0 0 0 0 0 16 0 0 
0 0 0 2 4 3 14 10 0 0 0 5 12 8 0 11 
2 16 14 0 0 0 0 0 10 0 0 0 5 0 0 0 
0 12 13 0 2 0 0 0 0 9 0 0 8 7 15 3 
0 6 9 4 0 15 0 0 12 5 0 0 10 14 11 0 
0 15 11 8 0 0 7 0 0 0 0 0 0 1 6 0 
