0 0 11 0 0 12 15 0 8 10 2 3 0 5 0 6 
0 0 0 8 0 10 0 0 5 0 0 0 12 7 0 11 
0 0 0 12 0 5 2 11 9 7 4 16 0 14 0 0 
4 14 5 0 0 0 0 0 13 0 0 0 15 0 10 2 
11 9 8 2 0 0 0 5 0 0 7 0 0 0 4 0 
0 0 0 15 0 11 0 1 0 8 16 0 0 9 0 12 
0 3 0 6 16 0 13 8 14 0 0 10 0 1 0 15 
16 12 1 0 0 0 14 4 0 9 0 11 0 0 0 0 
0 0 0 13 8 0 4 7 0 0 0 2 6 11 14 9 
0 0 0 0 0 14 0 0 4 0 0 0 0 0 12 0 
6 11 14 4 5 0 10 2 0 12 0 9 0 0 0 1 
0 8 0 0 12 0 16 6 0 0 0 7 13 0 15 0 
12 5 0 1 9 4 8 13 0 14 3 15 0 0 0 0 
8 4 10 3 2 16 0 12 7 11 6 13 0 0 1 14 
0 0 0 0 3 0 11 0 1 0 10 0 0 0 5 4 
0 7 16 0 14 6 0 0 0 5 0 0 3 0 2 0 
