23 2 0 13 19 0 0 0 0 16 0 0 17 6 0 0 4 11 18 0 25 9 1 0 0 
11 8 22 0 0 12 0 21 0 25 1 0 0 5 0 20 9 0 10 13 0 6 7 0 2 
0 0 0 15 10 23 7 24 9 6 4 0 2 14 0 25 5 3 0 0 12 11 0 13 21 
0 4 5 24 9 0 0 11 2 0 0 13 0 21 0 0 14 1 0 16 18 17 0 0 15 
6 0 0 3 21 0 0 8 1 0 7 0 9 10 11 0 0 0 19 12 4 24 20 0 0 
0 0 0 0 0 16 22 0 0 0 11 9 19 0 24 0 0 0 0 25 1 10 2 20 0 
0 0 0 0 0 0 0 0 24 0 0 23 25 3 20 10 0 16 13 4 0 0 0 0 9 
0 0 2 19 0 10 0 9 11 7 0 21 13 0 0 15 1 0 12 0 0 25 18 0 23 
10 25 0 0 0 15 0 13 14 23 18 17 0 2 16 0 0 24 20 22 0 0 6 4 7 
0 0 0 0 0 6 12 0 21 0 8 14 0 7 10 17 2 0 0 11 0 19 0 0 0 
0 0 11 23 5 18 0 16 0 14 15 6 20 17 0 22 0 0 25 1 8 0 0 9 13 
0 0 0 1 4 21 11 2 0 0 0 0 7 0 0 0 20 13 5 0 10 0 16 0 25 
15 14 18 9 12 17 25 23 13 10 5 0 22 16 0 0 0 4 0 3 6 21 0 0 20 
16 0 8 7 25 1 6 0 0 9 0 0 0 11 0 24 0 0 17 21 0 18 0 0 22 
13 3 0 0 2 0 8 0 0 24 14 0 0 9 12 0 0 6 7 0 0 15 0 0 17 
18 0 0 16 0 2 20 0 6 0 0 0 11 23 9 1 17 0 21 8 0 22 12 5 0 
0 0 12 0 8 24 0 15 16 0 0 0 0 1 0 0 0 0 22 0 0 0 0 0 18 
0 9 3 5 0 4 14 7 22 0 0 0 0 8 0 0 0 0 0 0 23 0 10 0 16 
25 23 0 2 0 8 0 0 0 1 0 4 0 0 3 0 16 5 0 20 15 7 0 0 0 
21 0 14 17 0 0 9 0 0 12 0 20 0 22 2 0 11 23 15 18 19 0 8 6 0 
8 15 0 0 3 9 0 6 0 0 16 0 0 0 0 0 0 0 1 14 22 23 21 11 19 
22 0 17 0 23 5 16 0 25 0 0 3 0 19 6 12 7 21 4 0 20 1 15 0 8 
0 0 1 25 14 11 21 17 0 22 23 0 12 20 4 0 19 18 24 0 7 0 13 0 6 
2 24 0 21 0 0 19 1 23 0 22 11 0 0 5 0 25 20 3 6 0 16 17 12 0 
9 12 19 0 7 0 13 3 0 0 17 1 0 0 8 0 23 22 16 15 0 0 25 0 14 
