0 0 17 0 0 0 3 7 0 0 9 1 25 8 22 0 0 13 23 0 20 0 21 24 18 
0 0 9 24 1 0 13 0 0 12 4 11 17 0 0 20 0 0 0 0 5 0 8 6 7 
20 0 0 22 0 15 1 16 8 21 14 0 3 10 0 9 0 0 0 17 23 25 4 11 12 
0 8 10 5 14 0 18 0 0 0 15 6 23 0 21 0 12 0 0 0 0 0 19 22 0 
6 0 7 21 0 23 4 22 0 17 20 0 0 5 2 0 0 25 0 0 0 9 10 0 14 
1 4 0 0 0 0 0 20 5 18 0 13 0 25 0 0 0 23 12 0 0 17 11 16 0 
17 0 20 25 0 21 0 9 0 10 16 0 0 1 0 13 5 24 0 11 0 0 6 0 0 
0 0 22 0 0 13 0 8 1 0 0 20 24 0 3 25 9 0 0 4 18 5 15 0 0 
24 14 0 15 21 16 0 0 17 3 5 9 0 0 12 0 20 0 6 0 0 13 0 0 1 
13 0 5 0 0 6 14 0 4 25 21 8 11 17 7 22 0 0 16 0 0 0 0 23 0 
0 0 0 0 0 20 16 0 0 0 1 10 0 0 0 0 0 14 0 23 19 0 0 0 0 
21 6 16 0 0 22 15 0 7 0 0 5 0 23 9 0 10 0 13 25 0 0 17 0 0 
0 20 1 23 5 8 17 6 25 19 18 16 2 3 13 24 22 0 0 0 21 0 0 10 11 
0 24 15 0 13 12 5 21 0 0 19 0 0 0 0 0 11 18 1 0 0 23 16 20 25 
8 19 12 0 0 18 23 1 0 0 0 0 20 15 11 21 0 0 9 5 6 0 13 4 3 
0 17 0 4 0 1 0 11 0 20 24 3 5 21 0 0 0 0 0 9 0 19 18 0 0 
18 0 6 0 0 5 9 3 0 0 0 0 0 16 8 0 0 0 24 20 11 14 7 0 13 
0 1 11 8 24 0 0 0 12 6 0 0 14 9 0 0 0 0 21 18 0 0 20 0 22 
16 5 3 0 0 0 21 18 15 0 0 17 4 12 20 0 0 19 0 22 24 10 0 2 9 
15 9 21 13 0 17 0 19 0 16 7 2 18 0 0 0 4 0 10 3 0 6 0 25 5 
0 18 0 20 0 0 0 25 16 2 0 0 9 0 0 0 0 15 0 0 10 0 23 17 4 
5 15 4 11 0 0 0 0 24 0 23 21 0 0 0 17 18 0 2 13 0 20 25 7 6 
0 21 0 1 6 11 0 17 19 0 12 22 13 0 0 0 25 0 0 10 15 0 3 18 8 
22 0 24 17 3 4 6 13 21 0 0 0 8 0 1 23 0 0 19 7 0 11 2 5 16 
0 25 23 16 0 0 0 0 0 1 0 0 7 0 0 4 24 8 22 6 13 0 14 9 0 
