14 15 0 21 0 19 22 0 0 17 25 10 0 0 0 0 0 0 24 0 9 0 0 0 0 
0 0 0 0 11 0 0 0 25 0 0 0 14 21 2 0 15 4 19 6 0 1 0 17 5 
4 9 0 8 7 11 14 0 0 6 12 0 5 13 0 18 16 2 3 21 23 19 22 25 0 
24 5 20 19 0 23 1 15 3 21 6 0 0 0 7 22 0 0 13 0 8 0 4 2 0 
17 0 22 6 0 0 0 0 4 5 19 9 1 0 0 11 10 0 20 12 24 21 0 0 0 
5 0 3 24 0 17 12 0 22 10 0 0 20 0 18 0 4 9 0 2 0 0 0 19 11 
0 14 0 12 6 2 11 0 23 19 0 25 7 0 8 0 0 0 21 0 0 3 0 0 0 
10 0 0 0 0 0 3 0 0 0 0 2 0 4 21 0 0 0 16 0 22 0 0 0 13 
22 0 25 0 0 0 15 13 21 16 3 19 0 17 0 0 0 23 1 10 14 4 0 6 0 
0 8 0 0 16 20 9 6 5 0 0 1 0 22 0 0 19 15 0 0 0 24 10 21 0 
19 24 0 9 0 21 7 18 0 0 8 6 17 0 0 15 0 11 0 0 3 0 16 23 0 
25 0 0 3 8 22 17 10 0 12 16 5 13 15 0 0 21 0 18 1 7 0 0 0 0 
1 0 14 0 0 24 0 3 0 0 2 21 11 0 20 23 6 19 0 0 0 0 0 22 8 
15 0 6 0 0 0 5 19 0 25 0 0 0 7 0 20 0 8 0 16 21 10 1 0 14 
0 16 0 0 0 6 8 23 11 0 24 0 0 19 0 25 14 3 0 0 13 0 9 0 0 
0 21 0 0 14 0 0 5 0 0 7 11 25 0 0 6 17 12 0 18 19 8 20 0 3 
16 0 15 1 0 8 13 0 0 0 21 4 10 18 0 0 0 20 14 9 0 7 2 11 24 
0 7 8 0 0 16 0 0 0 0 5 15 0 0 19 1 24 0 0 11 6 25 18 0 0 
11 19 12 2 18 0 10 20 0 9 1 0 23 0 24 16 3 0 4 15 5 0 13 0 21 
0 0 9 0 24 0 0 11 19 0 14 0 2 12 13 21 5 10 0 8 0 17 0 16 4 
6 4 0 18 23 10 0 9 16 0 0 0 19 5 12 3 7 25 8 20 2 15 14 1 17 
0 0 0 13 1 0 0 2 0 0 0 3 8 0 25 4 23 0 0 14 16 9 0 7 10 
7 0 0 15 19 4 0 1 0 0 0 14 9 0 0 10 0 16 5 0 0 12 21 0 18 
8 10 0 14 3 0 0 17 15 11 0 7 0 23 22 0 0 18 9 0 0 13 24 0 0 
0 20 21 0 2 3 0 0 0 13 18 16 0 0 0 0 0 0 0 17 0 0 25 8 0 
