15 16 18 0 0 0 13 23 0 17 12 19 11 0 2 0 22 0 5 0 9 0 8 10 14 
0 21 12 17 2 8 3 0 16 18 0 1 5 0 0 11 19 20 0 15 0 0 24 0 13 
11 1 14 0 0 2 0 12 0 20 8 0 0 3 10 0 0 25 16 0 0 0 0 0 0 
19 20 0 0 5 0 14 9 7 0 21 22 18 0 25 0 0 0 0 24 12 15 0 16 4 
4 0 7 22 9 0 11 21 0 0 0 14 0 15 16 0 0 6 0 0 0 19 3 23 0 
0 0 22 4 3 0 0 5 6 16 0 25 19 18 20 12 0 13 0 1 11 0 0 9 21 
12 0 0 0 0 0 20 8 22 0 0 0 4 7 11 10 15 2 21 0 0 0 25 0 0 
0 5 10 0 8 0 15 13 0 12 0 17 24 14 1 25 4 0 3 19 6 22 0 0 7 
16 17 21 0 0 0 1 2 0 14 0 23 22 0 0 6 0 0 9 11 0 0 10 0 19 
0 0 19 15 0 4 9 0 0 0 13 0 2 8 6 22 17 0 23 0 14 3 0 0 1 
13 0 15 16 11 0 2 0 17 1 0 18 0 4 0 23 5 21 0 9 3 12 14 22 20 
0 0 3 0 0 5 4 20 0 23 0 2 9 0 12 13 8 14 0 25 0 6 17 11 0 
0 0 0 18 6 25 16 15 12 9 0 20 0 11 0 0 10 0 1 0 13 7 0 0 24 
17 0 2 0 4 22 21 0 3 0 0 5 15 0 0 16 0 0 20 18 0 1 0 19 0 
0 24 20 0 0 0 18 0 0 0 23 0 25 0 0 3 11 7 2 17 15 0 5 4 9 
18 6 16 20 17 0 5 3 0 0 25 0 0 0 7 1 2 10 12 23 22 21 4 15 0 
2 0 1 19 0 0 12 17 23 8 0 0 21 0 0 15 0 9 18 0 20 0 0 25 0 
0 0 0 0 0 0 25 7 0 0 20 0 0 2 0 0 0 0 19 13 10 0 0 24 12 
0 0 0 21 15 0 0 0 13 2 18 6 12 19 0 0 0 0 0 0 23 0 1 7 0 
0 0 0 0 12 0 0 0 0 6 0 10 0 16 15 5 0 24 8 20 0 0 0 18 0 
0 0 0 5 0 0 0 1 0 0 0 13 14 20 23 18 12 4 0 8 21 0 0 0 10 
7 19 0 11 21 0 24 14 2 0 0 0 16 0 18 0 0 3 6 5 4 0 12 0 0 
20 4 0 10 22 0 23 11 21 0 19 0 3 17 0 7 1 0 13 2 25 18 0 0 6 
1 0 9 2 16 13 6 18 25 3 0 0 7 0 0 0 0 17 22 0 24 0 0 0 0 
3 14 0 13 18 0 0 0 0 0 1 0 0 0 22 24 0 16 25 21 0 17 0 0 0 
