0 0 9 13 0 0 0 0 4 0 0 16 8 11 0 0 
0 0 4 5 13 0 0 6 7 14 8 15 0 12 1 10 
11 0 10 0 0 0 0 4 13 0 3 0 6 7 0 0 
8 0 6 0 0 0 16 9 11 12 1 0 13 5 4 0 
3 5 15 7 1 16 0 12 0 8 13 0 4 14 0 6 
0 0 1 0 9 0 4 7 12 0 6 0 0 8 0 0 
9 0 2 8 0 13 0 3 5 15 0 0 0 0 0 7 
12 11 0 0 6 8 0 0 0 0 0 1 2 0 15 0 
0 8 3 0 0 0 7 13 15 0 0 0 0 0 11 12 
0 13 0 1 12 10 9 8 0 0 4 0 3 15 0 5 
0 9 0 16 0 1 11 15 6 0 5 12 0 0 0 0 
10 15 5 12 0 3 6 2 8 11 0 13 7 4 0 0 
1 7 14 0 0 0 0 11 2 0 15 0 0 0 10 16 
0 0 8 0 3 0 0 10 0 0 16 0 0 1 0 0 
0 0 0 0 7 0 0 0 0 0 0 3 0 0 0 4 
0 3 12 0 0 0 0 0 0 0 11 8 0 0 0 9 
