4 1 0 15 0 14 0 0 16 3 0 9 5 11 12 0 20 0 0 0 0 2 25 0 24 
0 17 0 0 0 0 5 1 0 18 0 0 0 24 0 0 0 11 14 22 12 3 0 15 4 
14 11 10 2 5 4 0 0 0 0 13 18 0 0 1 9 0 0 24 23 0 17 0 7 8 
3 24 0 0 16 0 25 0 0 11 0 0 23 2 0 0 0 4 1 0 20 0 0 0 0 
0 13 0 0 25 22 6 17 24 23 20 0 4 0 0 0 3 2 21 0 5 1 10 11 9 
9 3 22 17 0 23 24 0 5 8 21 0 0 0 6 11 0 13 20 0 0 0 2 14 12 
13 0 7 5 12 6 14 0 4 0 0 0 0 17 0 18 16 0 9 25 24 23 21 0 11 
0 23 15 25 21 1 0 13 17 0 0 12 0 0 18 19 0 14 0 24 0 0 0 0 10 
0 0 11 0 0 0 10 7 20 0 24 23 0 4 15 5 0 12 0 21 3 6 17 13 1 
1 10 0 0 2 11 3 12 0 21 0 22 14 7 13 17 0 15 0 0 18 16 19 20 0 
0 2 0 0 17 25 13 21 12 0 22 24 0 0 0 0 0 0 0 0 0 15 1 0 0 
0 6 0 21 3 0 0 0 0 0 0 15 0 0 5 22 12 25 0 20 0 0 0 0 13 
25 19 0 11 8 0 9 6 0 24 23 0 12 14 0 0 0 3 4 0 22 0 18 0 0 
0 9 12 22 0 0 4 0 23 0 3 0 18 6 0 0 17 0 10 0 2 8 0 0 0 
15 4 14 0 0 2 22 3 11 7 25 0 0 1 19 0 9 0 0 13 0 12 0 5 17 
0 7 0 0 23 20 11 0 0 12 4 1 0 15 16 25 0 0 6 3 8 0 9 0 0 
16 18 0 13 0 7 0 2 0 0 9 5 20 3 0 0 0 22 0 0 0 24 11 17 15 
24 22 0 0 0 0 0 0 25 0 6 2 7 0 11 0 0 0 13 15 0 18 0 21 0 
21 0 2 6 0 10 0 0 8 0 17 14 22 19 0 20 0 0 11 0 4 0 3 0 5 
11 5 3 12 0 0 15 23 22 16 18 21 0 0 0 2 0 9 17 19 0 7 0 1 0 
17 0 0 0 6 0 2 0 0 0 0 0 25 18 21 0 0 20 7 0 23 0 4 8 22 
19 14 13 4 0 0 0 0 0 0 16 0 0 0 9 0 2 0 22 17 0 0 0 0 20 
0 0 20 0 9 17 23 11 18 0 7 6 1 22 0 0 0 19 0 14 0 25 15 0 16 
0 0 23 3 24 0 0 22 15 0 10 4 19 13 20 0 11 8 25 9 17 14 0 6 18 
0 16 0 0 0 0 20 0 0 0 14 8 17 23 24 0 0 21 15 0 1 0 5 2 19 
