16 12 0 0 0 13 15 0 2 0 8 9 0 5 0 1 
0 10 0 0 9 2 0 0 5 0 11 12 0 0 6 15 
4 11 5 0 0 0 7 6 15 1 3 0 0 13 16 0 
0 14 3 15 10 0 0 0 0 0 0 0 11 0 0 8 
0 0 12 4 15 0 1 10 7 0 14 13 8 0 0 0 
0 0 0 0 12 0 0 0 16 9 0 11 0 0 0 0 
5 8 7 6 11 9 0 16 0 12 4 0 15 0 0 0 
0 0 2 0 13 4 0 0 6 8 0 0 1 9 11 12 
0 0 0 0 0 0 0 0 0 0 0 6 0 1 8 0 
8 0 14 12 6 10 5 13 1 16 9 0 4 11 0 0 
0 0 0 0 0 0 11 0 8 0 0 0 14 0 9 0 
0 4 11 3 0 8 12 0 0 0 0 2 0 0 0 0 
0 0 0 9 0 0 10 12 0 14 0 0 5 8 0 13 
12 1 0 0 0 0 13 2 0 0 0 8 16 7 14 11 
14 6 13 0 5 16 8 15 12 0 0 3 9 4 1 10 
0 5 16 8 0 0 0 0 0 13 1 0 0 0 15 3 
