13 0 0 0 25 0 0 8 0 16 0 0 0 18 0 23 0 22 0 0 4 20 15 0 2 
0 10 0 14 17 0 23 22 12 0 0 0 20 0 0 13 15 5 0 1 0 0 0 19 0 
0 24 0 21 4 15 1 20 25 6 0 13 0 0 2 16 9 0 0 8 5 0 3 0 12 
0 0 23 0 3 0 9 0 0 13 8 0 16 12 4 11 0 0 10 19 17 0 0 25 0 
9 8 16 0 1 0 0 0 0 18 0 19 3 5 0 20 2 12 21 25 23 0 13 24 22 
0 22 8 0 0 17 24 1 2 0 0 0 4 13 0 6 12 16 0 0 0 15 25 0 18 
23 3 24 16 2 0 7 0 22 15 0 0 0 9 5 1 0 11 0 0 0 21 0 0 0 
21 4 0 0 6 5 0 18 13 0 0 0 0 2 19 22 0 0 0 0 0 17 9 11 3 
0 14 0 25 0 12 0 0 19 0 22 0 8 3 17 0 20 13 2 0 0 6 4 0 24 
0 13 0 0 0 0 0 3 14 9 15 23 0 20 0 0 24 4 25 0 0 2 5 0 7 
24 15 22 0 0 0 5 0 0 3 0 1 6 11 0 12 10 19 0 4 0 0 0 0 0 
2 0 0 0 0 11 0 0 0 0 0 0 19 0 12 0 16 1 24 0 20 9 0 7 0 
1 20 0 0 12 0 13 9 0 24 4 21 17 8 15 0 5 25 0 23 11 0 10 2 19 
0 17 21 0 10 14 0 15 0 22 0 3 23 24 16 18 11 0 0 9 0 0 12 1 0 
25 0 9 23 16 18 12 19 0 0 2 0 7 10 0 8 0 21 0 17 0 0 0 0 0 
0 21 0 17 7 0 3 14 0 8 0 24 12 0 23 25 0 0 0 0 15 22 2 0 0 
0 1 18 0 8 13 0 17 24 19 5 4 0 6 0 0 0 20 14 16 3 10 0 12 0 
0 2 19 0 23 0 15 0 0 5 17 20 21 0 0 0 0 6 18 11 0 0 24 0 14 
14 0 0 0 20 0 0 0 0 7 0 11 0 15 0 0 0 17 0 0 0 0 0 8 23 
4 25 5 10 0 0 0 12 0 23 7 2 0 1 0 24 8 3 15 0 21 19 0 6 16 
8 0 0 4 24 0 0 5 0 1 6 12 0 21 0 2 22 14 16 13 0 0 11 15 9 
17 0 0 0 0 0 4 24 18 0 1 8 15 25 11 5 0 23 0 6 0 16 22 14 0 
11 16 14 3 21 0 6 13 15 0 23 7 0 22 24 9 18 10 8 12 0 0 0 4 17 
0 18 0 0 15 10 22 11 9 12 0 16 0 0 0 0 0 0 1 24 13 23 0 5 21 
0 23 0 0 0 21 8 0 0 14 13 0 0 0 0 0 19 15 0 0 24 12 0 18 0 
