0 15 5 0 3 10 12 0 0 0 0 0 9 0 0 8 
0 13 0 1 0 4 0 0 0 8 0 0 0 5 15 14 
0 11 8 4 0 0 7 9 0 0 10 0 0 16 6 3 
0 7 0 0 0 0 2 0 0 0 11 0 0 0 0 1 
0 0 13 2 14 6 8 0 9 0 4 12 0 0 1 15 
3 14 0 0 0 16 15 0 0 7 8 1 0 13 0 0 
0 12 4 8 9 0 0 10 0 0 16 0 0 7 0 0 
5 0 0 11 7 3 1 12 10 6 13 14 0 2 4 16 
15 8 11 0 0 1 9 14 7 5 0 0 0 3 2 0 
0 0 16 3 6 7 0 5 0 0 0 0 0 0 0 0 
0 10 0 0 0 12 3 16 0 0 0 0 14 0 11 0 
14 1 12 5 15 0 11 0 16 0 0 0 10 0 0 0 
0 3 2 0 0 0 6 7 8 0 0 11 1 14 16 10 
16 4 10 15 1 11 0 0 0 0 14 0 0 9 0 7 
0 6 0 0 12 0 14 0 3 0 9 16 13 0 0 2 
0 5 0 0 16 0 10 0 0 1 0 0 11 0 0 0 
