0 11 8 0 12 7 0 0 0 15 0 2 0 0 13 3 0 0 0 0 25 0 0 18 0 
6 0 16 4 0 10 20 3 0 0 8 19 0 18 0 0 0 0 9 21 0 0 12 14 0 
2 17 0 0 0 0 0 0 13 24 10 0 0 0 0 0 12 20 11 6 19 4 5 1 0 
19 20 14 9 15 0 25 0 16 18 0 0 0 24 0 0 2 0 4 1 6 17 0 0 0 
18 0 25 5 1 4 17 0 0 21 0 22 12 20 6 7 19 8 0 23 0 0 0 10 0 
0 9 23 0 13 25 21 0 0 0 0 14 8 12 0 0 5 0 0 2 16 0 10 0 6 
17 0 22 16 0 13 0 19 20 1 0 0 0 2 0 11 0 0 12 3 5 9 7 0 15 
0 15 0 0 10 2 11 9 0 5 0 13 16 0 22 14 0 21 0 0 0 19 20 25 8 
0 0 2 7 0 0 24 4 10 17 19 0 5 0 18 0 20 9 22 0 0 1 14 0 13 
25 5 12 0 0 18 0 0 0 0 1 0 7 0 0 13 0 24 0 10 21 0 17 11 2 
21 19 5 15 4 17 0 6 0 0 18 0 2 25 0 20 16 14 0 8 11 13 0 0 12 
0 22 13 11 18 14 0 0 0 4 16 0 10 0 0 6 15 23 0 24 0 2 0 5 0 
0 10 24 17 0 0 18 16 0 8 6 0 13 0 14 4 0 0 0 11 0 0 0 7 25 
0 0 0 23 0 5 13 15 0 11 0 24 0 0 20 0 21 0 19 18 4 8 0 6 0 
0 0 6 0 25 0 0 21 2 7 0 9 23 0 0 0 0 13 5 12 0 24 18 19 14 
11 14 9 0 0 0 4 25 0 13 0 18 22 16 23 21 3 10 0 19 7 6 0 0 24 
0 0 20 0 0 6 0 0 3 14 0 7 25 0 24 0 0 4 0 0 0 5 15 0 19 
0 3 15 0 0 0 0 0 22 0 0 0 0 0 0 9 0 25 8 0 0 0 11 21 0 
22 0 0 0 0 8 0 0 21 23 9 3 0 19 5 0 0 0 0 0 10 12 0 0 0 
4 6 0 19 5 0 9 7 18 12 13 0 0 10 8 16 0 15 20 14 0 0 0 3 0 
14 4 0 24 0 11 5 0 1 0 7 0 0 13 15 0 22 0 0 17 8 25 6 2 0 
8 0 11 0 0 23 3 0 17 16 0 0 0 21 1 0 0 7 0 20 18 10 19 15 4 
0 12 0 25 0 21 7 13 0 20 14 0 24 0 2 0 0 1 0 0 23 3 22 0 5 
5 0 0 21 22 15 0 18 14 0 20 0 0 23 10 24 6 16 3 0 9 11 0 12 0 
15 0 10 1 20 19 0 0 0 22 17 0 3 11 25 0 0 18 0 9 0 7 24 0 21 
