12 0 0 2 10 14 11 0 0 0 5 1 0 0 16 0 
14 0 0 16 0 0 0 1 3 2 0 12 4 10 5 0 
5 0 8 0 12 7 0 0 0 0 0 11 13 2 14 0 
13 0 11 0 3 6 0 2 0 14 0 0 8 0 1 7 
0 0 0 0 0 0 0 0 0 0 0 0 10 16 3 4 
16 0 2 0 14 15 10 13 0 3 0 0 0 0 0 0 
0 1 0 0 4 11 6 0 0 9 0 0 7 13 0 0 
4 10 0 8 0 12 0 3 2 0 1 13 0 0 15 0 
0 11 16 0 0 10 14 0 13 0 6 0 0 0 0 3 
2 8 0 7 9 0 13 11 12 1 3 4 0 0 0 0 
6 15 0 4 2 1 3 0 0 0 0 0 12 14 0 0 
0 0 1 0 0 0 0 6 8 0 2 14 9 11 0 16 
8 14 0 12 13 0 1 0 11 16 0 3 0 9 10 5 
0 0 3 15 11 0 0 0 0 4 13 6 14 0 12 1 
10 16 0 11 0 9 8 14 0 0 0 0 0 4 13 0 
0 0 0 0 0 0 0 15 14 0 0 0 16 0 0 2 
