0 0 0 0 0 0 0 0 0 0 0 15 9 4 0 0 
15 0 4 3 0 0 8 12 13 0 0 0 5 0 0 16 
0 0 0 0 4 13 0 0 0 10 1 16 0 0 3 6 
0 10 0 0 0 0 3 14 11 0 7 12 0 0 1 13 
0 0 14 0 13 11 0 0 0 2 12 0 0 0 0 0 
0 12 13 16 3 0 6 9 8 5 4 11 0 0 0 0 
0 2 0 0 14 0 0 0 6 0 15 13 1 0 0 0 
0 0 6 0 0 8 0 0 0 3 9 0 0 7 13 0 
0 6 0 13 5 0 10 11 15 12 0 3 0 0 0 1 
0 0 1 11 0 12 13 2 16 0 0 4 8 3 6 10 
0 5 7 0 9 3 0 0 2 11 8 6 14 13 16 0 
16 4 3 0 0 0 7 0 9 13 10 1 0 0 5 2 
11 13 0 1 8 0 9 0 3 0 0 5 0 12 0 0 
4 16 0 2 12 15 11 0 0 14 6 0 0 1 0 0 
12 0 9 6 0 0 16 3 0 1 0 8 13 0 2 0 
3 0 0 0 0 0 14 0 12 9 13 0 6 0 0 0 
