0 14 21 9 1 23 2 8 10 4 0 0 15 0 0 0 19 20 0 0 0 0 7 13 11 
0 11 0 19 0 0 7 0 0 25 0 13 14 0 0 0 3 9 0 0 1 16 4 0 18 
0 0 23 0 6 0 5 0 0 3 9 0 0 0 21 8 12 0 1 11 15 0 20 0 17 
0 0 0 0 18 0 13 14 9 0 0 11 0 3 0 0 0 5 7 0 10 0 0 25 8 
24 0 0 10 8 0 0 21 0 0 12 1 20 25 0 13 0 14 0 23 6 5 2 0 9 
1 8 0 21 15 4 0 0 20 5 2 9 0 0 23 10 0 3 0 0 17 0 0 0 0 
11 4 0 0 0 0 8 2 0 16 1 0 25 0 10 7 0 0 9 0 0 0 0 0 23 
10 0 0 0 9 0 14 13 18 0 21 0 0 20 3 0 8 0 0 0 0 0 0 11 0 
0 0 0 0 23 22 1 6 0 21 5 0 17 0 18 0 16 0 0 4 13 12 9 0 0 
17 7 0 0 2 0 3 9 23 10 0 0 11 13 6 0 0 0 18 25 5 1 0 8 0 
15 9 0 0 16 0 0 25 19 0 14 2 0 17 0 0 6 24 8 0 7 0 23 12 13 
0 23 5 1 4 0 0 24 0 0 0 16 0 0 0 18 10 15 13 21 3 17 0 20 2 
18 20 10 0 0 17 12 3 22 0 7 8 0 0 19 9 2 0 23 16 0 25 24 0 0 
0 0 0 17 7 0 16 0 5 2 0 24 0 6 11 0 0 25 0 12 0 0 18 15 0 
2 12 25 24 0 0 0 0 13 14 0 18 3 5 20 22 7 0 0 19 0 8 0 0 0 
0 5 13 8 0 0 0 12 21 0 20 3 0 22 25 0 0 0 24 0 2 11 1 0 6 
9 1 14 0 0 10 0 19 0 0 0 0 21 2 12 23 0 6 3 0 0 0 16 0 0 
4 2 7 15 24 25 0 18 0 0 0 19 9 16 0 1 17 8 22 10 21 0 0 0 3 
22 16 0 0 0 0 0 0 1 0 0 4 0 14 0 0 11 21 0 20 18 9 0 0 7 
0 0 17 18 3 0 0 0 0 0 8 23 0 15 0 0 9 16 14 13 24 20 0 0 0 
8 10 0 23 21 11 19 17 6 0 13 0 0 9 15 0 0 2 4 3 0 18 5 0 22 
0 18 0 0 19 1 0 15 8 24 3 0 5 10 0 0 0 12 11 0 23 7 13 2 20 
0 22 11 16 0 0 21 10 0 23 18 0 0 24 14 6 1 0 0 0 0 15 0 0 0 
0 3 0 0 13 5 18 7 4 0 19 17 12 11 0 16 0 10 21 15 25 6 8 0 24 
0 0 15 2 12 14 25 0 0 20 23 6 8 0 0 5 18 13 0 0 4 10 11 17 0 
