0 22 17 0 11 20 21 18 7 0 23 0 1 0 25 2 13 0 0 0 8 9 0 0 0 
16 0 6 0 0 0 4 0 17 3 0 0 2 8 18 23 0 10 11 0 25 14 22 0 21 
0 0 0 8 0 2 19 0 24 0 12 11 0 22 3 4 0 21 0 5 0 0 0 0 0 
3 24 18 7 4 0 25 23 22 5 21 20 0 0 0 17 0 14 19 1 13 0 11 12 15 
0 12 0 21 20 11 1 0 8 10 5 14 0 19 0 0 0 7 25 0 0 17 6 0 0 
0 17 3 0 2 0 14 0 0 16 0 0 5 11 0 0 0 20 7 21 19 24 9 22 25 
0 0 0 11 0 7 0 0 3 0 0 0 14 0 0 8 4 0 0 17 21 12 15 20 23 
6 14 21 10 0 18 9 17 13 0 0 15 4 0 0 0 0 0 1 12 11 7 3 0 8 
0 13 0 22 7 19 0 8 1 0 25 0 0 0 21 24 0 0 3 0 14 16 2 0 10 
0 0 0 16 8 0 0 25 21 0 3 0 0 23 0 11 0 0 14 2 0 0 13 0 0 
8 0 13 0 18 0 24 0 0 7 4 0 3 25 0 0 0 16 0 9 0 0 12 17 11 
2 11 0 19 0 0 0 0 0 0 18 0 8 0 14 0 0 15 17 0 5 1 4 25 0 
22 23 20 0 0 25 3 0 4 0 19 0 0 13 0 5 0 11 2 0 0 15 0 18 16 
7 0 10 0 14 1 0 9 5 17 24 12 16 20 11 0 0 0 8 23 22 0 21 6 2 
0 0 0 0 24 16 0 11 14 20 15 2 22 21 0 12 1 13 0 4 23 8 19 7 0 
14 3 23 5 6 8 0 0 0 18 20 0 19 15 2 10 25 9 0 0 0 21 16 0 17 
0 0 25 13 0 6 5 0 0 23 0 3 0 0 9 0 0 0 21 18 0 0 0 14 0 
9 10 0 18 1 0 0 0 0 22 0 23 21 0 5 19 0 0 20 16 0 25 8 15 13 
0 0 22 24 0 0 0 0 9 0 14 7 0 1 13 0 0 23 0 11 3 18 5 10 4 
0 20 0 2 19 0 0 10 0 21 0 8 18 0 24 15 0 17 5 0 0 11 0 0 6 
10 0 0 25 0 0 6 7 18 12 0 0 0 3 0 21 11 0 0 8 0 5 24 2 1 
0 0 8 20 16 0 17 0 0 0 0 0 24 6 0 7 0 2 0 14 9 0 25 11 12 
11 7 0 15 0 0 0 0 0 0 0 25 13 0 12 16 17 6 22 0 0 0 18 21 14 
0 2 1 0 21 0 0 0 19 0 11 0 23 0 8 9 12 3 24 0 0 0 7 0 0 
24 0 0 23 0 0 0 0 16 9 2 10 0 0 0 18 0 1 0 0 0 3 17 0 0 
