0 13 5 4 0 0 8 15 0 9 3 0 0 0 14 1 
12 0 2 0 0 16 0 0 0 15 0 0 0 0 0 0 
16 3 1 0 0 2 4 0 8 0 0 0 15 11 9 13 
9 10 15 8 3 0 0 5 0 1 13 0 2 0 0 0 
0 4 0 0 14 0 15 12 0 0 8 11 5 0 0 6 
1 0 0 15 7 4 0 0 0 0 0 13 0 0 0 0 
0 0 0 9 11 0 0 6 7 4 0 0 0 0 10 0 
0 11 6 7 16 0 9 0 1 2 15 0 0 3 0 0 
0 2 12 16 0 0 6 11 0 10 9 1 0 0 8 0 
0 9 4 0 13 12 0 14 0 16 0 3 0 0 1 0 
0 15 0 14 8 0 0 1 2 13 4 0 0 0 16 11 
6 5 11 0 0 0 16 0 0 7 0 8 0 0 0 3 
0 6 0 0 15 0 0 16 3 0 0 10 0 14 0 0 
15 7 0 5 0 0 12 0 0 14 0 0 0 0 0 9 
14 1 0 3 6 0 2 4 12 5 0 0 13 16 0 0 
0 16 9 12 5 7 14 3 13 8 0 0 1 0 2 0 
