0 0 0 11 2 7 0 16 9 0 10 5 0 0 1 0 
2 16 4 9 0 12 10 13 1 0 14 0 0 8 0 0 
0 12 0 13 0 5 11 0 0 0 15 0 10 0 0 0 
5 0 0 1 0 0 6 3 11 0 0 8 0 0 0 0 
9 6 5 14 0 0 15 0 0 0 0 0 2 0 0 4 
13 1 0 0 0 3 0 14 5 6 11 0 9 10 0 0 
4 0 0 0 0 6 0 0 0 0 0 9 14 1 15 0 
3 8 7 2 9 0 0 0 0 14 13 4 6 5 16 12 
10 0 0 0 0 0 0 0 7 0 3 0 0 12 9 0 
6 13 0 12 0 1 7 0 0 0 9 11 16 0 5 8 
0 14 8 3 0 15 0 5 16 0 0 1 11 0 6 2 
0 9 0 0 0 14 0 12 6 0 0 13 0 3 0 0 
0 0 14 7 6 0 12 8 0 9 0 15 5 2 10 0 
0 0 13 0 0 16 14 0 0 0 0 0 0 0 0 0 
0 2 0 8 0 0 0 11 14 0 6 0 3 15 0 9 
0 0 9 0 7 2 0 15 8 11 0 12 0 6 13 14 
