7 0 6 15 16 13 12 0 0 0 8 9 3 14 2 0 
0 16 0 0 9 0 1 0 0 0 3 0 6 15 0 7 
13 0 9 3 0 14 0 0 7 15 6 0 11 5 1 0 
1 0 12 0 3 0 15 0 0 0 0 10 13 16 9 0 
0 6 15 0 0 0 0 0 0 3 10 4 12 0 7 0 
14 7 0 4 11 10 0 0 12 0 0 1 0 2 8 15 
0 0 3 1 4 0 0 6 13 0 0 0 14 0 0 0 
10 9 0 0 12 0 0 8 15 0 0 11 1 0 0 0 
0 14 1 13 0 0 5 0 16 0 4 0 8 0 15 11 
8 0 2 0 6 4 0 0 9 0 1 0 0 0 0 0 
0 10 4 0 0 16 7 14 0 8 0 15 0 9 5 6 
3 15 7 0 8 0 0 0 0 0 12 0 0 0 0 0 
15 0 0 7 0 2 0 0 8 0 14 0 0 0 6 5 
0 13 8 0 0 3 9 1 0 0 11 0 15 10 0 2 
4 0 5 0 15 0 6 16 10 9 2 0 0 0 0 1 
0 0 10 0 14 5 8 0 0 0 0 7 0 0 0 0 
