5 15 10 16 11 6 0 0 9 0 7 0 1 0 8 13 
0 4 3 13 5 0 0 15 0 0 0 0 7 10 6 9 
11 0 0 0 0 0 1 3 8 4 0 0 0 0 0 0 
0 8 0 14 0 9 7 0 0 0 3 0 0 0 2 11 
0 0 8 0 0 0 15 12 10 0 16 9 0 7 4 1 
0 0 0 4 10 8 0 11 12 0 0 1 16 5 0 2 
3 0 0 1 6 4 0 16 0 0 0 0 0 9 10 0 
0 16 15 0 0 0 0 0 0 3 0 0 0 13 0 0 
6 0 0 0 14 5 0 0 0 0 0 0 2 4 12 0 
0 13 5 3 4 0 0 10 6 2 1 11 0 8 7 0 
9 0 0 2 0 11 3 6 0 5 0 7 13 0 15 0 
4 0 1 0 0 0 16 2 3 0 0 0 11 0 0 0 
16 0 2 11 0 14 10 9 0 15 8 0 0 0 13 4 
15 5 0 0 0 0 0 0 7 16 0 13 0 11 1 8 
0 6 0 12 0 0 11 5 0 9 0 0 15 0 14 0 
7 3 0 0 0 16 6 0 0 0 0 14 12 2 9 0 
