0 19 0 16 25 6 21 22 14 0 0 23 1 0 24 3 0 12 13 7 0 0 0 0 9 
23 0 2 5 0 4 10 0 3 1 19 0 0 22 6 0 14 0 0 16 0 18 11 0 0 
0 1 7 0 0 8 9 0 13 25 3 0 4 11 0 0 6 2 21 0 0 14 0 0 12 
0 0 14 3 8 0 0 18 0 15 0 0 16 7 12 0 0 17 20 22 0 25 0 0 1 
15 0 9 0 0 0 16 0 11 0 0 25 17 0 20 0 5 4 0 8 2 22 0 3 0 
0 0 0 0 16 0 0 2 8 0 0 20 0 0 0 15 7 0 0 25 0 1 0 0 4 
12 13 4 0 18 21 19 0 0 14 1 0 0 25 0 10 20 8 0 3 24 0 0 15 2 
25 0 15 7 1 20 0 0 24 23 22 5 10 0 0 0 0 0 0 17 16 13 0 0 14 
9 5 0 0 22 0 0 0 15 7 4 0 0 0 23 14 0 11 12 0 0 0 0 0 17 
21 24 11 0 0 0 12 0 0 0 15 17 18 13 14 0 2 0 16 0 25 3 7 23 22 
13 0 0 0 3 0 15 0 25 0 12 18 7 0 1 23 19 0 0 20 0 0 2 0 16 
18 0 5 17 12 13 14 6 22 16 25 8 0 24 0 1 4 10 0 0 20 23 19 0 11 
0 4 25 15 14 0 20 0 0 2 16 0 0 0 10 12 18 13 24 11 0 0 1 0 0 
0 0 0 0 0 3 17 0 0 19 0 6 11 0 0 22 15 0 9 0 10 0 14 18 0 
0 20 0 0 0 18 4 21 1 0 5 0 19 0 2 0 25 0 8 6 13 7 12 0 15 
17 0 0 20 13 0 2 9 0 8 0 24 0 1 22 0 0 0 0 0 7 12 0 21 19 
8 0 0 0 6 0 0 10 0 4 18 7 5 0 0 0 16 22 0 13 14 11 0 0 0 
11 0 1 12 0 0 22 13 0 20 6 21 0 4 16 17 8 15 0 2 3 0 0 25 0 
16 0 0 25 7 17 0 0 0 5 8 0 20 0 13 11 21 9 0 0 18 0 4 22 10 
0 0 23 0 0 16 0 1 21 0 17 2 9 14 0 7 24 0 18 12 15 0 8 13 0 
1 25 0 4 15 22 0 19 23 9 11 0 14 2 0 8 17 0 5 10 0 0 0 0 18 
7 0 0 18 0 0 6 15 17 0 9 0 0 0 3 13 1 0 11 0 0 19 0 0 5 
0 0 19 0 11 25 0 14 5 10 0 0 13 0 17 0 12 0 7 0 4 0 3 24 0 
2 21 0 10 5 0 0 11 20 0 23 15 24 0 19 4 0 16 0 9 1 17 22 0 0 
0 17 12 14 0 0 0 0 4 0 7 0 0 0 18 0 0 21 0 15 0 0 23 0 20 
