16 22 0 8 0 0 1 14 21 10 11 2 0 15 0 19 0 7 0 0 17 0 0 13 23 
0 0 7 9 0 18 0 20 11 8 0 0 0 12 0 0 22 23 1 0 14 6 4 15 16 
20 0 5 24 0 15 22 0 0 0 1 14 17 0 0 6 0 0 0 2 18 10 9 11 7 
0 14 23 15 0 0 19 0 12 3 0 20 22 25 13 4 10 0 24 0 5 2 0 0 1 
0 21 1 11 0 0 0 5 0 0 0 7 8 0 10 14 15 0 13 0 0 19 25 0 0 
6 20 0 22 0 13 0 21 0 12 24 8 0 23 0 0 2 1 15 0 9 0 3 0 18 
19 7 16 3 0 20 0 0 5 0 0 0 0 21 18 0 0 0 6 0 22 0 0 0 0 
12 0 9 0 0 6 14 0 24 16 20 11 1 3 0 22 17 18 23 0 10 0 2 0 0 
0 0 0 21 0 22 0 0 9 19 10 0 0 0 17 0 0 3 0 20 6 14 0 0 0 
18 1 10 0 0 0 0 2 0 0 22 15 0 6 0 12 0 13 0 9 8 20 0 0 24 
11 15 2 5 10 24 4 6 13 0 3 25 0 7 12 0 1 8 0 22 19 0 0 0 20 
3 8 14 25 22 0 16 19 0 11 2 0 13 20 0 23 24 5 0 12 0 1 0 9 0 
0 23 24 0 0 12 0 25 15 9 8 0 0 22 0 2 0 14 4 13 11 18 0 6 10 
9 13 0 18 21 23 7 0 1 5 0 16 0 0 0 0 3 0 10 15 0 8 0 24 2 
0 0 0 0 0 14 0 0 8 0 0 0 10 0 0 0 7 25 11 21 0 12 23 22 13 
0 0 17 0 0 0 0 0 0 14 0 0 0 0 0 0 18 0 20 0 0 5 0 0 0 
14 9 0 12 0 0 21 10 20 0 0 22 18 1 2 3 5 11 25 0 23 4 0 7 8 
13 5 22 19 0 0 0 3 0 15 0 0 0 17 4 7 9 2 0 23 0 0 14 0 21 
0 6 20 0 7 17 5 0 0 22 14 0 0 0 23 0 0 16 0 1 0 11 0 2 3 
0 0 0 0 16 0 11 24 2 0 0 3 0 5 0 13 0 0 22 14 0 9 0 0 17 
0 17 3 1 0 5 23 16 22 0 0 6 0 10 21 9 11 0 0 8 13 25 0 0 19 
0 0 0 0 0 3 0 12 19 0 17 0 0 2 0 0 0 20 0 7 0 23 24 0 14 
24 0 0 7 12 2 0 0 6 18 4 23 0 14 22 0 13 0 16 5 21 17 8 3 0 
0 0 0 0 9 0 0 17 14 0 18 12 16 19 8 25 23 0 2 3 4 15 7 0 6 
0 16 0 6 0 7 8 1 4 21 0 0 0 0 3 0 0 17 0 0 0 0 20 10 0 
