0 0 0 14 1 4 9 0 15 10 0 2 11 16 0 0 
4 10 5 6 0 7 8 16 0 0 14 0 9 15 0 12 
0 0 0 0 13 0 6 0 12 0 0 0 10 0 0 0 
8 0 12 0 10 0 0 11 0 13 0 5 0 4 0 0 
9 2 0 1 0 0 0 4 0 0 11 0 0 7 0 0 
12 16 0 0 0 10 11 0 0 5 7 0 1 2 0 0 
0 0 11 3 7 8 1 15 0 6 2 0 16 0 0 10 
14 0 13 7 0 9 16 2 10 0 0 1 0 0 0 0 
15 0 2 8 12 0 0 0 6 14 0 0 0 0 0 13 
0 0 1 0 4 6 0 10 0 11 0 0 0 0 0 8 
16 0 4 0 0 11 15 0 13 7 1 0 0 6 10 0 
6 14 0 0 8 5 0 0 0 0 0 0 7 0 12 0 
7 0 0 9 11 0 4 14 0 0 13 0 5 3 0 15 
0 13 0 4 9 2 0 0 5 0 0 7 0 10 0 14 
10 0 14 2 0 1 5 7 11 8 0 0 6 0 0 0 
11 15 3 0 16 0 10 8 0 0 4 0 12 1 0 0 
