14 9 7 0 15 8 0 10 11 6 0 2 3 0 1 4 
10 0 0 4 0 3 0 0 0 0 8 0 0 6 0 0 
2 3 0 11 4 1 0 9 0 0 10 5 15 0 0 0 
0 15 0 1 0 0 5 2 0 0 0 0 11 0 0 0 
13 4 9 3 16 0 14 12 5 7 0 11 0 0 15 2 
0 0 16 0 2 0 0 0 0 4 0 0 0 0 12 0 
5 11 0 0 1 0 8 0 0 0 2 0 0 14 6 16 
8 0 14 0 0 0 10 0 0 0 13 6 1 0 0 3 
7 0 0 15 0 2 0 0 16 10 0 0 13 1 0 0 
4 0 13 0 0 7 1 6 0 0 9 15 0 16 0 10 
9 0 1 0 3 0 4 14 0 13 11 12 0 0 0 0 
0 0 12 0 9 0 15 0 0 0 6 0 4 3 0 5 
0 14 11 5 0 0 2 4 8 0 3 0 16 0 0 7 
12 13 0 7 8 0 9 1 0 5 0 0 14 0 3 6 
1 8 2 0 14 11 0 3 6 0 0 16 0 0 0 13 
3 16 0 0 0 0 0 5 14 0 0 0 10 0 0 0 
