0 18 13 1 3 0 24 0 0 0 0 11 0 19 0 0 4 6 0 22 0 0 23 0 8 
2 16 0 8 6 19 4 0 11 7 13 23 0 5 18 0 0 17 21 1 22 15 3 0 10 
0 5 21 0 0 3 6 23 22 9 0 0 16 0 12 0 7 0 0 20 18 13 14 11 0 
7 0 0 0 0 0 0 0 2 1 15 6 14 3 10 23 12 18 0 0 16 4 19 21 0 
0 0 17 20 23 13 0 0 0 0 4 8 0 0 21 0 0 16 3 11 1 2 9 0 5 
23 0 18 0 0 0 16 20 0 0 3 15 0 0 13 6 14 2 0 0 0 17 0 0 0 
4 17 11 21 24 7 2 0 0 0 10 0 20 14 0 18 5 0 0 3 0 12 25 19 16 
19 15 0 0 0 0 18 0 3 0 2 25 24 0 8 9 0 0 1 0 0 11 0 0 6 
0 0 0 0 2 14 15 10 0 19 6 17 0 7 22 20 16 8 0 24 23 0 0 1 0 
0 22 12 0 0 0 9 0 13 5 0 18 4 0 19 21 0 0 0 7 0 0 15 0 20 
8 14 6 17 9 12 0 0 0 15 0 0 0 0 25 0 0 13 4 18 20 5 22 2 0 
18 0 23 24 5 4 20 2 10 3 0 16 22 9 6 0 0 25 0 0 0 19 11 13 0 
0 3 22 2 0 5 23 18 16 0 20 0 0 17 0 0 9 19 15 21 0 1 0 4 0 
0 0 16 0 12 17 0 0 9 14 0 0 21 13 0 0 0 0 0 0 8 25 0 18 3 
1 20 0 0 0 0 8 11 0 25 18 12 0 2 0 0 0 14 6 5 0 23 0 0 0 
0 8 15 3 1 18 0 14 12 0 9 10 0 20 17 5 23 0 11 2 0 22 0 25 13 
0 0 0 0 22 9 10 25 8 4 24 14 13 11 0 0 0 20 19 16 0 0 0 0 0 
13 24 10 25 18 2 0 19 20 0 12 21 15 8 0 0 6 0 14 4 9 16 17 7 0 
0 4 9 0 19 0 11 0 17 0 0 0 23 0 0 0 0 0 0 8 14 0 0 0 0 
0 12 14 0 0 6 3 21 15 0 25 5 0 0 0 7 10 24 0 0 0 8 1 0 2 
22 0 7 16 0 0 0 4 0 0 0 0 0 0 9 3 0 0 24 0 11 14 0 17 1 
0 0 3 0 0 0 0 0 0 17 19 4 1 0 0 0 0 0 16 0 7 0 2 22 23 
25 2 1 0 0 10 0 3 0 0 8 13 0 15 11 0 22 7 20 0 5 0 16 9 18 
17 11 0 5 0 16 22 0 0 0 7 0 25 0 2 0 18 1 0 0 12 6 0 0 19 
24 19 4 12 0 11 0 0 0 0 0 0 0 16 5 0 0 0 17 0 0 21 0 10 25 
