0 0 8 7 0 0 22 6 0 14 3 0 10 5 19 0 4 0 0 13 0 0 18 17 2 
13 0 0 0 0 9 15 0 21 0 11 17 22 20 6 0 10 18 2 0 4 8 5 0 0 
0 0 10 22 0 12 0 13 5 0 0 0 1 16 0 0 0 17 14 3 0 24 21 19 15 
19 11 0 0 0 0 0 0 0 0 21 0 8 0 0 5 0 0 0 9 0 1 13 3 0 
18 0 0 0 5 19 11 0 0 10 0 0 4 9 15 16 0 7 1 0 0 25 0 0 0 
0 12 0 6 10 8 0 0 0 0 0 0 14 0 24 0 0 0 22 0 21 23 0 0 3 
3 0 4 8 0 0 20 1 0 24 9 0 0 10 22 0 16 2 23 7 14 0 11 15 0 
20 0 23 0 22 14 12 21 0 19 17 0 25 11 2 0 0 10 3 24 0 0 1 5 0 
11 17 0 24 25 7 23 0 0 0 0 0 20 3 4 0 0 14 0 0 12 0 9 6 10 
1 0 2 19 7 5 9 10 0 17 0 0 0 12 8 0 0 0 21 4 16 18 0 0 25 
4 0 0 13 0 22 0 8 0 0 0 14 0 21 0 0 17 3 6 12 0 15 0 0 0 
12 9 1 16 15 0 6 24 0 0 22 0 0 25 0 8 0 0 0 0 0 14 3 0 4 
0 19 22 17 0 18 0 12 0 25 5 0 6 4 16 15 0 23 9 11 24 0 20 1 8 
8 18 6 0 14 21 16 2 0 0 0 0 9 0 0 0 7 0 0 0 0 5 12 10 11 
25 0 0 3 21 0 0 15 19 0 0 23 11 0 12 0 14 20 0 2 0 0 6 0 18 
0 21 12 11 4 2 25 0 0 13 14 20 0 0 18 0 0 0 10 17 19 6 16 24 23 
14 22 13 1 3 16 0 0 12 6 0 0 0 0 7 0 0 24 0 5 18 9 8 0 0 
7 0 16 0 23 1 0 9 10 20 4 24 0 0 0 0 0 0 12 6 2 3 25 11 5 
6 10 9 20 0 24 0 0 0 5 1 8 16 2 25 0 23 11 7 0 15 12 0 0 0 
0 2 15 25 19 11 0 0 8 0 23 9 0 0 0 13 0 0 4 21 17 7 0 14 0 
0 0 0 5 13 4 2 0 23 0 0 0 0 19 1 0 0 9 11 0 6 0 0 0 0 
0 23 11 0 0 15 0 5 25 0 6 4 0 7 13 0 0 1 0 0 3 0 0 12 0 
15 25 14 9 6 0 0 0 17 1 16 5 18 0 11 23 0 12 13 0 0 0 0 21 24 
0 3 19 0 12 0 7 22 11 21 20 0 0 14 0 0 18 5 0 16 0 0 23 8 0 
0 20 18 4 0 0 24 0 16 0 0 0 17 23 0 0 0 6 0 14 5 0 15 25 9 
