0 0 0 2 0 25 24 15 0 22 0 0 13 1 0 18 8 0 0 9 5 11 0 12 0 
12 13 11 22 0 0 20 1 0 0 8 0 15 2 0 7 0 0 5 16 10 21 0 3 25 
0 24 0 6 7 3 0 8 2 0 4 0 25 10 0 0 0 0 0 15 22 0 19 0 0 
0 0 23 4 18 5 12 6 19 0 22 11 0 21 0 0 24 0 0 0 13 7 0 0 0 
0 3 20 0 0 0 21 17 11 0 19 6 12 7 24 0 0 13 22 25 18 0 9 2 0 
0 0 5 0 13 24 14 0 15 0 0 2 0 16 0 19 0 0 4 20 17 12 0 6 0 
0 1 16 18 2 23 8 0 3 0 7 4 10 9 0 17 12 0 13 0 11 20 0 25 24 
24 23 15 0 20 0 0 0 22 1 0 25 0 19 5 0 21 0 18 0 9 0 7 4 0 
0 22 12 0 25 0 2 7 0 0 0 17 0 0 18 1 5 10 0 24 0 0 14 8 0 
7 21 0 3 14 0 0 0 9 10 24 12 0 0 0 16 15 0 0 0 0 5 0 18 1 
0 0 0 5 0 14 0 12 0 7 25 0 0 8 0 13 1 0 16 0 0 4 18 0 0 
0 0 0 23 11 0 0 13 0 0 18 0 14 4 12 21 20 0 19 0 0 9 6 0 7 
13 0 18 14 0 4 9 23 0 0 20 0 0 0 0 25 22 6 0 0 3 24 10 17 12 
20 4 0 0 0 0 18 2 16 0 0 7 24 13 22 0 0 5 0 12 25 19 8 0 11 
25 12 0 19 0 1 0 10 0 20 21 16 11 0 23 4 0 0 0 0 14 0 15 0 0 
0 0 0 0 0 8 5 22 25 13 0 19 0 12 0 20 18 0 0 0 4 6 16 7 17 
0 6 13 0 10 0 19 0 1 24 15 0 4 0 25 5 17 0 12 7 0 23 11 0 0 
0 0 4 0 3 11 7 9 0 6 0 0 16 0 0 0 0 14 25 0 12 10 5 0 0 
17 5 22 0 0 16 0 3 12 0 0 0 7 14 0 0 0 0 11 13 15 8 0 19 0 
19 0 7 11 12 0 15 4 0 21 0 10 5 23 0 0 9 16 24 2 0 14 25 22 3 
0 17 0 24 0 0 22 0 20 14 0 21 23 0 0 2 13 18 0 0 8 3 0 0 9 
22 14 0 13 0 0 1 25 0 0 11 20 6 17 9 24 10 12 0 0 7 0 23 0 0 
0 0 10 7 0 13 0 21 0 12 0 0 3 22 0 0 25 8 0 5 0 17 1 0 0 
0 0 2 0 8 7 0 24 0 9 0 0 0 25 10 23 3 17 0 6 21 18 22 0 20 
0 19 0 20 0 2 0 0 0 3 0 0 0 0 7 9 0 0 0 0 6 0 13 15 14 
