17 19 12 0 0 0 22 0 0 3 25 0 16 7 6 10 24 0 0 20 18 0 0 1 13 
11 0 0 0 14 0 16 0 1 0 0 0 2 0 12 0 0 0 23 0 0 22 21 0 24 
0 2 0 6 0 10 0 25 0 18 24 21 1 0 0 9 0 0 17 11 8 5 0 12 3 
18 9 24 1 23 21 0 14 5 8 3 10 11 0 22 0 0 19 0 16 20 0 0 4 0 
4 0 0 10 0 24 19 20 12 17 5 18 0 0 23 0 15 0 21 0 0 9 16 0 0 
0 1 16 12 0 0 20 23 0 0 13 7 0 0 2 0 0 14 4 19 0 0 17 10 0 
10 0 0 0 0 13 21 0 0 0 20 1 18 0 16 0 22 5 0 0 0 6 0 9 0 
22 0 0 0 0 17 0 0 10 12 11 0 3 0 8 16 18 24 9 0 0 15 0 0 2 
0 14 13 0 20 0 0 0 0 0 9 19 0 0 17 0 25 0 7 12 24 0 0 18 23 
23 7 0 18 6 0 9 22 2 19 10 12 0 25 15 17 21 13 20 3 0 16 1 0 4 
12 24 22 25 7 8 14 0 19 0 15 2 9 0 0 18 16 0 0 21 17 4 0 0 6 
0 3 18 19 0 0 24 0 20 15 0 16 0 0 25 0 2 0 5 8 0 0 0 0 0 
2 0 9 5 0 0 0 21 23 11 0 22 0 0 19 25 3 12 10 0 15 1 0 0 0 
1 0 23 0 10 22 25 0 16 2 7 0 0 5 13 4 0 0 6 24 0 0 0 21 0 
0 0 11 0 0 0 0 0 0 0 6 0 0 0 21 22 7 17 19 15 0 0 0 25 0 
0 0 19 17 2 15 0 0 25 0 0 0 6 0 24 20 0 0 0 0 23 0 0 16 0 
5 0 0 22 0 0 0 0 0 7 0 15 10 21 18 24 0 0 0 0 4 0 3 0 0 
0 0 10 0 18 0 0 9 6 0 0 20 7 2 0 0 19 11 0 4 25 0 0 15 14 
13 6 7 20 9 2 18 0 0 23 16 25 8 11 4 1 0 0 0 0 21 0 24 0 0 
15 0 0 16 12 20 10 4 21 24 19 0 0 0 5 14 23 25 22 0 6 0 0 8 1 
7 18 2 3 13 0 5 11 0 20 0 0 25 16 14 0 9 0 15 10 1 17 0 23 21 
0 12 4 0 11 23 0 0 0 13 0 5 0 3 7 19 0 21 0 6 0 18 9 24 15 
20 21 5 0 15 25 3 0 22 0 0 0 23 12 0 13 0 0 18 17 0 14 0 6 10 
8 0 0 0 0 0 0 0 0 9 21 24 0 0 0 0 4 0 25 0 3 0 0 0 20 
0 22 1 9 16 0 2 6 0 0 18 17 0 20 10 0 11 3 24 7 0 8 12 13 25 
