0 7 0 11 0 8 1 14 10 0 9 0 0 0 12 3 
14 0 16 0 7 0 0 5 0 3 0 0 0 8 10 2 
2 0 0 0 4 0 11 3 0 7 0 12 0 13 16 0 
0 0 0 0 0 16 9 0 0 0 0 0 0 1 14 7 
15 2 14 12 1 13 3 6 16 0 0 0 0 9 0 11 
0 0 3 0 8 7 12 16 9 15 11 10 14 0 0 0 
0 0 1 7 14 11 2 15 0 5 0 0 16 4 0 0 
11 8 0 0 0 0 0 9 0 14 0 6 7 0 15 0 
6 12 10 14 11 2 16 0 0 9 5 0 0 15 7 0 
3 5 2 0 0 0 0 4 0 0 0 0 1 12 0 0 
1 0 0 0 3 14 8 0 15 16 6 2 5 11 13 0 
16 11 0 0 0 0 5 0 0 0 0 3 0 6 0 14 
7 0 0 2 0 9 0 0 0 6 0 15 0 0 3 0 
0 0 0 6 0 0 0 13 7 0 2 0 0 10 11 0 
0 16 0 0 12 1 0 0 0 0 0 0 15 7 2 0 
0 0 15 0 0 3 7 2 0 12 0 0 13 16 0 0 
