0 0 10 0 0 0 2 0 0 4 0 12 16 8 0 0 
0 7 0 4 0 0 8 11 0 0 0 0 15 6 14 0 
0 0 0 0 15 0 12 0 6 0 7 8 0 1 3 4 
2 8 0 15 7 9 0 6 0 3 0 14 10 11 0 5 
0 0 0 0 0 0 1 9 4 0 0 6 11 5 16 7 
16 1 4 6 2 0 0 0 11 5 0 9 0 10 13 0 
10 0 0 7 0 0 0 12 0 0 1 2 6 9 0 0 
0 0 0 0 11 6 0 0 8 0 0 10 3 0 2 0 
0 5 0 0 0 2 0 0 0 6 8 0 0 16 11 0 
0 12 0 16 0 1 0 0 0 0 0 0 9 15 10 8 
14 10 0 8 0 4 0 13 0 0 9 5 1 7 0 0 
0 0 0 0 0 7 16 15 10 0 0 0 0 13 0 12 
0 4 0 2 0 15 0 8 1 0 0 7 13 0 0 0 
0 0 16 12 13 0 3 1 9 8 0 0 0 2 0 10 
0 13 7 11 6 0 10 4 5 0 2 15 8 3 1 16 
0 0 0 0 9 0 0 0 0 13 4 16 0 12 0 6 
