0 0 0 4 7 12 0 0 2 0 0 0 9 14 10 5 
5 13 0 0 0 0 9 3 14 0 4 0 6 0 7 2 
9 7 14 8 0 2 4 0 12 0 0 0 15 0 0 1 
2 15 10 0 0 14 0 0 9 0 5 0 0 12 11 13 
0 0 9 0 3 0 5 1 4 13 8 14 0 0 0 11 
0 10 11 5 0 15 2 7 0 0 1 12 8 0 0 14 
0 0 15 0 0 8 11 0 0 0 9 5 0 4 0 16 
0 0 0 0 0 0 0 4 7 15 0 11 0 0 12 0 
11 1 0 14 0 3 0 2 13 0 7 0 12 9 8 0 
0 0 0 7 0 13 14 0 3 0 11 9 0 0 0 15 
0 0 3 0 0 0 0 11 0 1 0 0 5 0 14 7 
15 4 0 0 5 1 7 9 0 0 12 0 0 0 0 0 
0 2 8 15 4 11 0 10 1 9 16 6 14 7 5 12 
0 11 0 0 0 7 0 13 0 0 0 4 0 0 0 10 
0 9 0 12 15 0 0 0 11 0 0 7 0 0 0 8 
0 0 7 10 0 9 0 0 15 0 0 3 0 0 0 0 
