12 0 0 23 0 0 6 0 0 18 20 0 25 0 0 14 21 0 2 0 10 15 7 11 0 
24 0 0 2 0 21 0 0 25 23 7 11 14 0 5 15 0 0 6 0 0 16 0 3 0 
9 0 14 20 7 0 5 0 0 1 3 15 0 8 6 0 16 18 0 12 0 0 24 22 21 
11 0 21 10 6 0 0 0 4 9 0 2 13 0 24 0 0 23 22 0 20 17 14 18 19 
3 18 15 0 13 0 0 14 17 12 21 0 1 4 22 7 0 10 0 24 6 0 0 8 9 
0 22 0 24 15 0 18 19 12 0 0 16 5 25 0 21 7 2 0 14 0 0 1 0 10 
13 10 25 12 0 23 21 0 1 16 11 0 0 19 20 0 0 0 0 0 4 0 2 17 0 
19 0 9 21 1 14 10 15 0 0 0 0 0 0 4 20 25 0 0 0 8 11 0 13 0 
8 0 16 7 2 0 0 25 6 17 24 18 0 0 0 0 0 0 13 0 0 14 20 21 23 
0 0 0 0 0 8 7 4 0 2 0 0 0 0 0 16 0 5 1 0 15 0 0 12 0 
15 2 1 5 0 0 4 9 0 25 0 7 19 0 10 12 24 11 0 6 0 0 23 0 0 
0 0 0 22 21 12 24 0 0 5 0 25 0 0 16 4 0 13 7 0 18 19 0 10 8 
0 0 24 0 0 0 23 0 0 19 0 0 0 0 13 0 22 0 21 16 0 0 25 5 0 
0 0 0 0 0 0 17 20 0 13 1 0 0 0 15 2 0 3 0 19 0 12 11 0 6 
10 0 13 0 0 15 8 16 0 14 0 0 3 0 18 0 23 17 0 0 0 0 0 2 24 
20 12 0 0 9 0 0 23 13 10 4 22 0 15 0 11 0 0 0 0 0 5 8 14 0 
21 0 10 0 11 0 0 18 14 3 0 17 0 20 23 24 2 0 0 22 0 4 0 9 13 
7 0 0 4 0 0 11 1 0 0 0 5 12 0 2 10 0 20 0 0 23 6 21 0 3 
5 15 18 16 0 0 0 7 8 6 0 1 0 0 21 3 14 0 0 4 24 10 0 25 2 
0 13 2 6 24 0 19 17 15 21 14 10 8 0 25 0 0 16 0 0 0 18 22 20 12 
0 20 0 9 10 25 0 0 0 0 15 0 16 0 1 8 19 0 3 17 2 0 0 0 18 
1 0 11 0 23 0 9 0 0 0 0 0 0 0 17 0 12 22 0 20 16 0 10 24 14 
0 0 0 14 4 17 22 2 20 0 19 9 0 0 3 23 5 0 18 0 0 13 0 1 15 
0 0 0 8 3 0 0 21 0 4 12 13 0 22 7 6 0 14 16 0 0 0 9 0 11 
18 19 7 13 0 0 14 12 0 0 25 4 20 6 11 0 0 21 0 2 5 8 3 0 22 
