0 0 10 0 7 19 0 0 0 9 20 0 23 17 0 15 6 14 18 0 25 0 16 12 0 
0 12 14 4 17 0 1 0 0 0 13 3 0 8 0 22 0 0 10 0 0 15 23 0 19 
22 19 13 0 0 0 7 8 23 21 24 25 0 14 1 20 16 11 5 2 4 10 17 0 0 
0 0 0 1 0 25 0 0 0 4 0 5 0 0 19 0 0 0 0 3 0 0 0 0 8 
0 15 20 24 0 6 0 14 17 12 0 0 0 21 0 0 13 0 4 19 2 5 0 7 0 
17 18 0 0 0 0 19 0 9 13 25 10 11 0 14 4 15 22 23 16 0 6 0 0 5 
0 0 0 13 11 1 15 0 7 0 0 9 0 2 0 0 0 0 20 0 10 0 22 0 4 
0 0 15 6 4 20 0 0 3 16 0 0 21 0 0 0 0 2 13 8 17 0 1 0 9 
2 3 16 22 10 0 0 0 6 8 19 13 1 5 15 14 21 0 11 7 18 25 20 0 0 
12 23 0 9 8 18 0 21 0 14 16 4 0 22 20 0 0 1 25 5 0 19 15 0 2 
0 0 0 0 12 0 25 0 13 1 6 23 14 0 11 0 0 0 3 15 9 18 19 22 10 
20 24 0 7 19 21 23 0 8 6 22 12 0 9 2 16 1 13 0 0 0 0 4 0 25 
0 9 0 0 14 0 16 24 2 18 17 19 5 1 8 0 11 0 21 6 0 0 0 0 7 
0 0 0 0 0 11 0 0 19 17 0 7 20 13 0 0 0 0 0 0 0 21 2 1 0 
18 0 0 11 0 0 0 10 12 3 0 0 0 15 25 0 22 23 0 0 24 0 6 0 0 
0 17 0 0 24 0 0 1 0 2 5 0 25 7 12 23 20 0 0 0 6 0 18 0 13 
11 20 9 0 5 0 13 19 0 0 0 0 3 18 0 21 14 7 0 0 12 0 10 16 0 
13 0 0 0 0 0 0 6 0 11 21 20 0 16 23 0 19 3 0 0 7 0 0 0 0 
0 0 0 0 0 22 0 0 14 20 0 0 9 6 0 0 0 4 0 13 23 17 5 19 0 
0 6 0 2 23 8 0 0 0 0 14 17 4 0 0 0 0 18 22 10 21 0 9 25 0 
8 4 0 0 22 14 5 18 0 19 7 0 13 0 0 2 0 10 24 0 0 0 25 6 17 
0 10 24 0 0 0 4 0 0 22 12 6 8 0 5 0 0 15 0 21 0 0 0 0 18 
6 13 0 19 20 12 0 11 21 15 9 1 18 25 3 0 4 17 8 0 22 0 0 0 16 
5 0 0 0 2 3 6 9 1 0 10 24 15 0 17 13 25 0 16 22 20 4 0 8 0 
0 7 0 17 21 13 0 0 24 0 2 14 0 0 22 0 0 6 1 20 5 0 0 0 23 
