22 3 21 0 8 13 0 0 0 12 19 11 0 16 0 18 0 0 0 15 0 2 0 14 0 
0 4 0 0 20 0 0 21 6 23 14 25 15 3 5 0 24 0 0 12 0 0 0 8 10 
0 0 0 0 0 2 17 4 15 14 8 10 0 6 0 0 0 23 3 5 24 20 12 22 18 
10 24 0 15 0 1 18 7 16 5 0 0 0 17 0 8 22 20 0 2 0 0 0 4 3 
12 0 0 23 5 20 11 0 10 8 22 2 24 9 18 19 25 14 0 0 13 0 0 7 16 
20 12 0 18 0 0 0 14 0 13 21 0 0 8 0 3 16 19 11 0 0 0 0 9 0 
0 0 0 1 0 0 0 12 17 6 25 0 18 0 0 2 13 9 0 0 0 22 0 0 0 
11 9 0 0 0 22 24 0 20 10 0 0 0 0 0 0 0 0 14 0 0 0 0 2 8 
15 0 0 17 21 9 4 0 0 0 24 19 0 20 0 0 0 22 0 1 0 3 0 0 12 
0 14 25 24 0 0 0 16 21 1 0 4 6 7 0 0 18 5 0 0 19 0 10 11 0 
0 19 0 5 9 18 8 0 1 20 0 0 7 0 13 0 0 4 21 22 2 0 17 0 0 
17 0 0 8 0 0 10 24 0 21 2 0 19 0 0 13 0 11 0 9 0 0 14 0 1 
0 0 13 4 10 0 7 2 0 0 23 21 0 11 8 0 6 0 25 19 3 0 18 5 0 
0 0 11 0 0 0 6 0 13 9 1 3 0 0 24 0 0 16 0 14 10 0 0 19 22 
14 6 0 0 0 0 16 15 19 3 10 18 20 25 9 1 0 0 0 23 11 0 0 13 4 
23 2 5 3 0 6 0 10 0 16 0 20 8 13 25 0 0 17 15 0 0 11 22 0 21 
8 16 4 0 0 0 9 0 3 2 5 14 10 0 17 0 0 0 0 21 0 19 25 1 0 
0 7 15 10 13 24 5 0 23 18 0 0 21 0 3 14 0 25 0 11 0 4 0 17 6 
0 0 6 21 14 8 0 0 22 17 0 0 16 0 15 0 9 18 0 3 7 0 0 0 5 
18 22 0 20 12 15 0 25 0 0 6 7 9 0 1 23 0 10 0 0 0 14 24 3 13 
6 11 22 14 4 17 0 0 5 24 7 16 0 21 0 9 0 2 23 18 0 0 3 0 25 
5 0 8 0 25 10 13 23 0 0 18 24 12 0 11 6 14 3 0 0 4 16 0 0 2 
1 0 0 13 17 16 0 6 0 0 0 0 0 0 4 0 0 0 19 0 0 5 0 0 14 
3 0 0 0 23 21 0 22 7 4 17 9 14 5 6 11 0 1 0 0 18 0 8 24 0 
2 21 0 9 0 0 0 18 8 15 0 0 0 0 0 0 4 24 0 0 0 7 0 0 11 
