0 14 12 0 0 16 7 15 0 0 0 0 0 0 0 0 
0 0 4 1 8 0 0 3 14 0 16 5 0 9 0 0 
9 16 11 0 14 13 0 0 0 0 0 15 0 0 0 0 
15 0 0 3 11 0 6 5 0 12 0 9 13 8 16 14 
16 7 13 14 0 5 12 0 0 0 3 0 0 6 8 4 
1 0 8 15 0 3 9 4 2 0 14 6 0 16 0 0 
4 5 0 0 0 6 0 0 16 15 12 0 0 13 0 3 
6 10 3 2 16 7 0 11 5 0 4 13 1 12 15 0 
2 0 16 7 0 10 0 13 6 14 15 0 0 0 0 0 
12 0 10 6 4 0 0 14 0 0 0 0 0 0 0 1 
0 0 0 8 1 15 0 0 0 4 0 3 0 2 12 0 
0 0 0 4 0 8 0 0 0 2 0 0 16 0 13 11 
7 4 0 16 5 0 0 0 12 3 13 0 0 15 6 2 
0 8 0 13 0 0 15 0 7 0 2 0 0 0 9 12 
0 0 0 0 0 12 4 0 0 0 1 16 0 0 7 0 
0 0 2 12 3 0 13 0 0 0 0 11 0 0 4 0 
