0 0 0 0 0 12 3 10 9 1 0 0 13 14 0 0 
13 11 5 9 7 0 0 4 0 0 10 12 15 3 0 0 
0 2 1 10 0 0 0 15 13 5 4 3 16 0 0 7 
3 0 12 14 0 13 6 0 16 0 2 0 11 0 8 10 
0 13 4 1 3 15 2 0 12 6 0 5 9 0 0 0 
0 5 15 3 0 0 0 13 0 16 11 10 0 2 12 14 
0 16 0 0 0 0 0 0 0 0 0 0 6 15 0 0 
0 6 7 0 0 0 9 0 0 0 13 1 5 4 0 8 
1 0 11 2 10 0 15 7 4 8 0 0 12 13 0 0 
0 8 16 0 0 9 0 0 0 0 1 0 0 5 0 0 
0 0 9 0 0 2 0 0 0 0 0 13 10 8 0 6 
0 10 0 0 0 0 5 14 0 9 0 16 0 0 0 2 
0 0 13 0 0 1 0 9 0 0 0 0 0 7 0 12 
7 0 2 15 11 0 0 6 1 13 16 0 0 0 5 3 
5 9 0 4 13 7 0 0 0 0 6 2 0 11 0 15 
0 1 0 0 0 0 0 2 7 0 3 8 0 6 0 9 
