0 0 0 0 11 0 1 4 0 0 10 0 5 3 2 0 
10 2 0 7 9 0 5 0 0 0 12 0 0 1 0 0 
4 0 0 0 6 0 7 13 0 0 9 14 16 0 0 10 
12 6 0 0 16 10 15 2 4 1 8 0 7 0 9 0 
0 0 2 5 0 9 0 0 6 7 15 1 0 11 12 0 
14 15 8 4 13 2 12 16 0 0 3 0 0 0 7 1 
6 0 0 0 0 0 0 0 0 8 13 2 0 0 10 15 
3 0 1 16 15 0 6 10 5 0 0 4 8 0 13 0 
7 8 0 13 0 0 4 0 12 0 0 9 10 15 0 0 
9 4 12 6 5 0 0 15 0 14 2 0 0 0 0 0 
2 0 0 1 0 13 0 0 8 0 0 0 0 0 14 4 
16 0 10 0 0 14 0 0 0 0 0 15 1 7 0 0 
0 0 0 10 0 15 11 0 0 0 0 3 0 0 0 0 
11 13 0 2 3 0 16 1 10 9 0 12 0 8 0 14 
15 16 3 8 12 0 0 9 0 0 7 0 0 10 0 0 
0 0 4 9 0 5 0 0 15 0 0 8 0 0 0 12 
