0 3 11 12 16 0 17 23 15 20 4 0 0 8 19 5 9 0 1 0 0 7 0 25 6 
5 23 0 20 0 25 21 0 7 0 24 16 15 0 0 6 14 12 0 10 3 0 8 0 0 
1 0 2 24 0 14 0 9 8 4 13 0 0 11 18 19 15 23 25 3 12 22 17 0 0 
0 9 10 25 0 24 0 0 0 3 7 14 23 0 2 22 13 0 0 8 19 21 0 5 11 
0 22 8 13 0 19 0 6 0 10 3 12 0 0 0 0 0 0 0 0 0 24 1 23 18 
0 4 21 19 2 22 23 0 0 0 20 0 13 7 11 25 0 0 8 24 16 6 18 12 10 
0 0 5 11 3 0 0 15 25 0 0 0 9 10 6 0 19 4 0 21 1 0 0 22 0 
7 15 1 0 0 0 6 0 9 0 14 5 2 0 0 11 23 0 13 18 21 0 19 24 0 
0 13 17 0 18 20 0 0 0 0 21 0 22 0 0 0 0 10 2 0 7 15 14 0 3 
0 0 6 0 23 0 18 0 11 24 0 19 1 0 0 0 7 0 0 0 9 5 2 8 0 
10 8 0 0 9 7 0 17 12 14 5 11 0 22 13 21 0 1 3 19 0 0 25 0 0 
0 16 7 21 0 0 8 0 18 0 10 20 12 0 0 0 24 0 15 14 5 0 11 0 19 
11 0 0 23 5 0 24 1 0 0 2 0 6 3 0 0 0 0 0 9 0 0 10 0 12 
13 14 0 18 0 5 10 11 0 6 0 25 0 0 0 0 2 16 12 0 4 8 9 21 0 
12 17 0 0 24 0 0 19 0 25 0 21 0 0 0 13 20 11 0 5 6 0 0 0 16 
20 24 16 8 13 0 0 18 0 11 0 7 0 21 0 0 10 17 0 23 2 0 0 9 5 
0 0 9 22 14 0 19 0 0 2 11 1 25 24 17 8 0 13 21 0 0 0 6 10 7 
17 19 25 2 0 0 0 0 5 0 6 13 3 23 0 0 11 0 24 0 0 0 16 14 4 
0 11 12 0 0 10 0 8 0 16 18 15 19 0 20 14 0 0 9 25 0 1 23 0 22 
15 0 0 3 0 1 4 0 13 17 16 0 0 2 0 18 12 0 0 22 11 0 21 20 24 
0 0 0 17 4 11 1 7 0 0 9 0 0 0 0 10 6 20 0 0 0 0 12 0 0 
0 21 13 0 0 6 0 0 16 0 0 3 0 0 0 0 22 19 0 1 0 10 0 2 0 
3 0 20 15 0 13 25 0 0 0 0 23 0 19 0 0 21 0 5 4 0 0 7 6 9 
25 0 0 0 0 8 0 2 0 0 22 0 0 6 0 3 17 9 0 0 20 0 4 0 0 
0 6 0 0 0 9 3 4 0 0 17 0 20 0 0 15 25 0 18 11 0 0 0 1 0 
