2 16 12 0 9 0 25 22 11 0 8 4 23 18 0 0 0 6 0 0 1 17 0 0 20 
0 4 0 23 20 19 0 0 6 2 0 5 21 0 16 17 0 18 8 0 11 0 9 0 24 
0 0 0 5 19 10 0 14 0 0 25 20 15 0 0 1 0 0 16 4 22 0 0 0 23 
6 0 14 0 17 0 8 4 5 20 0 10 24 9 0 11 0 7 3 0 0 0 16 0 0 
24 0 0 11 0 9 0 15 0 16 19 12 1 17 0 25 23 10 14 0 5 6 0 0 4 
5 24 0 0 0 21 0 7 23 0 12 0 0 3 19 0 6 17 1 10 0 18 0 13 0 
0 0 0 0 4 5 14 0 9 25 13 17 0 6 0 0 0 22 0 0 15 11 0 10 3 
3 14 0 18 23 17 4 16 0 22 0 0 20 0 0 0 0 19 15 0 6 9 0 5 0 
0 11 10 0 6 12 13 0 1 18 0 0 5 23 15 20 3 9 4 21 0 19 24 17 0 
0 0 0 0 21 0 6 3 0 0 0 1 18 10 0 14 5 0 0 0 20 2 12 0 0 
0 15 0 13 0 25 16 0 2 0 7 11 0 22 5 12 21 4 18 14 24 0 0 20 17 
0 0 20 14 12 0 0 0 0 24 23 0 0 2 21 0 17 5 9 1 3 22 0 4 19 
0 0 0 2 0 0 10 8 0 23 0 0 25 0 17 0 0 11 0 0 0 0 15 9 0 
0 0 7 3 22 11 0 17 21 0 0 0 12 8 4 6 15 0 23 0 0 16 25 2 5 
4 17 0 21 0 0 0 0 20 0 0 19 0 15 0 0 16 13 0 25 0 12 0 8 0 
23 0 1 9 0 0 19 0 8 4 11 25 0 5 0 15 18 0 0 24 0 20 17 16 0 
14 0 24 16 2 0 0 9 0 7 0 15 17 21 20 13 19 0 6 0 0 0 3 0 12 
0 22 21 15 0 0 0 0 3 12 0 2 0 0 8 4 0 0 0 5 0 24 18 19 0 
0 0 17 0 13 0 0 0 16 0 0 3 6 0 0 9 0 0 10 7 2 25 0 15 11 
0 12 25 0 10 20 0 0 17 14 9 0 4 13 0 0 2 0 21 0 8 0 0 1 0 
12 13 8 0 0 18 0 0 4 10 5 9 0 0 25 0 0 2 0 0 0 0 0 24 1 
19 0 0 0 1 7 17 21 0 9 15 6 0 0 0 24 0 0 0 18 13 0 0 0 0 
17 0 0 24 18 8 0 25 22 11 0 23 14 20 3 21 7 0 0 9 12 0 19 6 16 
20 0 0 0 14 16 0 0 0 0 0 7 0 0 0 19 11 1 12 0 0 3 8 0 15 
21 0 11 0 0 0 20 0 15 5 0 18 19 24 1 23 4 3 0 0 10 14 22 7 0 
