0 6 0 25 0 0 0 0 19 0 0 2 10 14 0 20 4 15 18 17 0 0 21 0 11 
0 0 0 21 11 2 20 0 10 0 6 0 0 13 0 0 0 0 0 7 0 0 0 0 22 
0 0 0 0 0 0 0 0 0 23 20 19 0 0 16 12 25 0 0 21 0 0 0 5 0 
19 12 0 0 23 15 0 0 0 0 9 3 25 17 0 10 13 0 2 22 0 0 0 16 0 
2 0 20 10 0 12 0 0 0 0 4 0 5 7 0 0 0 0 23 19 13 6 0 0 15 
21 7 0 0 2 3 25 0 12 17 22 9 1 6 0 11 0 20 16 13 18 0 5 15 0 
0 13 0 0 8 14 19 0 11 16 0 5 0 0 24 4 18 17 25 2 21 0 0 22 0 
16 0 17 12 0 0 0 0 1 18 11 13 7 8 19 3 0 0 15 0 24 14 0 20 25 
22 0 0 0 0 23 24 10 21 5 18 0 14 2 25 19 1 0 0 9 0 11 0 0 0 
11 0 19 0 25 7 0 20 13 0 16 0 0 12 0 0 6 0 5 0 0 4 1 0 0 
0 20 7 0 18 10 12 0 0 2 23 14 0 0 11 0 0 16 0 5 22 0 8 0 0 
0 11 8 22 19 0 0 0 23 0 0 0 2 0 20 0 12 0 0 1 0 3 0 6 5 
0 10 15 6 16 19 8 21 18 0 3 0 0 0 0 0 11 2 20 0 0 0 0 23 14 
14 0 0 13 21 16 1 7 17 0 0 18 6 0 0 22 23 9 0 3 19 10 11 4 24 
3 0 0 23 4 11 5 25 0 22 12 0 0 10 0 0 19 0 0 0 0 0 0 0 2 
6 16 25 18 17 0 4 11 0 0 24 8 0 0 1 23 2 0 9 15 0 0 14 0 12 
7 0 10 4 0 24 13 17 8 21 0 6 12 0 0 0 14 0 1 0 5 22 2 11 0 
0 8 0 19 15 0 10 23 16 25 2 22 11 20 14 13 5 4 3 0 0 0 0 0 0 
0 0 0 2 5 0 15 0 3 0 13 25 0 9 10 7 8 0 0 20 0 21 0 18 0 
0 0 13 0 0 0 14 22 0 0 5 4 16 18 7 0 21 0 19 10 0 0 25 3 23 
0 21 2 5 14 0 0 0 7 12 0 0 13 0 3 0 16 0 4 24 0 0 22 10 0 
9 25 0 0 0 6 17 14 20 13 15 21 0 0 2 8 0 0 0 0 0 19 0 0 7 
10 0 3 0 0 0 0 0 24 0 8 12 0 0 9 1 7 0 22 0 14 2 20 13 16 
4 23 22 0 0 5 3 0 0 10 7 1 0 0 18 2 0 14 6 0 0 0 9 0 8 
24 19 18 1 7 8 16 0 22 9 0 10 0 25 6 0 0 13 21 0 17 0 23 12 3 
