0 1 18 19 0 9 7 6 0 0 2 0 0 0 0 0 17 0 21 24 0 0 25 23 11 
23 2 8 0 24 12 25 0 0 0 17 20 21 0 16 0 7 18 0 14 6 10 0 9 0 
0 0 0 10 12 0 0 0 0 13 25 0 3 0 24 0 0 0 22 0 0 17 0 5 0 
0 0 0 9 0 0 2 5 14 10 19 12 0 0 0 0 25 8 13 20 0 0 16 4 24 
0 5 0 16 25 21 24 17 0 19 13 0 0 0 9 23 11 12 2 10 0 15 20 14 0 
20 13 5 25 0 0 6 0 0 7 14 8 0 1 0 9 0 21 15 0 22 0 4 17 0 
16 8 0 6 0 11 20 21 0 0 22 0 0 0 0 0 0 0 0 0 0 9 24 0 0 
0 7 0 0 0 0 0 13 0 17 12 18 0 19 0 1 20 16 3 22 25 0 23 0 0 
21 24 0 1 0 25 8 12 4 0 9 16 2 0 3 0 0 19 6 13 0 11 0 0 0 
0 3 0 17 0 19 0 1 2 0 0 0 25 5 15 7 0 0 24 0 14 20 0 16 21 
25 0 0 12 0 0 19 0 9 24 0 2 0 17 0 20 14 0 0 0 7 0 11 10 0 
0 9 7 20 10 16 0 0 0 2 11 23 0 3 0 13 0 0 0 18 21 24 8 6 25 
2 23 0 0 5 0 10 0 0 4 16 0 0 0 0 8 21 0 11 6 17 0 22 20 9 
19 0 24 0 0 0 3 23 0 11 21 0 20 0 0 10 15 0 9 17 4 12 5 13 2 
0 4 11 13 17 20 0 7 5 0 0 9 8 6 10 2 0 22 12 16 23 19 3 18 14 
0 0 16 0 6 10 0 3 13 0 0 19 0 2 0 0 23 0 0 5 0 25 0 0 22 
17 19 0 0 1 2 0 0 0 0 20 3 0 9 0 0 8 0 4 0 0 0 0 0 0 
0 10 13 23 20 17 12 0 19 21 24 7 22 16 0 0 2 15 0 1 9 3 0 11 4 
0 11 0 0 0 0 4 0 25 15 0 17 0 21 13 3 0 0 0 7 16 0 0 19 5 
18 0 3 4 2 7 0 22 0 0 0 10 0 0 0 0 19 13 16 0 20 0 0 24 0 
10 0 0 0 23 15 0 25 0 8 6 11 0 0 0 18 3 0 0 4 24 5 0 0 19 
0 0 22 0 0 0 0 0 11 23 8 0 1 24 0 19 0 10 20 0 0 0 18 21 0 
0 0 1 0 0 3 17 0 0 20 18 21 0 0 0 16 6 5 0 15 8 4 2 0 12 
8 0 15 24 0 22 18 19 0 0 0 5 0 12 0 11 9 2 25 23 0 14 10 0 20 
6 18 0 0 0 0 5 9 7 12 3 0 0 15 20 22 1 0 0 0 11 23 17 0 16 
