0 6 0 11 24 9 0 7 22 0 0 25 5 0 0 19 10 0 0 0 0 0 8 0 18 
0 0 19 0 0 10 5 0 21 15 11 0 6 0 12 0 0 0 3 0 13 0 24 25 0 
0 5 2 8 0 25 0 18 24 3 0 0 0 9 22 0 14 6 0 0 17 0 0 12 0 
0 0 22 21 0 16 8 0 0 0 0 0 0 0 0 9 0 7 0 0 14 0 20 0 0 
15 18 0 0 10 13 20 19 11 0 8 0 21 0 14 2 0 12 0 17 5 7 4 0 9 
0 0 8 0 0 0 0 9 23 19 0 18 12 14 0 15 20 0 0 16 0 25 0 3 4 
0 0 18 7 0 0 22 20 6 0 3 0 19 15 0 17 21 0 4 0 12 10 0 13 0 
0 17 0 13 1 8 0 24 5 16 9 0 4 22 0 0 3 0 0 12 0 2 14 15 21 
11 0 0 0 19 4 21 3 13 17 16 20 0 2 23 10 0 0 9 22 0 0 5 7 24 
16 21 0 0 3 1 10 0 12 0 13 17 7 8 0 14 6 2 19 5 22 18 0 11 0 
0 3 0 0 9 0 6 22 0 5 4 21 17 0 0 8 0 0 12 20 23 0 0 0 13 
0 0 23 22 0 0 0 0 17 0 12 19 9 20 25 11 5 0 10 0 0 0 1 0 6 
21 0 0 17 0 20 19 14 25 0 0 8 0 0 2 24 18 23 7 1 0 0 0 0 0 
0 0 5 14 0 0 0 12 0 10 15 0 0 23 0 0 13 0 17 0 21 24 18 20 3 
12 0 6 18 4 0 0 0 1 0 14 5 24 11 0 0 22 0 21 0 2 0 10 16 7 
0 0 10 24 15 17 0 13 0 11 0 0 16 4 0 18 7 22 6 23 0 3 21 5 0 
0 0 0 1 0 0 0 0 19 0 0 0 8 0 0 0 12 17 14 10 15 4 6 23 0 
20 4 0 19 0 5 14 0 0 0 0 0 0 25 15 13 24 3 0 0 0 0 7 0 17 
2 0 0 6 5 12 4 10 0 9 7 0 14 24 17 1 19 0 16 0 20 13 11 18 0 
17 22 0 0 0 18 2 25 0 7 0 13 11 6 21 5 9 20 0 4 10 0 0 24 0 
0 15 0 0 16 6 0 0 0 12 24 0 0 0 4 0 0 0 0 0 0 0 22 8 5 
6 8 0 0 22 19 25 1 18 24 23 16 15 17 7 0 0 13 20 0 0 9 3 14 10 
0 0 24 0 0 0 0 11 9 13 0 3 2 0 0 0 15 0 8 0 18 23 0 21 0 
19 11 0 25 0 0 0 8 10 20 22 14 0 12 0 0 0 5 0 3 0 15 0 6 0 
0 23 14 0 7 21 15 0 0 0 25 0 0 1 8 6 16 0 18 9 0 19 0 0 0 
