0 8 0 6 0 0 0 9 12 0 0 16 15 13 2 0 
15 0 5 14 0 16 8 0 9 0 1 0 0 6 3 4 
0 0 1 3 0 0 6 0 7 15 0 8 14 0 9 10 
0 11 4 9 0 0 10 0 5 0 0 2 0 0 12 8 
0 3 16 7 0 0 0 0 0 9 0 10 8 0 0 5 
1 15 2 10 0 0 0 0 8 5 4 14 13 0 6 16 
9 0 0 0 14 0 5 0 0 0 16 0 0 0 0 2 
5 14 0 8 0 0 2 0 0 7 3 12 0 0 15 0 
0 9 7 11 8 0 0 0 0 6 0 1 12 2 4 0 
0 0 0 0 0 14 0 1 10 0 13 0 0 0 5 3 
3 0 13 1 0 2 12 0 4 14 0 0 6 8 0 0 
12 4 14 0 0 3 0 0 0 8 0 15 0 1 0 0 
0 0 0 0 0 0 0 0 6 1 0 4 10 0 0 7 
8 1 9 13 2 0 14 0 0 0 12 0 4 3 0 6 
0 0 0 12 0 0 0 0 0 0 10 0 0 15 8 13 
4 0 0 16 0 0 15 5 0 0 0 7 2 9 1 12 
