0 0 5 6 8 0 0 0 0 15 1 0 0 12 0 0 
7 0 9 11 1 12 0 0 13 4 0 0 0 3 15 0 
13 0 0 15 10 5 14 0 16 8 9 0 0 0 4 1 
0 0 0 8 15 13 2 9 0 7 12 0 0 0 0 6 
8 0 10 0 6 0 0 4 12 0 0 0 1 15 7 0 
5 0 0 2 13 10 8 0 0 0 14 0 3 4 0 16 
0 0 4 0 14 0 0 5 0 0 0 0 8 0 0 0 
11 0 0 1 0 0 15 0 0 3 10 0 0 9 6 0 
0 0 15 0 0 14 5 10 0 0 0 0 0 16 11 4 
0 0 2 0 0 0 0 1 11 0 16 0 0 8 14 3 
0 0 7 0 11 3 0 0 8 14 15 0 6 0 2 5 
0 0 0 0 0 0 6 15 0 1 7 2 10 13 0 0 
15 2 8 0 3 4 0 0 0 6 11 14 16 5 0 0 
0 0 1 0 0 0 11 0 3 0 13 16 0 0 8 15 
12 13 14 0 7 15 10 0 2 0 0 0 4 6 0 0 
16 6 0 0 9 2 1 0 0 10 0 15 12 0 0 13 
