13 0 0 11 0 0 12 0 0 9 16 8 0 0 5 4 
8 12 2 0 4 14 0 13 0 0 0 15 0 16 7 10 
0 15 0 16 0 5 11 1 10 0 2 7 0 8 0 14 
10 6 0 1 8 2 0 16 0 14 5 12 0 9 13 0 
0 16 5 0 0 13 15 0 0 10 0 0 0 6 0 0 
0 0 0 12 9 10 0 8 6 0 4 16 15 7 14 0 
15 3 4 13 0 6 16 7 0 1 11 0 2 10 9 12 
0 0 8 6 1 0 0 0 12 0 7 13 0 0 0 0 
5 0 7 15 0 8 0 0 11 0 0 0 0 1 0 0 
12 0 0 0 7 16 0 0 0 0 15 0 0 4 11 0 
0 14 0 0 11 0 0 0 0 3 0 10 0 13 0 0 
11 9 0 0 14 1 0 0 13 0 0 2 0 0 0 16 
0 0 11 9 16 7 0 0 15 8 0 0 10 0 0 0 
0 0 0 0 13 11 0 0 0 0 0 0 0 12 0 7 
0 0 12 14 0 3 10 0 7 4 0 11 13 5 0 1 
0 4 13 10 0 9 0 0 14 0 0 0 0 11 0 6 
