13 0 12 7 0 9 0 0 0 4 0 0 1 0 14 5 
0 16 5 0 14 0 6 4 15 1 0 0 0 0 0 0 
10 0 0 0 8 13 0 0 0 14 0 0 0 0 0 0 
14 9 4 15 0 5 0 0 12 13 2 10 0 3 0 0 
4 0 1 16 0 10 8 3 5 0 6 0 0 0 13 14 
3 0 15 10 0 0 5 14 0 0 0 11 2 1 7 0 
9 7 0 6 0 0 0 13 1 0 0 0 15 16 0 0 
0 12 13 0 0 0 9 0 0 16 14 2 0 6 3 10 
6 13 0 0 0 11 15 0 0 7 5 0 3 0 0 0 
7 0 9 14 4 2 16 0 3 6 10 0 12 0 0 0 
0 10 0 0 0 6 0 12 0 8 0 0 0 5 9 7 
1 0 0 0 3 0 14 0 9 11 0 0 0 0 0 15 
0 0 6 0 0 14 1 10 0 3 0 0 0 0 12 0 
0 5 7 4 0 0 0 11 14 0 1 6 13 0 15 0 
0 0 0 9 13 15 2 6 10 0 0 0 5 7 1 0 
15 0 10 0 0 12 4 0 11 5 0 13 0 0 0 3 
