0 0 0 9 5 0 8 0 0 0 0 0 11 16 12 0 
16 0 0 0 3 7 0 0 14 0 6 0 1 0 8 0 
0 0 11 0 0 14 16 9 2 0 5 4 10 0 0 7 
0 1 3 7 0 0 4 6 12 16 0 10 0 0 14 0 
11 9 12 0 0 13 0 0 8 0 16 0 2 5 7 0 
15 7 0 8 0 0 0 0 0 2 0 12 0 0 0 0 
0 0 0 0 0 0 0 0 0 13 0 15 14 0 16 0 
0 2 16 13 0 8 0 11 0 3 9 0 0 1 15 0 
0 5 0 0 6 3 13 2 9 8 7 0 0 10 4 0 
0 0 0 16 0 12 11 0 0 0 14 6 0 9 0 1 
0 8 0 11 0 0 0 4 13 10 0 16 0 14 3 15 
0 4 0 10 0 0 0 16 1 5 0 0 7 0 11 6 
0 14 0 0 0 6 3 0 16 9 1 0 4 0 5 11 
9 16 8 4 14 0 0 7 0 15 0 0 0 0 10 13 
0 0 0 6 0 0 0 8 10 0 13 5 9 7 0 0 
7 12 0 0 11 0 9 0 0 0 4 8 0 15 1 16 
