9 12 0 2 0 0 4 10 16 0 15 0 0 0 7 6 
0 15 1 0 0 2 5 0 0 0 3 12 16 0 0 0 
16 0 0 14 0 3 0 0 0 2 0 0 0 0 0 12 
11 0 0 10 8 0 0 0 13 1 0 4 0 2 0 0 
0 2 16 0 13 5 3 9 0 8 7 0 12 15 0 0 
0 0 0 0 0 0 12 8 6 0 0 0 0 3 1 0 
15 10 5 3 2 0 7 1 14 4 12 0 0 0 0 16 
12 0 7 0 4 16 0 14 0 13 10 3 9 5 0 2 
0 16 2 9 5 4 14 0 10 0 1 15 7 0 0 8 
6 0 0 0 0 10 0 0 0 0 0 16 1 0 0 0 
0 14 0 0 0 8 6 0 0 0 0 0 3 16 11 13 
7 11 12 0 0 1 13 0 0 3 0 6 0 10 9 14 
0 8 0 1 0 0 0 0 0 0 16 14 0 0 0 5 
0 4 0 13 0 12 2 0 5 7 11 1 0 0 16 3 
3 7 0 0 16 0 15 5 8 0 0 13 0 14 0 0 
0 6 0 16 1 0 0 0 3 12 0 0 0 0 0 11 
