0 0 3 6 13 0 4 0 8 0 5 0 11 16 10 0 
11 0 0 0 0 8 3 7 0 0 1 16 9 6 0 0 
7 13 0 8 0 10 12 11 0 2 4 0 5 0 15 3 
16 1 0 0 9 0 2 0 3 13 0 0 0 0 0 0 
0 0 0 0 0 9 0 8 0 0 0 3 0 0 0 0 
3 0 8 0 1 4 7 12 0 0 9 5 13 11 0 0 
12 0 0 0 15 3 0 10 13 0 6 0 0 0 9 1 
0 0 0 0 0 11 0 13 15 8 0 0 16 0 0 6 
0 7 16 13 0 6 11 0 0 14 8 1 10 0 12 0 
0 0 5 0 12 0 0 0 6 0 15 11 0 0 16 0 
9 0 6 0 0 5 1 0 0 12 10 0 15 8 2 0 
0 2 12 10 4 0 8 0 0 9 7 13 0 3 6 0 
0 3 4 0 11 0 9 1 7 0 13 2 0 0 0 0 
8 0 0 9 0 0 0 5 11 6 3 12 4 15 0 16 
6 14 0 0 0 2 15 0 0 0 0 10 0 0 0 0 
1 15 0 12 0 0 0 3 0 0 14 0 0 0 11 9 
