4 7 3 0 1 24 0 0 0 5 0 0 0 0 0 0 0 11 0 0 0 17 0 18 23 
6 0 10 8 0 11 4 9 0 0 25 0 18 5 14 0 2 1 0 3 0 0 19 0 24 
0 0 0 0 20 23 0 0 0 0 0 1 19 0 0 0 0 0 18 0 12 7 11 6 14 
0 0 0 23 19 0 16 25 0 7 0 12 6 0 2 13 0 0 10 0 4 0 3 1 0 
14 0 18 16 12 0 0 0 0 8 22 0 0 23 17 6 24 9 0 0 0 15 25 0 2 
7 19 12 15 25 22 0 0 0 2 0 9 13 0 0 21 17 0 0 23 0 5 0 0 0 
23 11 4 10 21 0 0 0 17 9 24 0 15 12 18 7 0 16 0 2 0 0 0 19 0 
18 0 5 9 16 1 0 7 0 21 0 3 0 19 0 20 0 12 0 10 15 0 4 0 0 
0 6 14 17 0 12 0 15 19 0 0 2 10 0 0 18 5 0 1 8 11 16 0 0 7 
20 1 13 0 8 5 18 0 4 0 23 0 0 17 0 15 19 0 0 0 0 24 0 0 0 
9 25 17 6 2 0 19 3 16 24 0 8 12 0 23 0 4 0 0 0 0 0 15 13 1 
10 20 0 0 5 0 0 18 25 14 19 15 0 0 6 0 1 0 0 16 0 0 12 24 11 
12 3 0 0 0 15 0 0 0 22 18 0 9 0 0 0 8 25 19 21 0 0 2 0 20 
8 0 0 13 0 20 9 2 0 11 1 4 24 14 0 12 23 0 0 0 25 19 0 0 3 
0 0 0 11 14 13 1 0 0 0 17 0 0 25 0 2 7 15 0 18 0 9 0 5 0 
15 18 2 12 0 25 0 19 23 16 5 14 21 3 0 10 6 0 13 1 0 20 9 0 0 
19 0 21 14 3 2 24 22 6 0 15 0 20 9 11 0 0 0 7 12 0 0 0 0 5 
13 0 25 0 4 10 0 5 15 0 7 0 0 0 0 17 0 23 2 0 24 11 18 0 0 
0 0 0 7 6 4 8 0 9 17 2 0 0 13 0 5 3 0 15 24 10 21 1 22 0 
0 0 24 5 9 18 7 12 21 13 8 17 23 4 0 16 0 20 14 0 0 2 6 0 19 
0 5 6 0 0 0 0 0 14 0 0 0 17 0 0 0 15 7 0 0 20 12 0 8 13 
1 0 0 0 24 16 0 0 0 12 10 0 0 2 21 0 9 4 0 0 19 0 23 3 18 
2 0 22 0 11 3 5 0 8 0 4 0 0 18 15 25 0 0 16 0 0 0 24 7 21 
0 0 0 21 0 6 22 24 1 0 12 19 0 8 13 0 20 2 23 14 0 10 5 11 0 
0 0 0 0 7 0 0 0 0 0 3 22 1 6 9 0 12 18 8 0 0 4 16 2 0 
