0 0 11 0 13 6 0 0 15 3 14 0 7 9 8 0 
0 0 0 13 0 0 12 11 10 0 8 4 0 0 1 0 
2 0 9 12 7 0 0 0 13 1 11 16 15 0 10 0 
0 0 3 1 2 0 9 10 12 0 0 0 11 0 14 16 
0 0 0 0 8 16 13 15 1 4 0 0 5 0 9 10 
16 1 10 0 0 0 0 2 7 13 0 0 0 0 0 8 
0 3 0 9 11 0 0 0 14 6 15 0 2 0 0 1 
0 8 0 0 1 9 0 0 0 0 2 0 4 0 3 0 
0 0 0 3 9 0 16 6 0 0 4 0 0 0 2 0 
6 0 0 0 4 0 8 0 2 0 1 0 9 0 7 0 
0 0 2 4 0 0 11 3 9 16 6 0 0 12 15 5 
9 0 0 0 12 2 15 0 0 14 0 0 16 0 0 0 
0 0 0 11 0 0 1 8 4 0 0 14 0 3 0 9 
0 16 8 0 0 12 2 0 6 11 0 9 1 10 0 0 
4 9 0 0 0 0 0 0 0 0 10 1 0 8 12 15 
1 0 15 10 5 14 6 9 0 0 0 7 0 0 4 0 
