0 0 0 16 0 0 0 7 0 0 0 0 0 0 21 0 6 0 0 0 14 10 22 0 0 
8 12 0 20 14 0 11 0 0 3 15 0 0 16 13 7 0 22 25 21 24 9 0 0 0 
17 4 21 10 0 18 6 1 0 0 22 0 0 7 19 11 8 12 14 5 0 0 0 23 0 
0 0 0 23 25 16 0 13 21 9 0 14 4 5 0 10 0 20 19 1 2 6 8 11 3 
6 1 24 5 13 12 22 0 0 14 17 0 11 9 2 16 0 15 0 23 19 18 0 0 7 
18 0 23 3 12 14 0 17 0 0 1 0 2 6 4 5 11 25 10 20 7 15 0 0 8 
0 0 0 22 0 3 25 0 0 0 20 0 0 18 5 0 19 23 24 9 0 0 13 12 0 
20 0 0 6 4 0 7 8 0 0 0 0 9 0 0 0 2 17 16 0 0 19 24 0 22 
0 5 11 0 15 0 2 24 12 0 0 17 3 19 23 4 0 13 18 0 0 14 6 0 0 
0 16 8 0 10 4 23 20 0 0 0 0 0 12 24 0 0 0 6 0 18 0 25 17 5 
0 2 19 0 0 5 0 11 0 0 0 4 1 22 0 8 9 0 0 18 0 0 0 24 0 
25 8 13 0 16 0 0 0 0 2 0 20 10 14 17 19 1 0 23 3 15 5 0 0 9 
3 0 18 24 5 0 1 16 20 4 8 9 7 0 0 0 25 0 0 0 21 17 0 0 0 
22 14 10 0 20 0 15 0 0 6 23 25 0 13 16 2 0 21 4 0 0 1 19 8 11 
1 0 12 0 0 0 9 0 23 8 0 2 5 0 0 0 0 0 0 0 16 22 14 13 18 
0 3 22 0 18 0 8 0 16 21 9 23 0 0 7 6 24 0 0 11 1 0 5 0 14 
0 9 5 0 0 0 17 15 0 23 0 0 12 3 0 0 0 0 8 0 0 13 11 18 0 
12 0 0 0 0 0 0 0 0 7 16 0 0 0 8 0 0 0 17 0 3 23 0 21 0 
14 0 4 0 23 11 5 2 24 0 18 6 13 0 1 0 3 0 0 16 22 0 17 7 0 
0 15 0 7 6 0 3 0 0 18 2 0 0 17 0 23 12 0 0 14 0 0 16 0 0 
4 0 0 0 0 15 0 0 8 0 3 19 0 24 9 0 14 10 11 12 5 7 20 0 0 
5 25 15 13 24 9 12 0 3 0 4 7 0 8 0 21 0 0 0 0 0 0 0 0 2 
10 20 0 14 3 0 19 23 4 24 5 0 0 0 15 0 16 8 2 22 9 11 12 25 1 
0 0 0 18 0 0 0 21 0 1 0 12 25 2 0 0 23 0 0 0 0 0 0 15 0 
7 17 16 0 0 0 10 5 11 0 6 18 0 1 0 0 15 9 0 0 4 24 23 14 21 
