15 0 5 0 0 0 0 3 0 13 0 0 11 10 0 0 
9 0 0 6 10 0 0 0 0 4 0 1 0 12 0 3 
0 11 1 0 15 0 9 2 12 14 0 7 4 0 8 6 
12 0 0 3 0 8 0 6 10 5 0 11 9 15 1 0 
2 13 15 0 5 14 0 4 0 0 0 8 7 16 0 10 
16 8 7 0 13 10 0 9 0 0 0 0 2 6 3 15 
14 0 0 0 0 2 6 0 13 7 0 10 0 4 5 0 
0 9 0 0 0 12 15 0 2 0 5 16 0 0 11 0 
6 1 4 16 7 0 0 0 0 0 9 15 0 0 0 11 
0 0 0 0 6 15 0 0 5 0 0 0 16 0 4 7 
0 5 0 15 3 0 16 13 0 6 0 14 0 8 9 0 
0 0 0 0 9 4 12 0 0 16 0 2 0 0 6 5 
7 2 16 8 0 0 0 0 9 10 0 0 0 0 0 1 
0 0 11 0 16 13 8 12 0 0 0 0 0 2 10 0 
5 0 0 0 0 0 0 1 0 0 13 0 12 0 16 4 
0 12 0 13 0 9 5 0 0 0 0 4 6 0 0 8 
