2 0 13 5 0 0 0 11 8 0 0 0 0 14 0 3 
16 8 15 9 14 1 3 6 10 11 0 2 4 12 13 7 
7 1 12 0 4 13 10 0 9 0 16 3 0 0 0 0 
0 4 0 0 0 2 9 12 0 0 0 0 16 0 0 0 
0 0 0 1 0 3 0 10 6 14 0 5 0 0 12 8 
0 0 0 7 12 0 11 0 0 3 1 0 0 0 4 0 
0 14 0 12 6 16 13 0 15 0 0 7 0 1 0 0 
0 0 0 6 1 0 0 0 11 0 4 12 3 7 0 16 
0 15 0 16 2 10 5 13 1 0 0 8 0 0 7 0 
0 5 0 10 0 4 0 16 0 0 0 0 0 0 0 11 
1 3 0 4 9 11 12 7 2 16 13 15 0 5 8 0 
13 0 0 0 3 0 0 0 4 0 0 0 0 0 0 1 
10 0 3 0 13 0 7 5 12 0 0 1 0 0 6 0 
0 12 4 11 16 0 0 0 0 0 15 0 0 0 0 0 
0 0 0 13 0 0 8 3 7 10 0 0 0 4 0 0 
8 0 5 15 10 12 4 2 3 6 0 0 0 0 0 13 
