6 13 1 0 0 3 0 0 0 15 0 0 0 0 0 2 
0 0 15 9 10 0 0 11 8 0 14 0 7 6 0 1 
0 0 7 0 0 15 0 0 0 0 0 12 3 0 0 0 
0 0 0 4 0 0 0 0 0 6 7 1 15 14 0 16 
0 1 8 0 15 2 0 6 0 0 0 4 0 5 0 0 
0 15 0 0 0 12 0 4 5 0 0 0 6 0 10 0 
11 9 0 0 0 0 0 0 14 1 12 15 4 7 0 3 
12 4 0 5 3 9 14 7 0 0 0 6 11 1 13 15 
1 0 0 3 0 0 12 0 11 2 8 0 10 15 0 0 
14 0 12 0 7 10 0 15 6 0 13 0 1 0 3 0 
0 0 10 15 11 0 16 3 12 0 0 0 0 4 0 6 
0 8 5 0 0 0 2 0 3 0 15 16 0 0 0 0 
15 0 13 0 9 0 8 0 7 0 0 2 5 0 0 0 
0 0 0 6 14 0 0 2 15 12 5 0 8 9 0 10 
8 5 0 0 6 4 13 12 0 0 3 10 0 11 15 0 
9 0 11 12 0 7 15 10 0 0 4 8 0 0 6 0 
