0 20 0 10 21 0 0 4 16 19 0 1 7 0 8 0 9 0 3 0 0 0 0 18 17 
6 19 12 0 18 0 0 15 1 0 0 0 0 3 20 0 11 4 24 0 0 2 5 0 0 
0 0 0 17 0 18 3 0 0 0 0 6 10 19 0 0 0 23 0 16 0 22 20 11 21 
25 3 0 9 7 0 0 0 10 0 0 13 4 18 22 5 6 0 0 0 8 23 0 1 0 
0 15 23 1 0 8 20 24 0 7 0 0 9 11 0 25 0 0 0 18 0 0 4 0 0 
0 0 0 0 23 10 21 17 2 0 0 4 16 8 1 19 0 25 15 0 0 0 14 22 0 
12 8 3 20 2 14 22 0 9 11 0 0 25 0 0 10 16 5 0 0 0 21 0 19 0 
21 16 0 0 0 0 12 7 25 0 19 23 11 20 0 0 14 0 8 0 24 4 2 3 13 
0 0 0 25 0 20 24 1 15 0 0 5 0 0 2 3 21 18 6 13 10 7 0 23 11 
0 24 22 18 1 0 19 0 0 8 3 0 21 14 10 0 0 0 11 20 0 9 6 0 25 
14 21 9 0 11 13 0 25 7 10 0 0 18 23 12 0 0 15 16 1 0 6 19 0 0 
15 0 13 6 22 1 16 0 0 12 21 0 0 0 0 23 18 17 0 0 0 0 9 0 4 
20 0 0 0 0 0 4 0 3 0 0 11 13 0 0 0 8 2 0 6 0 0 0 0 0 
0 0 18 0 0 22 5 0 0 24 10 20 0 6 9 11 7 0 0 0 0 0 1 13 14 
0 25 8 0 0 6 17 18 0 0 15 22 0 4 14 0 0 0 9 0 23 10 16 0 0 
0 23 20 0 3 0 18 0 0 21 1 0 0 12 13 7 2 6 19 15 4 16 24 25 0 
0 7 25 12 0 19 0 0 4 0 11 3 15 0 0 0 23 9 21 17 5 1 0 2 18 
22 2 1 13 0 0 0 0 0 25 0 21 6 5 0 16 0 8 18 0 0 17 11 14 9 
0 17 0 0 0 0 23 0 0 1 2 0 8 9 18 12 0 24 0 14 0 0 0 0 20 
24 0 21 16 0 15 0 0 0 0 20 0 0 7 25 4 5 11 0 0 3 13 23 0 0 
9 0 0 4 0 16 25 14 0 0 22 18 0 2 6 24 0 21 20 0 11 0 3 15 10 
18 10 2 0 0 0 15 3 0 0 13 0 0 1 0 17 0 0 5 11 6 0 21 9 23 
0 0 0 7 19 24 0 0 13 6 0 0 5 21 11 0 0 0 0 4 20 18 25 0 0 
0 6 0 24 0 0 0 11 19 0 0 0 20 17 4 18 25 0 0 0 22 12 13 8 0 
0 0 0 0 20 17 0 0 18 0 25 0 3 10 15 6 12 19 13 8 0 5 7 4 0 
