0 0 0 0 5 10 16 0 14 7 9 0 11 0 4 2 
8 9 0 0 2 0 0 0 0 0 12 0 0 0 10 0 
2 4 5 0 8 0 3 9 11 0 0 0 0 0 7 0 
10 0 0 7 12 13 15 0 0 0 5 4 9 0 0 0 
0 0 9 0 0 0 0 0 0 14 0 6 0 10 11 0 
0 8 0 0 4 0 2 3 12 1 10 13 0 0 0 0 
0 7 0 15 0 1 0 11 0 0 16 0 0 8 0 0 
0 14 0 0 0 0 0 0 7 8 0 11 6 0 16 0 
9 0 4 0 1 0 13 16 0 12 15 14 0 0 3 7 
14 13 2 10 3 11 7 0 0 9 0 1 0 0 12 16 
0 16 7 0 0 12 0 0 2 13 4 10 0 6 1 14 
12 0 0 1 10 0 0 4 0 0 0 0 0 0 13 0 
7 0 8 4 14 9 5 10 0 16 0 0 1 2 0 11 
0 0 14 6 0 0 0 0 0 15 1 5 13 0 0 10 
11 10 0 5 13 0 1 0 9 0 14 7 3 0 6 0 
0 0 13 9 0 0 6 15 0 0 0 2 4 5 0 0 
