4 0 24 1 22 0 18 0 0 23 2 0 0 25 0 21 0 12 0 13 16 0 20 17 19 
0 13 0 10 0 0 0 0 0 0 0 17 0 0 14 4 3 1 0 0 0 0 15 0 0 
0 0 0 0 25 0 8 0 13 10 3 0 0 1 0 0 0 20 2 19 21 7 0 4 6 
0 0 0 20 0 0 7 0 16 5 0 15 0 10 4 24 14 18 17 0 1 0 2 3 8 
0 0 16 21 0 0 11 1 0 17 0 12 20 0 19 23 0 7 25 6 0 24 9 18 0 
13 0 21 0 0 7 14 0 5 0 0 0 1 0 16 22 17 4 9 8 6 0 12 0 0 
0 0 20 0 14 0 21 8 0 0 0 0 2 0 9 12 0 0 13 0 4 22 25 1 0 
0 3 23 9 0 11 4 0 0 0 14 19 0 22 10 16 0 0 1 0 0 0 21 2 0 
18 4 17 6 11 0 16 0 12 0 0 25 0 0 8 19 24 21 14 0 9 10 7 0 3 
0 8 15 0 0 13 0 9 25 0 21 4 24 7 12 3 0 6 0 0 18 0 17 0 16 
8 22 25 15 0 6 2 10 0 0 19 0 0 21 0 0 0 24 18 23 11 0 0 5 9 
3 0 0 14 0 0 9 0 24 11 0 0 0 0 25 0 19 22 0 0 0 0 4 15 0 
11 0 0 12 13 0 15 4 18 1 22 0 7 8 5 0 6 3 0 0 14 23 16 0 0 
0 10 4 18 0 19 0 0 22 21 16 24 3 15 0 14 0 0 5 0 7 6 1 0 0 
0 0 2 7 6 25 3 5 0 8 0 9 0 11 0 0 0 0 0 0 19 0 0 10 21 
0 23 10 0 0 3 0 0 11 0 0 22 0 19 1 20 21 8 7 0 2 0 14 0 13 
25 1 14 0 18 0 24 0 0 0 0 0 9 2 0 15 10 19 23 4 5 0 0 0 0 
20 17 13 0 15 0 19 12 0 6 5 7 0 14 21 0 0 9 22 2 3 0 24 25 1 
0 0 0 5 0 8 0 0 1 14 0 23 17 4 3 6 16 0 0 24 15 0 0 7 18 
0 0 6 8 7 2 0 17 9 15 0 0 16 0 0 13 1 5 0 14 22 19 0 20 4 
0 6 0 0 4 0 0 23 0 0 0 3 0 0 2 0 12 14 0 21 0 15 0 0 5 
0 16 3 0 21 5 0 11 2 0 0 10 19 0 0 9 22 17 8 15 23 4 0 12 0 
0 18 9 17 5 14 10 24 0 0 0 0 12 13 0 0 0 11 0 3 0 0 6 16 0 
23 12 0 11 0 18 6 0 3 9 0 0 25 0 0 5 0 0 24 0 17 0 19 21 10 
22 0 1 19 0 0 0 21 4 25 0 0 0 17 11 2 0 10 6 0 24 0 0 0 0 
