23 15 2 8 19 0 25 0 1 18 0 0 12 4 0 11 0 0 6 0 14 0 0 0 0 
0 0 22 1 20 0 0 14 0 13 6 0 10 0 25 0 0 0 24 9 0 0 0 0 19 
0 21 17 5 24 0 0 0 0 22 20 14 2 23 0 15 4 0 16 12 0 1 0 0 9 
0 0 0 14 0 15 0 0 0 12 17 7 19 1 0 0 0 0 25 0 0 5 0 2 4 
0 0 0 10 0 6 24 4 17 0 0 0 11 0 0 13 1 19 14 2 0 0 0 25 0 
0 0 20 0 5 0 3 0 21 25 16 0 0 9 0 12 13 14 2 0 24 0 0 19 0 
4 0 0 0 0 0 11 12 18 0 7 0 13 0 3 0 17 16 0 5 21 0 2 6 14 
14 0 3 25 0 9 22 15 6 16 0 0 0 5 0 4 18 21 0 19 7 0 0 12 10 
0 18 11 23 17 0 0 5 2 14 21 19 0 0 10 1 0 0 9 7 4 13 0 16 25 
0 16 10 15 0 4 0 0 19 0 0 6 0 0 14 20 25 0 23 22 5 9 1 11 0 
0 0 19 0 22 0 0 18 0 0 10 17 0 13 0 6 9 0 3 0 2 0 16 4 11 
9 13 1 21 25 20 7 19 0 17 18 0 0 14 0 23 0 2 22 4 0 0 10 0 12 
17 0 0 0 0 0 0 6 0 0 11 21 0 24 5 14 0 12 0 25 13 7 0 20 15 
10 5 7 16 6 0 1 0 12 8 0 25 0 0 4 0 0 20 19 0 23 21 0 0 0 
3 0 15 0 0 0 16 2 4 0 23 0 0 0 0 0 24 7 21 17 0 25 9 8 18 
0 24 13 0 16 0 0 25 14 6 0 12 5 10 20 0 0 0 8 3 0 0 7 1 0 
0 0 8 7 23 0 0 0 10 0 0 0 0 0 0 0 0 0 20 24 0 19 0 17 0 
0 0 6 12 15 16 0 0 20 0 0 13 0 0 23 9 5 0 0 21 0 4 0 14 0 
19 20 14 22 0 18 0 13 5 1 25 0 17 0 0 7 23 15 0 0 10 2 0 3 16 
1 25 5 0 3 0 0 7 0 2 0 18 21 6 9 16 19 10 0 11 20 0 12 0 13 
5 0 25 0 8 0 14 22 0 4 3 10 0 17 21 24 20 0 1 0 0 15 0 0 0 
0 0 0 0 0 0 21 0 8 20 5 0 0 18 1 19 22 4 13 15 12 10 25 9 7 
7 0 0 0 1 25 0 23 0 5 13 2 14 16 0 0 0 9 0 10 0 8 0 0 20 
20 0 0 4 2 1 0 0 0 0 0 9 0 0 24 3 12 0 0 14 17 16 6 23 5 
0 19 23 0 10 0 6 0 0 24 12 0 0 0 7 2 0 0 0 18 0 3 14 0 1 
