23 24 22 10 16 15 0 25 0 0 21 0 0 0 5 0 0 18 0 0 11 0 8 3 2 
0 11 18 19 0 0 0 2 0 0 7 0 10 4 23 20 0 0 1 0 0 0 0 5 0 
0 0 4 21 0 0 0 0 22 11 13 2 18 3 0 23 16 25 10 9 0 24 14 0 0 
15 0 3 0 17 23 8 0 18 0 6 16 22 0 25 2 24 0 12 0 0 0 10 7 4 
5 0 0 2 1 3 0 16 7 0 0 0 0 0 11 0 0 0 0 0 23 20 22 0 0 
17 0 0 15 3 24 22 0 2 12 19 0 0 21 18 1 0 0 23 0 8 0 0 0 13 
0 12 0 0 24 0 5 0 0 23 0 0 11 1 17 3 18 22 0 0 0 14 0 16 9 
11 14 0 16 18 0 0 10 4 25 22 12 0 24 6 7 0 5 15 13 0 0 0 23 3 
6 1 21 23 2 0 3 0 0 8 5 4 0 0 13 10 0 20 0 14 0 0 12 22 0 
22 0 20 0 0 11 0 0 0 0 16 3 23 0 14 0 0 6 17 8 0 19 5 0 1 
0 20 19 17 0 12 0 11 0 0 0 0 0 0 0 0 0 0 0 0 0 0 4 8 7 
0 16 12 1 0 19 0 0 20 0 25 24 0 5 2 0 8 13 0 0 0 0 21 9 10 
0 15 0 0 0 17 0 0 0 0 0 0 4 0 0 25 21 0 5 11 13 16 1 20 6 
14 4 0 0 13 18 2 0 0 22 0 0 6 8 19 0 0 0 24 7 12 25 0 0 11 
0 21 9 6 23 0 0 8 0 24 18 14 3 0 0 0 0 10 0 12 19 0 2 0 0 
0 22 0 0 14 6 16 0 5 1 0 18 8 0 3 0 0 0 0 4 0 21 15 0 0 
1 2 17 0 0 0 11 3 0 14 12 23 13 6 7 0 22 21 9 15 20 10 16 24 0 
0 5 11 0 0 2 17 22 10 0 14 20 19 16 21 12 7 0 0 1 0 6 9 0 23 
4 6 0 0 12 0 0 0 0 19 0 25 24 0 0 0 0 16 0 18 0 3 0 0 14 
18 0 0 9 21 0 12 24 0 0 17 11 5 0 4 6 23 14 2 0 22 0 0 0 8 
0 0 25 22 6 20 0 12 11 0 0 7 0 0 24 8 5 15 3 23 1 0 0 10 16 
0 18 2 24 0 0 0 0 0 17 11 0 21 0 0 0 9 0 16 20 0 4 23 12 22 
13 23 0 12 0 22 0 4 24 3 0 5 16 2 0 0 10 1 0 0 0 9 0 0 0 
20 0 0 11 10 7 21 0 0 0 3 13 0 23 22 18 0 12 4 0 6 8 0 14 19 
0 19 15 3 4 0 0 6 14 2 10 1 0 0 0 0 13 17 22 24 0 5 0 21 0 
