4 16 0 0 3 9 0 0 0 12 13 0 0 15 11 0 
10 8 0 0 2 12 11 0 4 5 7 9 0 3 6 0 
0 0 0 11 4 0 0 5 0 6 0 15 10 8 0 0 
0 15 0 12 0 10 0 0 1 14 11 2 0 9 5 4 
11 12 0 15 5 0 3 1 16 0 2 0 8 10 9 6 
0 0 6 10 9 16 0 0 0 15 14 12 0 0 4 0 
16 0 8 0 10 15 12 2 0 0 0 3 0 0 0 0 
13 14 0 3 7 6 0 0 11 0 10 1 0 16 0 0 
0 0 0 0 16 3 15 4 5 10 12 0 0 0 0 8 
3 4 0 14 13 5 2 0 0 8 1 0 0 0 0 0 
1 0 0 16 0 7 0 0 9 13 0 14 0 5 0 0 
0 5 13 8 0 1 0 14 2 0 0 0 0 12 3 0 
0 0 0 0 1 8 0 13 0 11 15 0 5 2 14 0 
8 0 0 0 0 11 0 0 14 2 0 0 6 0 0 0 
12 10 0 7 15 2 5 0 0 0 0 0 0 0 0 16 
0 0 0 2 0 0 0 0 0 0 0 16 15 0 0 0 
