13 12 0 0 0 10 3 8 1 0 4 0 5 0 0 0 
1 0 5 0 2 15 13 0 3 14 7 0 11 0 10 9 
10 0 15 0 14 0 0 0 0 13 2 0 0 3 0 4 
6 3 2 8 7 16 9 4 5 11 12 10 14 15 0 13 
0 5 11 2 0 0 0 7 0 3 1 0 8 14 0 10 
0 0 0 12 0 0 0 3 0 15 5 0 0 0 0 0 
0 0 16 0 4 0 0 11 0 10 0 0 6 0 0 5 
0 13 10 6 0 0 0 9 8 0 0 14 0 0 0 0 
0 0 0 4 1 0 6 15 12 8 13 0 16 10 11 0 
11 15 3 0 0 0 0 0 10 16 0 1 0 7 0 12 
0 0 12 0 0 0 16 0 4 7 15 0 0 0 0 0 
0 0 0 0 13 0 4 12 0 0 0 5 9 0 15 0 
0 11 9 1 15 0 10 0 0 0 8 2 3 16 0 0 
2 0 6 3 0 8 0 0 15 0 0 13 0 0 0 11 
0 7 0 14 0 0 0 16 0 4 0 0 0 0 0 0 
16 8 4 0 0 3 12 2 7 0 10 11 0 0 14 1 
