10 0 19 3 0 24 2 5 18 0 20 0 0 12 25 9 4 0 11 22 0 0 0 0 0 
16 0 0 7 20 0 0 0 0 8 0 1 22 9 0 0 12 0 0 0 5 18 19 0 0 
24 11 12 0 0 13 22 19 0 0 0 0 0 10 3 16 18 25 17 1 20 21 9 0 0 
18 0 13 5 9 0 0 17 10 15 0 0 0 2 0 0 3 7 21 23 22 25 0 12 16 
17 2 21 15 0 25 0 12 9 7 0 8 23 0 0 0 19 14 0 0 0 1 0 13 0 
21 12 0 6 0 0 0 0 0 24 19 17 0 0 1 13 5 0 0 14 0 23 10 0 8 
2 1 22 0 0 0 0 25 7 0 0 0 18 0 20 0 15 4 3 0 0 0 0 0 0 
4 0 0 10 0 5 0 21 17 19 0 0 16 0 9 0 25 11 18 12 1 6 13 7 15 
15 0 0 0 0 0 12 8 1 16 0 0 11 0 0 17 2 21 9 0 25 14 4 0 0 
11 25 0 9 17 3 0 13 0 10 12 0 4 8 15 7 1 16 0 0 0 2 0 22 0 
0 22 0 0 4 2 21 0 0 25 13 0 0 0 0 0 9 23 16 3 0 5 0 1 18 
0 13 0 14 11 0 0 23 0 17 25 4 7 1 5 18 0 8 0 0 3 22 21 0 0 
20 21 17 1 0 0 19 14 6 18 3 0 0 0 0 0 0 12 5 0 0 0 0 16 9 
23 0 0 25 0 20 0 0 5 9 0 6 19 0 11 0 0 2 7 0 24 0 14 10 0 
0 5 0 18 2 0 10 3 0 0 23 21 0 0 12 15 0 24 1 0 0 20 0 6 0 
0 0 0 11 0 4 7 22 0 0 10 25 0 17 0 0 16 1 0 9 12 3 2 0 0 
0 17 0 0 14 8 3 9 0 12 0 5 0 4 0 0 7 15 0 0 0 0 22 0 6 
3 20 0 4 21 0 6 0 0 13 0 11 0 22 0 0 0 5 0 17 9 7 25 15 10 
5 0 0 0 0 0 25 16 24 0 0 0 15 7 8 19 10 0 2 0 17 4 0 23 1 
0 0 18 2 0 10 17 0 0 0 0 0 0 0 6 0 22 3 0 0 8 0 0 21 0 
0 9 0 24 0 16 5 0 0 0 4 18 0 0 22 14 8 17 0 0 0 12 1 0 11 
13 0 0 21 19 14 0 15 25 2 0 12 10 20 0 0 23 22 4 0 6 9 0 17 7 
14 15 11 0 16 9 23 0 0 4 5 13 3 0 24 1 21 19 0 0 2 10 8 0 22 
6 18 0 0 5 19 13 10 22 1 7 0 8 21 0 25 11 0 0 0 23 0 3 14 0 
0 0 2 0 25 17 0 7 0 0 0 9 0 0 0 0 0 18 15 16 13 0 5 0 21 
