0 0 0 0 15 14 0 0 0 12 8 5 0 7 0 4 
0 11 0 0 8 3 0 0 0 4 14 9 0 0 0 0 
4 0 0 5 0 11 0 0 16 3 0 0 13 2 15 8 
15 0 8 0 5 4 10 0 0 0 7 13 0 0 11 16 
0 7 0 14 16 5 0 0 0 0 4 12 15 0 0 13 
0 16 11 0 0 0 14 8 7 1 0 0 0 9 3 0 
0 0 0 0 0 0 7 0 9 0 13 0 0 10 4 6 
6 13 4 0 0 2 0 10 5 16 0 0 0 0 0 12 
0 0 7 0 0 10 13 1 0 9 0 0 0 0 12 14 
0 0 0 9 14 0 0 0 13 0 0 1 2 16 8 7 
0 0 0 13 0 0 9 16 0 7 0 6 4 0 0 1 
16 0 14 2 6 0 5 3 0 15 12 8 11 13 0 0 
14 4 10 0 0 9 8 0 1 0 0 2 0 0 0 0 
13 0 5 0 0 0 12 15 0 0 0 0 0 4 0 0 
9 0 1 0 3 0 4 5 12 11 0 7 0 0 13 0 
0 3 0 0 10 6 0 14 8 13 9 4 1 0 7 15 
