2 11 10 0 0 8 0 0 0 14 5 9 0 4 0 0 
0 12 0 16 1 7 0 0 2 0 0 3 0 0 8 9 
1 7 3 4 9 15 0 0 0 0 16 11 14 0 2 13 
0 0 0 9 13 0 0 0 6 0 15 12 11 0 0 0 
3 1 0 0 2 13 0 15 7 0 10 4 0 0 14 0 
0 9 14 0 8 11 0 0 0 16 6 0 0 0 7 0 
0 0 16 10 0 4 14 5 9 0 0 15 1 2 0 0 
15 0 0 0 6 16 0 0 3 11 14 0 12 10 4 0 
0 0 0 6 7 10 8 1 13 0 3 0 4 0 0 16 
8 15 7 5 0 3 0 0 4 2 0 0 6 9 1 10 
14 0 0 0 0 12 6 9 0 15 0 0 0 7 0 0 
0 0 13 0 0 14 4 2 0 0 7 8 5 3 0 11 
0 0 2 7 0 0 0 0 12 0 0 6 0 0 0 0 
0 5 11 0 0 6 0 0 0 4 0 0 2 15 9 1 
0 0 0 0 0 0 0 0 0 0 0 13 7 0 10 0 
16 6 0 0 4 0 7 11 14 0 2 10 13 0 0 0 
