8 0 0 0 5 0 25 0 7 24 0 20 13 9 0 10 15 2 0 0 0 6 17 4 0 
20 15 7 16 9 4 0 0 8 10 0 11 0 1 0 0 3 0 17 0 5 18 23 21 0 
0 0 0 0 0 6 0 0 19 21 0 22 0 5 16 0 24 25 1 20 0 0 13 2 7 
11 0 0 18 1 9 0 12 0 5 0 2 7 10 14 8 23 19 4 0 0 0 20 0 22 
2 0 21 0 0 18 11 1 0 0 3 0 0 0 0 22 5 0 7 9 0 0 0 14 19 
9 4 23 0 6 5 3 7 0 22 2 15 18 25 8 20 0 0 0 0 0 0 0 12 0 
0 5 1 21 13 10 9 15 0 19 0 12 0 6 3 14 25 0 0 0 0 0 0 0 8 
10 0 0 0 0 0 0 4 0 0 11 0 0 0 7 0 8 23 0 17 18 0 0 0 16 
17 0 0 15 7 0 14 2 11 23 0 5 0 16 0 9 21 12 0 6 0 0 22 1 25 
12 3 11 0 20 0 21 16 18 25 0 0 24 0 0 0 22 0 15 0 0 0 6 0 0 
14 0 16 24 19 15 22 20 23 2 21 18 0 13 0 0 0 10 0 0 0 8 4 0 5 
0 21 0 17 8 0 18 5 14 9 0 3 0 0 0 0 20 0 2 19 0 12 25 0 1 
0 11 6 0 12 19 13 24 4 0 5 7 0 0 0 21 0 0 22 0 14 10 3 0 23 
4 7 0 5 0 21 0 8 3 0 14 0 11 0 1 18 0 0 23 0 24 0 19 0 2 
0 0 22 0 0 1 16 10 0 11 0 0 0 0 0 0 4 0 0 8 0 0 0 18 9 
0 0 8 23 16 0 0 13 5 12 25 14 15 2 18 3 11 0 0 4 0 0 0 10 0 
0 0 0 22 17 0 0 3 9 15 0 8 20 21 0 16 0 0 0 14 23 0 1 5 4 
0 0 4 20 0 0 0 0 0 18 0 0 0 7 5 0 10 0 21 24 0 0 8 3 0 
6 19 10 0 3 14 0 17 21 0 1 0 9 0 22 15 13 0 8 0 25 0 18 20 0 
24 0 0 0 15 0 0 25 10 20 4 6 0 17 11 19 7 22 12 23 0 0 0 0 14 
5 14 0 8 0 17 0 0 15 13 9 0 0 0 24 23 16 20 0 0 0 2 10 19 0 
0 13 9 4 0 22 0 11 1 0 8 0 14 20 0 0 17 0 0 0 12 0 16 6 0 
22 0 20 0 25 23 0 0 12 14 0 0 0 3 15 7 0 8 5 11 4 1 0 0 21 
0 0 0 6 0 25 10 18 2 3 7 0 5 22 0 4 14 0 9 12 15 0 0 0 20 
0 23 3 0 0 20 6 0 0 8 12 10 4 0 19 0 2 21 0 0 0 0 5 24 0 
