0 8 1 17 0 0 0 0 25 0 23 22 18 0 21 0 0 5 24 15 14 0 0 0 19 
0 14 0 0 9 12 0 21 18 0 10 0 2 15 0 16 0 0 20 13 17 1 0 3 4 
24 22 0 15 0 0 5 6 23 16 17 14 12 4 11 18 0 0 0 21 8 0 0 0 0 
0 18 0 0 0 22 0 19 14 0 6 0 0 0 0 0 3 17 8 12 23 10 0 20 0 
12 0 0 0 10 0 3 7 11 0 13 0 0 20 0 0 0 2 6 0 0 25 15 18 22 
16 0 0 0 0 19 7 4 0 0 0 0 0 0 0 0 0 8 0 11 22 3 0 14 1 
0 19 12 2 5 21 23 0 0 20 9 0 24 0 0 0 1 7 0 14 0 11 10 6 0 
0 0 6 0 22 0 0 8 5 14 0 3 1 0 25 9 15 21 0 0 16 18 0 19 20 
0 20 14 1 0 0 15 9 12 18 2 0 0 11 10 0 23 0 3 0 0 0 21 5 0 
9 0 18 0 0 0 0 11 16 25 0 21 15 0 0 5 0 4 0 0 24 17 0 0 8 
0 1 17 18 24 25 0 14 15 4 0 23 21 13 0 0 0 0 7 5 9 20 22 0 11 
0 0 0 3 16 0 1 12 0 19 11 7 0 0 5 8 21 0 4 22 25 0 0 0 17 
0 0 7 0 0 0 11 0 9 0 22 0 0 0 14 19 0 0 23 20 1 8 2 24 21 
0 6 0 0 4 7 21 0 0 0 3 0 0 0 20 0 0 0 11 0 19 12 18 16 0 
14 21 25 22 11 0 0 10 0 24 0 2 0 0 18 0 16 13 0 17 5 4 0 7 6 
21 3 8 5 0 11 0 0 0 23 24 0 13 7 16 0 0 19 0 18 6 15 0 0 0 
1 9 4 11 23 0 13 20 0 3 18 17 0 0 0 0 0 0 0 2 7 0 0 0 5 
0 17 24 0 6 8 0 15 7 0 5 0 10 0 1 0 0 22 13 16 2 0 25 0 0 
0 25 0 0 0 4 18 0 0 0 0 11 8 0 19 6 5 3 15 23 10 22 13 0 9 
22 15 0 13 12 0 14 17 19 5 0 6 0 0 0 0 0 0 0 8 0 23 24 0 18 
0 5 2 25 19 15 0 24 1 0 0 0 7 22 0 0 0 23 17 6 3 0 0 9 10 
10 11 13 20 17 9 0 0 21 7 4 0 0 0 3 25 8 15 18 0 12 0 0 22 0 
6 0 0 0 18 10 0 0 0 0 0 25 0 9 23 0 0 0 0 3 0 0 0 1 0 
8 23 0 0 1 0 0 18 3 12 21 0 0 5 17 0 13 11 0 4 15 24 20 25 0 
3 0 22 14 15 0 25 0 0 6 1 0 0 0 2 10 9 20 21 7 18 0 0 23 13 
