0 0 4 0 16 0 0 0 0 5 10 2 0 11 0 0 
0 5 15 0 6 8 12 0 11 0 7 1 0 0 0 2 
2 0 0 0 0 1 0 0 0 0 0 0 0 0 3 0 
0 0 0 0 15 0 2 10 0 0 0 12 0 0 0 16 
8 0 6 0 0 10 0 0 2 0 12 0 7 13 0 15 
16 12 14 1 0 11 0 0 0 10 15 7 2 0 0 0 
0 7 9 0 0 0 16 0 0 4 6 0 0 1 0 8 
0 0 0 2 0 4 0 7 0 9 1 8 14 0 16 0 
0 11 10 0 2 13 15 0 4 14 0 9 0 16 0 0 
6 0 16 0 0 0 14 9 0 1 0 3 0 0 4 0 
9 14 0 0 10 5 4 0 16 15 0 0 0 2 0 0 
0 15 0 4 11 6 1 16 0 0 2 0 8 5 14 0 
0 0 0 13 0 12 5 6 7 0 0 0 15 14 0 1 
5 8 0 14 3 0 0 11 15 0 0 4 0 9 2 0 
7 6 0 0 0 15 0 4 9 8 14 5 16 10 0 3 
10 0 0 0 7 0 8 0 1 6 0 11 0 12 13 5 
