0 2 17 1 3 8 14 0 4 21 0 0 5 0 22 10 0 0 12 23 15 0 0 11 18 
9 0 7 0 0 18 0 0 0 0 11 25 0 19 0 0 0 24 15 0 0 6 2 1 13 
0 0 0 0 0 11 3 17 0 0 24 0 21 4 0 0 0 22 18 8 9 19 7 25 12 
0 24 0 25 0 23 1 5 7 0 12 8 0 14 2 0 0 0 0 0 16 0 0 21 17 
22 0 13 12 11 0 0 25 9 0 0 0 16 18 0 0 1 7 0 14 4 0 5 0 3 
20 18 1 17 5 21 7 12 10 25 9 19 22 23 0 0 0 11 13 0 2 0 3 4 0 
0 0 3 2 0 9 4 24 0 0 0 10 8 6 0 15 19 1 0 18 0 25 0 0 23 
0 11 9 0 6 0 0 18 1 23 0 4 0 13 12 3 0 10 25 2 5 0 0 0 0 
0 0 0 0 13 0 0 20 14 0 0 1 2 3 24 0 21 0 9 5 0 0 0 0 0 
0 0 0 0 0 13 8 0 11 0 0 18 20 25 5 0 0 23 6 7 1 22 0 9 19 
7 6 0 24 0 1 9 0 23 10 0 0 0 2 0 4 25 18 0 3 11 0 14 0 5 
14 20 16 13 0 0 19 0 17 24 0 0 9 22 7 0 5 15 10 0 0 0 0 2 8 
0 0 11 0 0 0 0 4 18 22 0 0 0 20 10 0 24 0 23 0 0 9 12 15 0 
1 19 0 0 4 0 5 0 20 0 0 0 24 8 0 14 0 0 0 0 0 13 0 0 0 
0 3 0 0 9 0 0 0 0 0 6 0 11 15 0 21 22 0 0 0 0 23 19 17 0 
0 7 25 0 0 0 18 9 0 0 0 11 14 0 3 0 15 13 0 22 12 0 0 10 21 
0 0 20 0 16 6 0 22 0 0 19 0 0 7 0 11 0 14 8 25 0 24 15 0 0 
3 12 21 14 0 7 10 0 8 0 0 22 4 0 15 0 18 6 5 0 20 11 0 0 25 
11 0 0 15 19 0 0 16 0 0 0 17 0 21 18 0 0 9 7 0 0 14 6 0 22 
0 0 0 0 0 0 0 15 3 14 0 0 0 24 20 1 4 21 0 0 19 17 23 0 0 
4 22 2 11 10 14 21 0 0 0 0 0 7 12 0 25 0 3 0 0 23 5 18 8 0 
0 23 5 3 0 2 0 7 25 18 0 13 19 10 14 22 8 0 0 15 21 0 20 6 9 
0 0 6 0 0 4 23 0 19 0 5 0 0 17 25 7 0 2 0 21 0 3 13 0 0 
16 21 19 0 17 0 0 13 0 15 22 3 18 11 8 0 10 12 4 1 7 2 25 14 24 
25 13 12 7 0 10 24 0 22 0 2 21 23 0 0 18 0 5 14 0 17 1 0 0 4 
