0 7 4 5 0 21 6 9 0 0 24 22 12 18 16 25 0 17 0 0 3 0 23 0 0 
17 0 18 0 0 0 0 15 12 3 0 0 6 0 0 7 0 20 0 0 0 25 21 22 0 
2 0 0 14 3 1 18 0 0 8 4 0 0 0 0 21 0 0 9 0 0 7 0 0 17 
25 9 15 0 0 0 2 0 7 22 8 17 14 3 0 1 11 0 18 10 5 0 19 0 0 
6 0 0 19 23 0 0 24 0 0 0 7 0 0 25 0 15 3 12 0 18 0 9 10 14 
0 0 16 22 0 20 0 1 0 0 0 0 13 0 6 24 0 12 10 23 9 14 0 0 18 
21 20 0 8 0 17 4 22 23 7 18 9 0 0 1 16 0 14 0 2 0 6 15 12 3 
9 4 0 7 11 10 5 13 0 0 12 0 22 14 2 3 0 0 8 15 0 0 0 24 1 
14 1 0 6 18 9 0 0 0 24 16 0 0 23 0 0 0 19 0 7 20 0 0 5 10 
13 12 2 15 0 11 16 21 8 0 5 19 3 24 0 9 6 18 0 0 0 23 0 4 22 
0 0 17 10 0 0 24 4 11 12 23 0 7 0 9 15 8 21 20 0 0 0 0 16 25 
11 6 0 24 5 18 14 0 13 0 22 16 15 21 0 19 0 0 0 9 17 0 8 0 0 
19 0 14 0 0 0 0 0 21 0 25 5 0 0 12 0 24 7 6 18 0 0 0 3 0 
7 8 1 0 0 15 3 5 0 0 13 0 0 11 0 0 22 16 0 0 19 0 0 0 0 
12 0 21 23 0 0 0 0 22 0 0 0 8 17 0 10 25 4 5 0 0 9 0 13 0 
5 0 13 0 6 22 15 8 0 9 0 0 0 0 17 0 12 10 0 3 0 4 0 0 19 
0 0 0 20 0 0 0 2 14 6 0 0 0 1 0 22 0 8 0 0 7 0 10 0 24 
0 0 8 17 0 23 0 19 18 4 3 0 20 22 0 0 0 6 0 24 11 15 2 1 0 
23 22 0 21 19 3 0 0 20 16 0 24 18 10 0 4 1 2 0 25 6 13 5 8 9 
10 0 9 0 2 24 21 7 25 0 6 23 5 4 8 18 20 11 0 0 16 0 0 0 12 
0 0 10 0 8 0 23 11 0 0 20 13 0 0 18 6 14 0 0 0 0 22 25 0 5 
20 21 12 0 0 0 0 0 0 5 15 3 25 0 0 8 0 23 17 0 0 18 1 0 7 
0 0 0 0 7 0 9 0 15 10 17 0 0 6 0 12 0 13 0 0 8 0 0 0 0 
0 0 6 0 9 0 1 0 17 0 10 8 0 16 0 0 7 5 0 0 15 21 14 19 13 
15 23 11 0 14 8 0 18 3 0 0 1 4 5 19 20 0 0 25 22 10 0 0 0 0 
