6 7 0 5 9 0 0 0 14 0 1 3 0 0 13 10 
11 9 3 0 14 16 0 13 7 15 0 0 6 5 0 8 
1 10 0 14 5 0 0 8 0 0 0 6 12 0 0 0 
16 4 13 0 10 0 6 7 0 9 12 0 0 0 0 15 
0 5 10 13 0 0 0 14 0 3 15 1 0 9 11 0 
0 6 0 4 8 0 12 3 9 11 0 7 0 15 0 0 
14 0 0 0 11 9 0 16 0 2 13 4 0 0 0 5 
9 0 16 0 4 0 0 0 0 12 14 0 3 0 0 7 
10 0 4 16 0 12 0 6 2 0 0 0 0 14 0 1 
0 0 11 6 0 14 5 9 0 0 8 15 13 0 16 0 
0 0 0 0 0 0 0 0 0 0 0 0 15 3 0 0 
15 0 0 0 0 1 8 10 11 0 0 16 5 0 2 0 
13 0 5 0 1 8 0 0 0 10 6 11 0 0 12 0 
4 3 0 10 0 0 14 15 0 0 7 0 2 0 0 0 
0 0 12 0 0 0 13 5 15 8 0 0 1 6 10 0 
0 2 0 0 0 0 16 0 12 5 4 0 0 13 15 0 
