20 1 15 10 0 0 19 12 11 0 14 2 0 13 0 4 0 0 0 0 23 0 0 0 7 
0 0 18 8 0 23 16 6 0 21 17 22 24 9 0 2 12 0 1 11 10 13 20 19 15 
25 19 6 23 7 24 20 3 0 0 12 11 10 16 18 0 5 0 15 0 9 0 4 0 8 
0 17 0 0 13 0 18 0 0 2 20 21 4 0 0 16 0 0 14 0 11 12 1 0 3 
0 9 16 0 11 0 0 25 0 14 1 23 0 15 5 0 0 19 0 6 0 0 24 17 18 
0 15 0 0 25 0 0 0 16 7 19 17 0 0 0 3 0 24 0 0 0 0 12 9 10 
23 6 4 0 0 0 10 0 8 24 0 0 12 0 0 17 0 14 0 0 20 1 0 22 25 
0 8 12 0 0 0 0 0 0 23 4 0 13 0 10 6 0 18 11 22 16 2 0 14 17 
0 0 7 20 0 11 17 0 2 0 0 0 6 0 0 0 1 10 12 25 0 0 23 0 5 
17 0 11 22 0 0 15 4 12 6 5 0 1 20 0 9 0 0 13 0 0 3 0 21 19 
2 0 0 4 9 0 24 0 0 5 8 1 0 0 21 12 23 0 0 14 13 18 25 0 0 
14 22 8 0 0 0 7 0 13 0 0 0 20 0 11 1 0 9 0 15 21 0 0 24 12 
24 0 19 0 0 15 23 0 21 12 0 0 0 6 13 18 11 0 2 3 0 10 0 5 4 
7 0 0 12 0 20 8 11 14 0 23 18 0 25 0 5 0 21 0 4 2 0 3 16 1 
0 5 0 0 0 0 0 0 10 0 24 0 0 12 0 13 0 17 16 7 0 19 0 0 9 
0 4 2 24 19 22 0 5 15 16 25 0 0 0 0 10 0 11 18 1 0 17 21 0 0 
0 23 0 7 12 0 0 0 0 20 0 0 15 14 16 22 21 0 25 0 0 4 0 18 0 
1 0 5 17 20 0 6 18 23 0 0 0 21 0 24 14 0 15 7 9 0 8 11 12 16 
15 18 0 14 6 21 0 0 9 0 0 0 0 17 0 0 0 12 23 16 24 20 0 0 13 
0 25 0 16 8 13 0 0 0 10 18 6 23 0 4 20 17 0 5 24 0 9 0 0 14 
0 0 0 0 0 16 0 21 0 1 13 12 17 5 23 15 0 0 0 0 0 0 9 11 24 
6 13 0 1 0 0 3 0 0 15 21 0 25 24 0 11 0 5 0 0 18 0 10 0 20 
9 11 20 21 0 17 4 0 0 8 6 0 0 7 0 25 10 1 19 0 12 0 0 0 22 
0 12 0 15 0 0 0 19 18 0 0 0 0 1 0 0 22 6 0 0 17 25 13 0 2 
5 2 25 0 0 6 0 10 0 0 22 0 11 4 0 23 0 0 17 0 0 0 16 8 0 
