18 8 22 5 10 0 2 20 0 6 0 11 17 3 0 1 12 0 0 14 21 0 23 25 4 
9 0 7 0 0 14 18 0 0 19 0 23 0 21 0 6 0 24 5 0 0 0 15 0 8 
13 6 14 1 4 0 0 21 12 25 18 10 22 0 24 0 0 20 9 0 19 11 5 0 0 
16 20 23 24 0 0 1 22 17 11 0 0 14 0 5 0 0 0 19 0 9 7 0 12 6 
0 25 0 0 11 0 5 8 0 0 12 0 1 4 9 0 0 0 22 10 0 13 0 0 0 
25 24 21 6 8 22 0 0 15 0 0 0 5 1 23 0 0 0 0 0 20 0 16 0 0 
17 0 1 0 20 19 7 9 2 0 6 0 0 25 0 0 0 0 0 0 13 14 24 15 22 
15 0 2 0 0 25 23 17 20 21 24 0 16 0 11 13 8 14 6 0 0 0 0 5 1 
10 7 0 14 0 0 6 0 16 12 0 9 21 20 0 3 0 17 0 22 0 0 0 11 18 
0 22 11 9 0 10 0 0 18 14 13 12 2 0 17 16 0 0 0 25 8 21 0 0 0 
24 11 0 0 0 7 8 25 0 22 0 0 0 0 0 0 13 0 21 0 18 0 0 16 0 
2 14 3 21 0 6 20 10 0 0 19 0 9 0 22 0 0 4 0 0 0 0 0 0 23 
7 9 0 0 1 2 0 0 14 16 0 20 18 24 0 0 5 25 23 0 22 10 0 0 0 
23 0 0 0 25 13 9 4 0 0 0 17 11 10 21 12 3 0 14 6 0 5 0 7 15 
22 0 0 20 6 0 0 0 19 0 0 0 25 5 12 8 10 0 7 0 11 0 0 0 14 
0 17 4 0 14 3 0 0 6 0 21 2 24 8 0 19 0 18 13 12 0 16 0 22 0 
20 3 0 11 22 15 0 16 21 9 0 1 23 0 0 14 17 0 2 0 4 6 7 19 5 
21 15 16 23 18 0 0 19 0 0 0 0 6 14 0 4 11 7 0 5 2 12 0 0 10 
0 19 0 13 0 24 0 2 7 1 0 22 0 0 0 20 0 10 0 0 3 0 8 18 21 
0 0 0 2 7 11 0 0 4 0 3 0 15 19 0 0 6 21 0 0 0 0 0 14 25 
11 0 0 0 17 0 21 15 0 5 16 4 7 23 14 24 0 0 0 0 6 0 22 13 3 
0 0 18 10 24 0 16 0 25 0 20 21 0 0 2 0 0 9 8 15 5 23 0 0 0 
4 1 0 7 0 0 0 6 0 2 0 3 0 18 25 23 0 16 17 0 15 0 0 0 0 
14 23 25 0 0 20 0 13 0 4 22 15 10 17 1 0 2 6 11 18 0 0 12 0 0 
0 21 0 22 0 17 19 0 0 0 11 24 0 0 6 0 0 3 0 0 1 0 0 20 0 
