0 0 12 0 1 6 13 0 11 10 0 3 0 9 8 0 
0 8 0 1 0 9 0 11 0 2 0 0 0 0 0 0 
0 3 0 0 0 12 8 0 9 0 0 0 0 0 13 10 
13 0 0 0 5 14 0 3 7 8 1 16 11 0 15 0 
6 1 0 0 3 0 5 16 0 0 2 8 0 0 14 15 
0 0 4 0 0 15 14 8 0 11 6 0 7 5 2 9 
9 2 5 0 0 0 0 4 10 14 0 15 13 16 0 0 
0 0 14 0 6 0 0 9 3 16 0 5 0 0 1 0 
0 0 0 5 0 0 9 6 0 1 3 0 14 0 10 16 
0 0 0 10 2 7 16 0 15 5 9 6 1 0 0 0 
3 14 0 6 0 4 12 0 0 13 0 0 2 11 0 0 
2 15 16 0 0 0 0 10 14 7 11 4 0 6 12 13 
1 0 3 0 0 0 0 0 0 6 0 13 0 10 7 2 
4 0 11 0 9 0 0 0 0 12 10 0 15 0 0 1 
8 0 0 0 0 0 0 1 0 0 4 0 0 13 0 3 
0 7 2 13 0 5 0 0 0 0 16 0 0 8 0 0 
