1 0 8 0 6 0 7 15 0 0 9 0 0 2 0 12 
6 0 0 0 10 12 0 9 8 0 1 0 0 0 0 16 
16 0 0 0 0 0 14 0 6 0 0 0 1 0 3 0 
2 13 0 0 0 8 16 1 14 3 0 0 0 0 4 15 
0 15 0 0 12 13 3 11 10 0 0 1 0 0 7 5 
12 7 2 0 0 1 9 0 0 0 4 0 16 0 6 13 
8 5 0 0 0 0 6 16 0 13 15 9 0 0 0 0 
13 9 10 6 0 0 5 0 7 11 0 0 0 0 12 0 
5 16 0 14 0 2 15 0 13 0 0 10 0 6 8 4 
15 0 0 0 7 16 10 0 0 4 0 0 0 1 0 0 
0 0 0 2 0 14 0 0 0 9 0 0 0 16 0 0 
3 0 0 13 1 0 4 8 5 12 16 0 0 0 15 14 
9 3 0 7 15 0 0 0 0 0 0 12 10 0 2 0 
10 0 13 0 0 9 0 14 2 0 11 4 15 5 1 0 
11 0 5 0 0 10 1 4 0 15 13 3 0 12 0 0 
4 0 14 0 0 6 12 0 0 10 5 0 0 13 0 3 
