11 4 10 0 15 12 0 0 17 16 0 0 3 13 0 0 5 1 22 2 21 25 19 9 24 
20 22 0 0 0 0 24 13 0 0 0 23 17 12 15 11 0 0 16 8 5 2 0 14 0 
9 0 0 14 21 25 0 0 5 0 4 19 11 0 10 0 0 7 0 0 15 0 17 12 20 
0 13 12 24 25 0 0 0 0 11 8 9 0 14 21 10 17 0 19 20 0 18 23 0 0 
0 17 6 2 8 0 0 0 19 23 0 24 0 5 22 12 25 21 9 18 1 11 0 10 0 
15 0 0 0 14 0 6 16 7 21 0 0 5 0 0 0 0 0 24 0 0 0 10 4 0 
8 11 0 0 0 0 9 10 0 13 0 0 0 0 0 3 0 17 21 0 0 6 0 0 2 
22 10 0 21 0 24 8 0 0 0 0 0 0 0 16 4 0 0 0 14 0 9 0 15 12 
25 5 9 7 19 23 4 2 15 12 17 18 0 0 0 1 16 0 0 22 0 21 0 0 8 
12 0 23 4 0 20 0 0 3 0 0 21 13 0 0 19 10 11 15 9 0 0 0 0 0 
0 0 21 0 16 0 0 0 23 2 5 6 0 0 17 0 1 12 11 10 25 0 0 0 15 
24 0 11 0 17 18 21 15 0 0 9 10 12 0 0 0 14 0 0 0 0 0 0 3 5 
10 0 2 5 0 0 0 0 11 0 0 0 0 0 0 22 21 20 0 0 16 14 9 7 18 
0 0 15 19 12 0 13 25 8 0 16 0 0 0 14 0 0 0 0 0 10 0 20 0 11 
0 0 0 25 6 16 1 9 10 19 0 11 8 0 20 0 24 0 0 15 0 23 22 2 21 
0 0 22 20 0 13 0 0 0 0 14 4 0 17 0 15 0 0 0 0 9 24 0 0 3 
0 0 18 1 0 0 10 19 2 22 12 16 0 3 6 0 0 8 7 24 23 0 0 21 4 
0 9 0 0 0 4 5 0 24 20 21 0 15 7 13 0 12 23 0 0 14 0 16 25 0 
17 24 4 0 13 9 25 12 1 0 19 0 23 0 2 16 18 10 14 0 20 0 11 0 6 
0 12 0 0 23 15 14 7 21 8 24 0 18 20 0 9 0 22 4 17 2 0 0 0 0 
0 0 24 11 18 0 0 0 13 5 0 12 25 0 0 21 22 16 8 0 17 4 15 20 0 
0 15 0 0 9 1 0 21 0 25 18 0 24 0 4 7 20 0 0 0 19 12 2 0 16 
1 23 7 0 10 8 19 20 0 0 0 0 0 16 0 2 15 24 6 13 18 0 21 22 25 
4 0 25 8 0 10 0 6 0 0 2 3 22 0 7 0 0 0 0 0 0 1 0 13 9 
0 0 17 6 0 2 0 11 0 24 0 15 0 0 0 0 0 9 12 0 8 10 0 5 23 
