9 14 1 23 16 0 0 0 13 2 12 0 0 0 11 0 0 0 15 0 8 17 6 0 10 
0 0 0 19 0 7 15 0 0 0 0 16 0 0 4 23 0 0 2 0 0 0 22 3 25 
15 0 0 0 0 0 8 0 4 0 0 0 25 23 0 17 0 9 22 1 0 16 0 13 14 
2 5 21 0 0 0 0 23 11 16 6 20 0 10 0 0 0 0 25 0 12 4 15 1 7 
0 0 3 22 17 5 0 9 0 6 7 0 0 0 0 13 0 8 0 11 0 21 0 18 24 
0 1 0 4 0 2 0 0 0 0 20 11 6 0 3 0 25 0 14 8 22 0 0 0 0 
0 0 0 0 18 19 0 14 0 0 0 23 22 1 0 12 0 0 0 2 0 10 0 0 0 
0 24 0 0 2 6 0 0 0 0 4 5 18 8 0 19 0 10 1 15 17 0 0 16 13 
3 0 22 9 0 13 10 0 1 0 0 21 0 2 24 6 23 16 4 20 25 0 0 14 18 
0 6 0 8 20 0 4 16 18 9 14 13 0 25 10 21 0 11 0 0 3 1 0 15 2 
10 7 0 2 13 20 16 0 0 0 15 0 24 0 0 18 0 17 23 22 0 6 19 0 9 
17 9 0 24 5 0 13 8 7 18 1 0 4 19 0 0 0 20 11 14 15 22 3 23 12 
19 25 16 12 21 0 24 0 0 0 0 17 20 0 0 0 0 0 0 5 1 0 0 7 0 
11 23 0 0 0 1 0 0 6 0 0 0 5 0 21 25 8 12 0 0 14 24 13 17 20 
0 3 0 0 0 0 14 17 5 19 10 6 23 22 9 15 0 13 0 24 0 0 0 11 0 
1 12 17 0 0 0 0 22 23 0 0 0 0 24 5 0 0 0 0 0 19 13 0 20 0 
6 0 9 15 23 11 7 0 12 14 18 0 2 20 17 0 0 0 0 16 5 25 0 0 0 
22 0 18 3 0 15 19 21 0 5 0 9 7 0 13 0 4 0 12 0 0 14 17 24 1 
13 8 20 0 0 3 1 0 0 10 23 15 14 16 22 0 0 0 17 0 18 11 0 12 0 
7 16 19 5 0 0 0 18 20 17 0 3 1 0 12 0 0 0 0 0 0 0 23 0 0 
5 0 24 0 0 0 17 0 0 0 0 0 16 0 0 0 0 7 21 4 0 3 0 6 23 
0 0 2 0 3 25 18 7 22 15 24 1 0 17 23 11 0 0 5 12 0 9 0 10 0 
0 21 0 0 11 9 0 0 2 0 22 18 13 7 15 10 17 1 0 23 24 19 0 0 0 
18 17 0 6 15 0 23 10 0 0 3 4 0 5 0 8 0 2 16 9 7 12 1 22 0 
12 0 0 0 7 4 21 5 0 11 19 10 0 9 6 0 3 25 0 13 20 0 0 0 17 
