15 0 17 0 24 5 23 2 0 6 14 0 0 20 0 7 0 0 0 0 21 10 0 0 9 
5 6 0 0 0 8 10 0 0 0 0 2 13 0 21 0 0 22 0 18 23 0 0 0 0 
23 21 19 0 0 9 11 20 0 22 0 10 0 24 4 2 14 0 0 5 0 13 16 0 3 
16 0 0 22 9 0 0 14 0 18 0 0 0 19 12 10 0 23 0 21 11 8 5 0 15 
1 0 20 10 0 0 15 0 0 16 0 17 3 0 23 12 11 0 0 8 24 2 14 6 0 
3 5 25 15 7 6 0 23 0 0 10 0 0 4 0 14 12 24 13 0 1 21 0 0 2 
0 13 18 17 0 0 24 0 0 0 0 0 5 0 0 6 0 4 0 0 22 25 0 14 0 
6 0 8 0 10 0 3 0 0 5 0 7 18 0 0 0 25 16 21 9 17 0 0 23 0 
12 16 0 0 0 0 0 1 10 0 23 24 0 22 20 11 15 5 0 0 0 0 6 0 4 
11 23 22 24 20 14 12 0 4 0 6 0 25 2 13 0 0 18 17 0 0 15 9 5 0 
13 0 0 14 0 0 0 0 9 8 24 0 10 0 7 0 5 0 18 0 20 0 23 25 0 
0 2 7 0 4 10 14 25 16 21 0 12 20 23 0 17 0 0 0 0 3 0 24 0 1 
0 0 0 18 11 1 20 0 5 0 17 0 2 16 6 13 22 0 0 7 14 0 4 15 8 
0 24 0 25 16 0 4 18 0 0 0 3 0 0 19 20 0 14 8 12 6 0 0 7 0 
0 0 0 23 0 22 7 6 19 0 8 0 0 0 0 1 0 15 24 0 16 0 21 10 18 
0 7 5 0 0 3 9 4 0 0 13 19 24 17 0 23 0 8 0 25 10 0 1 22 20 
24 11 23 0 17 19 21 0 2 0 3 15 12 6 0 4 0 7 1 0 0 18 8 0 13 
14 10 0 0 0 0 17 0 0 11 0 5 0 18 0 0 0 13 15 24 25 16 7 21 6 
0 0 0 6 3 7 1 0 18 13 9 0 0 0 22 16 21 0 0 0 0 0 0 0 23 
9 8 13 20 0 0 16 12 0 0 0 0 23 7 25 5 18 19 0 11 0 0 15 0 17 
0 0 16 3 25 0 8 0 21 0 0 1 9 0 2 19 7 0 0 22 15 23 13 18 5 
0 0 24 0 0 13 0 15 1 0 16 25 11 0 0 0 0 2 5 0 9 7 0 17 22 
10 0 11 0 0 0 6 0 0 9 19 22 15 13 0 0 0 0 0 17 0 24 25 2 16 
0 0 0 0 23 0 0 16 0 0 7 18 21 0 17 0 0 1 11 13 0 6 0 0 0 
7 14 0 13 19 0 0 17 22 2 0 0 6 0 0 25 16 0 0 15 12 1 0 0 21 
