1 0 0 0 7 13 12 0 0 0 0 0 0 16 5 0 
7 16 9 4 0 8 0 0 0 12 6 0 14 0 11 0 
14 3 0 6 4 0 11 9 0 16 7 0 10 1 2 0 
0 0 5 0 0 1 14 0 0 11 0 3 8 0 0 0 
4 7 0 0 0 0 0 0 0 0 0 0 12 13 8 0 
0 5 15 0 0 0 0 0 0 0 0 0 0 2 10 1 
0 14 13 2 12 0 7 0 9 5 0 4 0 0 0 0 
9 12 10 0 8 0 1 0 0 13 0 0 4 0 0 0 
0 6 7 0 16 0 13 4 12 0 0 9 2 0 0 8 
2 0 0 13 14 0 3 0 10 0 0 5 0 0 6 15 
0 0 0 0 5 0 0 1 6 0 11 0 16 0 0 9 
10 1 12 5 9 0 0 7 16 0 0 8 11 0 4 0 
16 0 0 14 1 0 8 15 4 2 5 10 3 0 0 11 
12 8 0 0 2 0 0 14 0 9 0 0 1 6 0 0 
5 0 2 0 11 9 6 12 14 3 15 7 13 0 16 0 
15 0 3 9 0 0 0 0 0 0 0 0 5 0 14 2 
