0 0 0 12 2 15 0 4 0 0 0 8 0 0 14 0 
4 0 13 6 0 0 7 11 0 0 14 12 2 0 0 0 
0 7 0 0 0 0 0 14 4 16 0 10 12 5 15 6 
0 0 11 10 0 12 0 6 2 0 0 0 0 9 0 7 
8 0 3 0 0 4 0 0 5 0 13 0 0 7 0 15 
16 0 0 0 10 6 2 0 0 0 9 0 0 3 12 0 
0 15 10 0 7 0 0 8 0 0 12 0 9 13 4 16 
6 0 9 13 0 0 0 0 0 0 10 0 1 0 0 5 
12 1 0 0 0 8 5 0 0 0 3 0 15 2 16 0 
0 0 0 5 0 2 0 0 15 0 0 0 7 0 0 0 
0 3 16 0 13 14 0 0 0 2 6 1 0 12 11 9 
7 0 4 0 11 0 6 15 0 5 16 0 3 10 8 14 
0 6 0 4 0 0 14 9 0 0 0 11 8 0 0 1 
1 8 15 0 0 7 0 2 0 4 5 6 11 0 0 3 
0 10 12 0 6 13 0 0 14 0 0 3 0 0 7 0 
2 5 0 0 4 11 15 0 0 0 8 0 10 6 13 12 
