0 0 0 0 16 5 12 0 0 2 0 6 3 0 0 0 
0 0 0 6 0 4 0 0 0 0 14 15 10 0 0 5 
10 0 0 0 0 0 13 0 0 4 0 0 8 0 12 16 
0 0 2 0 6 7 10 0 0 12 0 0 14 0 15 0 
0 0 10 7 13 0 5 8 0 9 3 0 1 15 0 0 
0 0 3 0 0 9 7 0 0 8 0 10 0 16 0 14 
13 15 14 0 0 0 1 12 0 5 0 11 4 3 7 0 
0 0 11 16 15 0 14 4 0 0 0 0 0 0 6 8 
0 8 0 11 2 6 3 0 14 1 0 0 16 4 0 10 
0 4 0 2 8 10 0 0 0 0 5 9 0 7 0 0 
0 0 0 0 0 0 0 0 10 7 0 2 0 0 8 0 
0 0 0 10 4 12 0 7 11 6 8 0 0 14 9 0 
3 9 0 14 0 0 4 13 6 11 0 1 12 0 10 2 
11 0 4 0 5 14 0 0 7 10 0 0 9 1 0 15 
6 0 8 0 0 0 0 1 2 0 13 0 7 5 0 0 
0 16 7 12 3 8 0 0 5 15 9 4 6 0 0 11 
