0 15 0 11 7 16 0 0 5 13 8 0 0 0 10 0 0 0 0 18 0 0 19 2 0 
0 12 9 0 0 14 0 0 10 0 0 11 0 19 2 4 20 25 5 0 23 0 24 6 3 
5 1 3 0 19 0 0 17 6 0 4 24 0 21 0 7 10 0 11 0 0 0 16 9 0 
0 0 6 16 0 0 0 19 7 12 0 0 0 0 1 0 0 21 0 3 14 5 0 0 4 
14 4 8 18 0 0 23 0 21 0 5 0 15 0 0 22 0 19 9 0 0 12 0 13 10 
0 21 0 19 20 1 0 22 0 10 0 4 0 0 0 0 5 0 6 0 25 0 14 0 0 
7 14 0 10 0 0 9 20 13 0 11 1 23 0 15 19 2 18 3 25 24 21 0 22 0 
22 16 5 24 18 23 0 0 11 15 17 0 25 8 0 10 1 0 0 12 9 0 4 0 6 
0 2 17 0 0 7 18 0 19 0 6 5 20 9 0 15 0 22 14 11 0 16 1 0 0 
0 0 0 8 0 12 25 6 0 5 0 0 10 0 0 0 21 24 4 0 18 0 15 17 20 
0 0 0 0 0 0 16 0 17 0 0 0 0 2 6 0 4 9 0 0 0 8 12 1 22 
0 0 0 0 12 0 11 0 1 19 0 0 0 0 13 0 22 3 0 16 0 10 0 24 0 
0 6 0 4 3 15 10 23 9 0 0 22 0 5 0 12 11 0 18 0 2 0 0 25 14 
16 25 0 9 21 24 6 0 12 0 15 7 11 17 8 13 23 14 0 0 4 0 3 19 0 
0 0 0 14 0 0 0 5 4 3 10 0 0 0 0 0 0 2 0 6 16 9 11 18 15 
0 0 0 0 0 0 0 0 24 0 3 20 8 15 0 0 25 0 19 21 0 4 18 14 0 
8 20 0 0 0 0 0 25 15 0 2 0 0 6 22 0 18 0 23 13 3 0 0 5 17 
0 13 14 0 0 18 5 0 0 6 0 16 0 1 11 2 9 12 0 4 0 25 22 15 0 
0 0 22 0 5 0 12 0 8 0 25 18 0 7 4 1 3 11 17 15 19 6 20 0 0 
23 0 15 0 0 0 21 3 0 14 0 10 0 13 0 0 0 0 0 22 1 11 9 12 2 
13 9 25 0 23 6 0 11 0 17 1 0 0 14 18 0 19 0 10 0 5 3 0 16 0 
0 0 16 0 0 0 20 0 0 21 0 15 7 3 0 11 0 1 8 0 0 0 6 0 9 
0 0 18 0 8 9 24 0 0 0 0 17 0 0 16 0 7 5 25 2 20 0 21 0 0 
1 5 0 20 11 8 0 0 25 0 22 21 2 4 19 9 14 0 0 17 0 15 13 0 18 
4 3 0 6 0 10 19 1 2 16 0 13 0 0 9 18 12 15 22 24 0 23 0 7 8 
