0 16 0 3 0 0 8 4 6 11 10 0 0 0 7 13 
9 4 0 13 15 0 1 11 2 0 16 5 3 6 0 0 
7 0 11 0 0 0 12 0 0 0 4 13 0 0 16 0 
0 0 0 0 0 0 5 13 7 0 0 0 12 11 0 0 
0 0 0 0 0 1 0 0 0 0 0 0 0 16 10 0 
0 0 16 0 6 12 0 9 8 14 0 7 4 0 0 1 
0 3 0 6 0 0 0 0 15 0 0 0 13 12 14 9 
2 9 12 0 4 10 0 0 0 1 0 0 5 0 11 6 
8 11 9 0 13 0 0 6 0 0 0 0 14 3 2 0 
0 0 0 0 5 0 2 7 4 8 9 0 0 0 12 11 
15 12 0 10 8 0 0 16 11 3 0 0 0 13 5 0 
3 0 7 0 0 11 10 12 13 2 14 6 0 15 9 0 
16 15 3 9 11 14 0 0 12 6 0 4 2 0 13 0 
0 13 8 12 0 0 6 0 10 0 0 0 9 0 0 0 
5 0 6 0 0 4 0 10 0 13 2 0 0 14 0 0 
0 0 4 11 16 0 3 0 0 0 0 0 7 8 6 0 
