10 4 1 9 0 11 2 8 0 13 0 0 0 7 0 0 
12 15 0 11 9 0 4 0 0 7 14 8 6 0 3 2 
14 3 0 0 7 6 1 0 0 9 16 4 0 15 0 0 
0 0 0 7 14 16 5 15 0 0 0 3 4 1 0 9 
0 0 2 0 0 14 3 9 0 0 0 6 0 13 7 1 
0 1 4 0 0 15 0 0 0 0 3 0 0 11 0 5 
8 0 7 13 0 1 0 0 5 0 0 0 0 2 14 0 
0 14 0 0 0 12 11 0 0 0 7 1 0 0 0 4 
4 12 0 0 0 0 0 0 14 0 2 7 0 9 10 11 
7 13 0 2 0 0 0 0 6 0 4 0 0 0 0 3 
0 6 0 16 11 0 12 0 0 0 0 0 1 14 2 0 
0 0 11 0 2 9 7 13 12 0 8 0 5 0 0 0 
0 0 10 3 0 0 9 0 0 0 0 0 7 0 0 13 
11 0 12 0 0 2 13 0 0 8 10 16 9 3 5 14 
13 9 15 4 0 0 16 3 0 0 0 14 0 10 11 8 
5 0 14 0 0 0 0 0 3 0 9 13 0 0 4 0 
