0 0 7 0 0 14 13 10 0 0 0 12 0 4 1 5 
0 0 0 12 0 0 2 0 1 6 9 0 8 0 0 0 
4 0 0 0 0 12 6 15 5 0 0 0 3 0 11 9 
6 0 8 10 9 0 7 0 4 0 13 0 2 14 0 0 
0 0 4 0 0 7 9 14 6 13 0 0 0 0 0 0 
0 2 12 15 0 13 0 0 0 0 0 0 0 0 10 7 
0 0 6 13 0 0 11 3 9 0 12 15 0 2 0 0 
3 0 0 0 0 0 5 12 2 16 14 7 0 0 6 0 
9 6 0 11 0 16 10 8 0 14 4 0 7 3 0 1 
0 12 0 3 0 15 4 9 7 0 0 1 14 6 5 0 
0 1 2 0 12 0 14 0 15 3 0 5 0 0 9 0 
8 0 5 14 7 0 0 0 0 9 10 0 0 0 0 0 
0 4 0 0 16 9 0 0 14 0 0 11 0 15 0 0 
12 0 16 0 0 2 0 0 10 4 0 0 1 11 7 0 
0 3 14 5 0 11 8 7 0 0 6 16 10 0 4 0 
0 0 11 0 0 10 15 0 0 5 0 0 13 16 12 6 
