14 13 0 0 0 11 1 9 0 2 4 0 16 5 12 0 
10 0 11 0 0 3 12 0 16 0 0 0 8 0 0 13 
6 0 9 12 2 15 10 5 7 0 0 13 4 0 0 0 
0 5 7 0 14 0 16 0 0 1 12 0 10 0 6 2 
0 0 10 0 0 13 0 0 9 7 1 0 0 8 0 0 
0 15 0 0 6 0 0 0 14 3 10 0 0 13 0 16 
0 2 16 7 1 4 0 0 12 0 0 0 9 0 5 14 
8 0 3 6 9 14 7 0 4 0 5 0 0 0 0 0 
4 0 12 14 5 0 13 15 0 0 0 0 2 0 0 0 
0 6 2 8 10 0 3 0 15 0 0 1 0 0 13 12 
0 0 0 10 8 1 14 0 0 0 0 12 0 6 0 7 
9 0 0 0 0 0 4 11 0 5 8 0 0 0 0 0 
0 4 6 1 15 12 5 0 0 0 3 0 7 0 10 0 
0 0 14 15 11 0 0 0 5 10 7 4 0 0 2 0 
7 0 0 11 3 10 0 14 0 0 0 0 0 0 0 5 
3 10 0 0 0 0 2 4 1 12 0 9 0 14 0 8 
