10 0 0 0 4 15 16 0 5 9 0 0 7 0 0 6 
0 15 7 0 14 0 0 11 0 0 0 6 0 3 0 0 
0 0 9 16 0 12 3 10 13 0 11 15 4 0 2 0 
0 0 4 0 0 0 6 0 16 8 3 7 0 0 12 10 
0 4 10 6 0 0 9 12 7 15 0 0 0 0 11 0 
15 7 13 11 5 10 0 0 4 0 1 0 0 0 0 16 
9 0 0 0 0 0 11 7 10 0 0 0 2 0 15 12 
0 0 8 0 0 0 4 0 0 3 0 0 14 0 0 0 
0 8 15 0 9 14 0 0 0 7 5 10 3 2 0 0 
3 11 0 7 0 0 0 6 0 0 14 0 12 10 16 15 
2 0 0 0 0 0 7 15 0 0 0 3 0 0 9 4 
1 9 0 0 10 4 5 0 15 0 0 12 8 14 7 11 
0 0 2 0 16 7 0 0 0 6 0 0 9 12 0 0 
0 0 0 0 0 9 15 0 0 11 7 2 0 16 5 0 
5 13 12 9 0 0 2 14 3 0 15 16 0 7 0 8 
7 0 1 8 0 0 0 0 14 5 0 9 0 0 6 0 
