9 5 0 0 2 14 0 12 0 4 19 15 17 6 23 0 0 13 0 3 0 0 0 0 0 
11 24 23 0 0 6 0 0 1 21 10 25 0 0 20 22 19 15 0 0 0 14 4 0 3 
15 13 14 0 3 20 18 0 11 16 0 24 1 0 22 0 6 12 9 2 23 0 0 25 0 
6 22 0 0 1 15 10 0 0 23 0 16 7 21 0 20 11 0 0 8 0 19 0 0 12 
21 16 0 4 8 0 9 0 0 0 0 11 5 0 0 0 0 0 1 18 20 22 0 15 0 
0 0 20 15 0 4 0 22 0 0 21 13 24 0 0 0 12 16 0 1 6 5 0 0 8 
22 9 19 5 0 8 11 0 0 6 0 0 0 0 25 18 23 17 14 0 0 0 1 2 0 
0 0 12 1 24 0 0 20 0 0 15 0 6 0 18 0 22 8 0 4 0 21 14 0 0 
0 17 0 0 0 1 5 0 15 18 2 20 8 9 4 0 21 10 19 0 0 0 0 23 0 
13 3 7 8 4 23 0 21 9 0 0 5 0 0 11 0 0 0 0 0 0 16 0 17 10 
24 19 13 0 5 22 6 0 0 7 3 0 11 10 0 0 0 0 0 0 21 0 2 0 25 
0 0 0 16 23 9 0 19 0 5 18 1 0 0 21 25 0 0 0 6 22 11 0 0 0 
14 21 0 17 6 2 0 18 0 0 9 23 25 0 0 19 13 3 10 0 0 0 0 7 0 
0 25 0 0 20 13 24 23 17 11 6 0 16 0 0 0 0 1 7 5 0 9 0 0 0 
0 7 0 9 11 10 21 15 3 25 0 0 0 0 17 14 18 22 0 0 8 24 0 13 6 
0 0 0 3 22 5 7 10 0 13 17 21 0 0 0 2 4 0 20 0 0 6 0 0 14 
18 10 2 0 13 3 15 14 6 0 0 4 23 20 1 16 5 0 22 17 0 25 8 0 0 
0 6 25 0 17 12 0 0 4 0 0 8 14 2 0 0 24 0 23 13 0 20 0 3 15 
20 14 0 11 9 0 25 8 22 0 13 18 0 0 10 0 3 7 6 0 5 2 0 1 0 
0 0 0 0 7 0 2 17 18 20 0 3 19 24 6 15 0 9 0 0 13 10 0 0 4 
25 11 0 23 16 7 0 3 0 2 0 17 0 0 0 0 14 19 0 22 10 18 9 6 0 
7 0 0 2 18 0 16 11 10 22 0 0 0 8 0 1 0 0 0 21 0 0 23 0 5 
8 0 0 13 0 19 0 0 0 0 23 6 18 22 0 0 7 0 0 9 0 15 25 0 2 
0 20 6 0 0 0 17 0 21 15 0 10 0 25 0 0 16 23 18 0 11 0 22 8 0 
17 4 21 0 15 0 23 0 5 1 0 0 0 0 13 0 20 0 25 0 16 0 24 12 0 
