0 0 13 0 11 0 0 0 0 0 4 0 15 7 1 3 
0 0 0 0 2 9 0 3 1 15 8 10 0 16 0 0 
0 9 16 0 0 0 6 10 12 14 11 3 8 0 4 0 
2 1 0 3 4 5 14 15 7 0 13 6 11 9 0 0 
0 15 14 9 6 8 0 13 16 0 0 0 0 4 5 11 
0 0 11 16 7 14 10 5 0 0 0 0 1 3 0 0 
0 0 0 0 0 0 15 0 0 0 5 0 0 8 16 0 
0 2 5 0 16 4 1 9 0 0 14 8 0 0 0 15 
9 0 15 0 0 3 7 0 10 0 1 0 2 0 0 0 
13 0 7 0 0 0 0 0 0 12 0 14 0 11 0 4 
0 14 2 0 8 0 11 4 0 0 9 5 0 15 0 1 
0 0 0 0 15 0 2 12 4 8 0 13 5 14 9 7 
0 6 0 14 12 0 0 0 0 11 3 16 0 2 0 9 
11 0 3 0 9 0 0 0 0 10 0 0 0 0 0 0 
16 0 0 0 0 0 0 7 0 9 6 4 0 1 0 13 
0 0 0 0 0 11 8 0 13 0 0 15 14 6 3 0 
