8 0 10 14 0 0 5 0 0 9 0 6 0 15 4 2 
3 5 0 0 0 12 0 15 11 0 8 0 7 0 0 14 
4 15 7 1 0 14 8 0 5 16 10 3 6 0 0 13 
16 0 12 0 0 0 0 13 15 0 14 1 5 10 0 0 
0 12 3 0 7 1 0 4 14 8 0 0 0 0 0 16 
0 1 0 0 6 0 0 0 9 0 0 0 0 2 14 0 
7 14 0 16 0 2 0 0 0 6 0 12 0 0 0 0 
6 0 9 15 0 3 0 0 0 10 13 2 12 0 7 0 
0 0 6 12 0 0 0 0 13 0 0 8 10 4 0 11 
9 16 14 13 12 4 0 6 0 0 2 7 0 0 0 1 
0 4 0 7 0 9 0 0 0 12 0 10 0 6 0 3 
0 0 0 3 0 16 0 2 6 14 1 0 9 0 0 0 
14 0 0 2 0 0 0 12 8 0 4 0 16 0 10 0 
13 0 1 8 0 5 2 16 10 15 0 11 0 0 12 7 
12 7 16 5 0 0 0 0 0 0 0 0 8 13 0 0 
0 0 0 4 8 0 0 0 12 13 0 9 0 0 15 0 
