0 25 0 0 0 7 0 21 10 0 3 20 11 14 0 24 0 5 15 0 0 0 0 12 2 
11 0 6 0 0 0 9 0 3 2 8 15 22 5 7 1 0 0 0 20 0 24 0 25 16 
3 0 0 0 0 0 11 0 1 0 18 24 0 0 4 0 9 7 25 0 0 20 0 0 8 
8 19 2 0 0 0 0 6 25 0 0 23 0 10 9 0 21 11 16 0 7 0 0 0 1 
20 15 0 9 23 0 22 0 0 0 0 19 0 25 21 2 0 3 13 14 6 0 0 0 0 
6 23 20 21 0 25 16 8 0 3 0 22 0 0 0 0 0 9 0 18 0 0 0 7 5 
10 18 0 0 19 0 24 7 0 12 0 9 0 0 5 0 6 25 3 22 14 13 0 20 17 
0 12 9 16 0 0 23 15 0 19 0 7 0 11 25 13 20 0 0 24 10 0 6 1 0 
24 11 0 0 5 14 0 10 13 18 16 17 0 20 12 8 23 0 4 0 3 0 0 0 21 
7 22 0 0 0 0 20 0 11 9 13 8 6 2 3 0 14 16 0 12 0 23 0 18 0 
12 0 0 0 25 0 0 0 20 0 0 4 15 0 0 0 0 1 0 13 11 19 8 0 0 
13 21 0 0 0 0 25 11 15 0 0 0 12 0 0 9 0 0 19 8 0 0 0 0 18 
4 20 8 18 0 0 5 0 0 6 17 0 0 0 11 0 16 14 0 2 15 0 13 10 0 
15 6 0 14 0 8 19 0 0 0 0 21 9 18 0 10 0 17 20 23 1 0 0 4 0 
9 5 0 0 0 22 0 0 17 0 0 0 8 6 0 4 0 12 11 21 2 16 24 14 25 
18 2 0 0 6 9 12 25 0 5 14 0 21 0 10 7 19 24 0 16 17 0 1 0 20 
0 0 0 3 0 4 2 24 23 0 0 13 5 0 17 20 12 0 0 0 25 0 19 0 0 
0 0 13 19 0 20 10 22 18 0 11 0 0 0 15 6 5 0 0 1 16 12 14 3 0 
23 7 14 0 0 0 21 16 6 0 9 12 24 0 18 25 0 0 8 0 0 22 0 2 0 
25 0 0 12 0 0 1 3 14 15 23 6 7 0 0 17 0 22 2 0 0 0 21 0 0 
2 0 0 13 14 0 15 0 16 10 19 0 4 21 22 0 17 0 6 9 8 0 0 0 7 
0 0 21 0 0 2 0 4 9 0 25 0 0 13 0 0 24 10 7 11 0 5 0 0 0 
19 0 0 0 22 0 0 20 5 14 24 0 17 7 0 12 0 4 0 25 21 10 0 0 13 
16 10 0 7 0 0 0 0 19 24 0 0 20 9 2 23 13 15 0 5 0 0 0 17 14 
5 0 18 0 20 0 7 13 21 25 15 0 10 12 1 16 2 8 0 19 9 6 0 0 0 
