8 0 12 0 13 0 6 0 7 0 0 4 5 16 1 0 
0 0 0 0 0 1 0 0 3 0 0 0 9 0 0 8 
9 0 0 0 0 3 8 12 15 0 0 6 0 0 13 4 
0 6 13 4 0 0 0 10 0 8 11 0 0 3 0 0 
11 9 0 0 0 0 3 16 14 0 0 5 0 1 0 10 
2 0 0 0 5 0 0 6 0 3 0 9 0 0 12 0 
3 0 5 7 0 0 12 1 0 0 0 8 11 0 0 13 
4 14 6 0 9 0 10 13 0 11 1 15 0 0 5 0 
10 0 0 0 6 0 15 2 4 0 9 0 0 0 7 3 
6 3 0 0 7 0 5 0 10 0 14 12 0 13 2 0 
15 0 0 5 0 0 1 0 0 0 13 0 0 0 0 9 
1 4 2 0 12 0 0 0 6 16 0 7 15 0 0 11 
0 5 0 2 0 0 16 7 0 4 15 10 13 0 8 0 
13 10 3 0 0 4 0 0 11 7 0 0 1 0 15 0 
0 11 0 16 1 0 13 15 0 0 0 2 12 10 0 0 
7 0 1 0 0 12 9 5 13 0 0 0 16 11 4 2 
