24 0 9 0 2 21 3 12 17 11 0 15 14 13 5 0 8 16 6 23 0 0 22 4 1 
0 0 0 20 21 22 0 0 8 0 1 12 2 0 16 9 18 19 11 4 0 15 0 23 0 
0 0 0 0 0 10 20 0 25 1 8 0 0 4 0 0 13 17 3 0 2 7 6 5 0 
12 0 8 23 6 13 0 19 5 16 0 0 22 18 17 2 0 0 0 0 11 10 3 0 21 
0 17 11 4 25 0 18 0 0 9 0 6 0 20 19 10 21 22 0 5 13 12 16 14 0 
0 0 0 2 0 4 17 16 7 0 5 0 6 21 12 25 23 15 0 0 0 0 1 22 0 
0 0 10 0 5 24 6 18 0 14 19 1 20 11 22 7 17 0 0 9 0 4 15 16 0 
13 6 0 21 4 0 1 0 0 0 15 2 0 0 23 14 22 10 19 18 20 0 17 12 24 
20 18 15 17 0 25 0 22 0 23 24 8 0 0 4 0 0 0 13 0 5 0 0 0 10 
14 8 1 0 0 20 2 11 15 0 3 10 9 0 13 0 0 0 0 0 0 25 0 0 0 
23 0 20 0 0 0 0 0 24 0 2 0 17 3 0 11 1 0 0 0 0 19 9 18 6 
11 4 0 0 18 12 9 25 23 3 0 14 0 15 6 0 2 7 16 0 0 0 20 1 0 
7 19 0 0 0 0 0 10 11 0 0 0 1 0 18 15 12 0 0 0 0 0 2 0 16 
21 9 17 13 16 0 0 0 0 2 0 19 0 12 11 4 14 6 0 0 23 24 5 0 0 
15 0 3 25 1 0 0 21 0 0 20 13 4 23 0 0 9 18 0 0 0 0 14 0 0 
0 1 0 11 20 0 24 4 14 0 0 3 13 0 8 0 25 5 0 0 0 0 0 0 0 
0 7 25 0 19 0 13 0 0 22 10 23 24 0 0 18 4 0 15 2 0 0 8 0 20 
17 0 0 0 10 0 11 8 6 7 0 0 15 2 1 23 3 0 20 0 0 14 21 0 0 
0 22 0 0 0 18 0 0 0 0 4 0 11 0 0 0 19 0 17 16 3 0 13 15 0 
0 0 0 0 15 23 12 0 16 25 17 0 5 0 0 1 10 0 14 0 0 0 4 0 18 
0 21 2 0 3 0 0 5 0 24 16 0 25 8 15 0 0 14 18 17 0 22 11 0 0 
8 20 0 15 23 0 0 14 1 0 0 4 18 0 3 0 16 0 9 0 0 5 25 2 0 
0 0 18 16 17 8 25 6 0 21 0 0 12 0 10 22 7 0 2 11 0 0 23 0 14 
0 0 0 0 11 9 0 0 10 20 0 0 0 5 0 0 0 23 0 0 0 16 18 8 3 
22 14 0 0 13 16 0 2 0 0 11 21 0 0 9 5 0 25 4 8 0 0 0 17 0 
