0 0 0 0 14 0 0 13 4 0 15 0 11 0 8 7 
0 3 12 0 16 0 11 0 2 5 0 0 0 0 4 0 
0 11 6 0 7 0 0 0 0 0 0 0 0 0 5 0 
7 0 0 9 8 0 5 0 10 0 11 3 16 0 0 0 
11 0 9 0 0 0 8 0 7 0 4 10 14 0 13 16 
0 0 8 7 0 11 9 0 14 1 2 13 10 0 6 0 
0 12 0 16 0 0 6 14 0 0 8 9 3 0 0 0 
14 5 0 6 2 7 0 10 16 15 0 12 8 0 0 9 
0 0 0 8 0 2 0 11 0 0 7 0 0 0 0 13 
0 0 0 14 4 5 7 6 3 0 13 15 0 16 0 0 
4 0 0 0 13 0 10 1 0 0 0 0 15 7 9 14 
0 13 7 0 0 0 15 12 9 0 0 0 0 0 11 8 
12 0 1 3 6 0 0 8 0 0 9 0 0 0 2 0 
0 0 4 0 5 9 0 0 11 0 0 0 0 1 10 0 
9 7 5 10 0 14 1 2 15 0 6 8 12 0 16 0 
0 2 16 11 10 0 13 0 0 0 0 4 9 8 0 5 
