0 9 13 15 0 16 10 0 8 7 0 0 0 1 0 4 
0 0 0 0 5 0 0 0 0 14 3 16 0 0 2 0 
16 7 0 6 0 0 0 9 10 2 5 4 0 0 0 0 
5 12 3 8 0 7 4 0 15 0 1 9 10 0 0 16 
13 0 0 16 12 0 3 0 9 8 15 0 0 4 7 5 
0 1 6 0 0 0 0 0 3 5 7 13 0 9 16 11 
0 0 5 0 0 13 0 0 2 11 0 0 0 12 0 0 
0 2 0 0 0 11 0 5 12 4 14 1 13 0 10 0 
6 3 8 0 10 1 0 14 0 16 11 2 4 5 0 15 
9 16 0 0 0 0 0 15 5 10 0 12 14 0 0 0 
14 15 12 0 0 4 0 13 0 9 0 0 0 10 1 0 
10 0 0 13 0 0 11 0 0 0 0 0 0 7 0 8 
0 0 16 2 0 5 15 10 0 0 0 14 0 0 0 0 
3 0 0 10 0 9 0 4 0 0 13 0 7 0 6 1 
4 0 0 0 0 3 14 16 0 0 0 0 0 0 0 0 
1 0 0 5 13 0 12 8 4 15 2 7 0 16 0 0 
