0 0 4 7 3 13 0 16 11 0 0 0 6 0 5 10 
0 13 0 2 14 9 0 5 0 0 1 0 0 0 8 0 
0 0 3 0 11 12 2 0 5 4 0 0 0 0 0 14 
12 5 11 15 8 4 0 1 0 0 0 0 7 2 3 13 
4 11 0 8 15 0 0 2 10 12 0 0 0 7 0 0 
0 0 16 13 10 1 0 0 0 9 0 0 0 0 12 8 
0 10 2 0 12 6 0 0 0 13 0 0 11 0 4 0 
1 0 0 3 0 16 4 11 8 2 0 0 10 15 13 9 
0 0 0 10 4 0 0 0 13 1 8 9 3 0 2 0 
0 0 0 0 13 11 5 0 2 6 16 0 0 0 0 0 
0 0 5 0 16 15 0 3 12 0 4 11 0 8 0 0 
0 0 0 4 1 0 0 10 7 5 14 15 13 0 0 16 
0 0 10 0 0 0 0 0 6 16 0 8 12 0 0 15 
0 0 13 9 6 0 1 15 0 0 2 0 5 0 16 0 
5 0 0 0 7 0 16 12 0 11 0 13 14 0 10 0 
3 0 12 0 2 0 0 0 1 15 10 0 0 0 0 0 
