3 13 9 0 15 5 0 0 0 8 1 6 0 0 0 0 
0 10 0 15 1 0 14 6 11 0 0 4 9 0 3 8 
0 0 0 0 12 3 7 0 0 16 0 10 0 0 6 0 
0 0 16 0 0 0 8 0 0 9 0 5 15 0 1 11 
0 0 0 0 0 4 16 13 5 0 2 0 0 0 9 0 
7 5 2 0 9 0 0 0 6 10 0 3 0 0 15 13 
9 0 13 1 0 2 0 0 0 7 16 0 5 8 0 0 
0 0 8 10 5 0 0 14 0 0 0 11 16 0 2 3 
0 4 0 2 13 12 0 10 0 0 6 0 8 16 11 15 
0 0 0 0 0 14 0 8 0 11 15 16 0 9 7 0 
12 9 0 8 16 0 0 11 0 0 0 2 3 0 13 0 
11 16 0 0 0 9 3 15 0 12 0 13 6 0 5 10 
15 3 0 0 8 10 0 0 9 0 11 0 0 6 12 0 
0 8 0 0 0 0 9 0 0 6 0 0 1 15 0 2 
0 0 7 12 6 0 4 0 8 0 13 14 11 3 0 9 
16 0 0 0 14 0 0 12 0 3 0 0 0 0 0 5 
