19 0 4 0 0 6 5 0 0 23 1 0 0 25 0 10 0 0 3 0 0 0 0 2 0 
0 5 0 8 0 0 0 0 25 17 0 11 16 0 21 0 0 0 7 18 0 0 12 0 0 
0 0 0 0 1 7 0 21 11 0 0 10 6 9 5 13 0 0 0 0 0 16 0 24 25 
24 21 0 0 0 0 15 0 0 0 0 13 17 0 0 0 23 25 0 5 19 8 0 0 1 
16 11 25 13 0 20 8 1 12 0 2 24 0 18 3 0 4 19 21 0 5 10 0 15 0 
0 24 0 0 20 23 0 7 14 0 15 0 0 0 0 0 0 5 0 0 0 6 0 0 0 
0 0 14 2 16 0 20 15 3 9 0 5 0 8 0 4 0 6 0 0 0 0 0 0 0 
1 12 0 10 0 18 13 17 0 0 6 2 7 16 0 8 0 9 0 0 0 0 4 20 22 
0 6 17 18 13 8 2 0 19 0 0 0 21 20 9 3 0 16 24 11 15 0 5 14 0 
9 22 8 5 7 21 11 0 0 0 0 3 0 13 0 17 0 0 20 0 23 2 0 16 24 
0 0 15 0 18 9 23 2 0 21 0 7 0 14 0 22 6 8 0 25 10 11 0 0 0 
0 0 0 11 10 0 14 0 0 24 17 0 0 0 0 0 12 7 9 0 20 0 0 0 13 
23 20 22 9 0 17 18 13 7 25 11 21 2 15 0 14 10 0 0 16 0 0 0 0 3 
8 14 21 7 17 0 0 6 0 11 18 19 5 0 0 15 24 13 4 23 0 0 0 0 0 
0 25 6 3 0 0 12 19 0 0 9 16 13 0 0 20 0 17 2 21 22 14 7 0 4 
0 16 0 19 25 13 7 0 18 15 0 0 3 0 0 12 0 10 6 2 8 0 0 11 23 
7 1 20 12 0 0 21 25 2 10 16 6 23 24 8 0 3 0 13 19 0 0 0 0 0 
6 0 0 23 3 0 1 8 5 19 0 20 9 0 0 21 15 0 0 24 0 25 0 0 14 
0 0 0 17 2 3 0 0 0 20 19 1 0 10 22 25 5 14 8 4 0 7 21 12 0 
10 8 0 0 5 0 0 9 22 6 14 0 25 0 15 7 16 0 0 0 1 0 0 0 19 
0 7 0 16 6 1 0 11 21 18 8 17 4 2 23 24 0 0 0 13 9 0 10 0 15 
17 0 23 0 19 0 25 0 16 0 20 22 0 3 0 5 18 0 0 0 0 12 8 6 0 
18 0 0 0 11 0 4 0 17 13 0 15 0 6 16 0 8 0 0 0 0 3 1 0 0 
25 0 1 15 21 2 24 20 8 0 0 0 0 5 0 19 17 0 11 6 0 0 0 23 16 
20 0 13 4 0 5 6 0 0 3 0 0 0 0 25 16 22 0 10 12 11 17 24 7 18 
