10 15 0 0 0 1 23 19 0 7 25 16 0 14 3 0 0 2 0 6 0 0 5 9 0 
1 20 13 19 0 0 11 16 0 8 0 21 2 0 10 24 5 0 12 14 22 18 0 6 0 
5 17 4 0 2 0 0 13 0 6 23 18 0 0 0 22 0 20 0 0 0 0 19 0 7 
16 0 0 0 0 25 18 0 5 0 0 0 22 0 0 0 0 3 1 0 4 23 0 0 0 
3 23 0 0 9 0 0 0 20 2 0 6 0 4 1 0 19 10 18 11 0 12 16 15 0 
0 9 21 0 19 2 25 10 22 13 0 11 18 15 14 3 0 12 20 0 0 7 0 0 0 
11 0 0 0 0 0 0 0 0 24 7 13 0 12 4 0 0 25 0 18 15 22 20 0 0 
0 22 17 1 8 0 0 18 0 0 0 19 3 5 25 13 0 7 0 0 0 21 14 0 0 
0 0 12 20 3 0 14 0 0 0 0 8 16 0 0 0 0 0 0 0 0 17 11 18 10 
0 18 10 7 4 0 0 12 8 16 0 22 0 1 0 23 11 0 14 0 0 24 3 2 13 
0 16 0 6 14 11 12 0 10 0 0 23 0 0 13 0 0 0 0 0 20 19 15 0 21 
0 0 20 12 23 0 21 24 0 25 0 10 7 19 0 9 0 15 0 16 2 1 8 3 6 
0 24 1 2 21 0 0 0 0 19 0 14 8 0 0 0 23 22 3 12 0 0 0 13 18 
19 0 0 0 10 6 5 0 14 0 16 0 0 0 0 0 4 0 0 20 7 0 0 0 11 
7 3 0 0 5 20 0 8 2 23 1 25 9 6 21 11 17 0 10 19 0 16 24 0 22 
0 0 0 0 13 8 0 0 23 12 0 17 24 21 11 0 0 16 0 4 0 0 0 25 0 
0 14 16 23 0 0 0 25 17 0 8 0 15 13 0 10 1 0 0 7 0 6 2 0 19 
12 0 0 17 22 0 2 11 16 15 20 3 19 0 0 14 18 6 25 23 24 10 21 0 8 
0 21 3 15 25 7 0 0 0 1 0 4 6 0 0 0 12 17 0 8 0 0 13 0 20 
8 4 0 10 11 0 24 0 0 0 0 2 1 0 23 0 0 21 9 3 0 14 22 0 17 
0 19 0 13 0 0 15 2 0 0 6 0 10 11 0 12 3 5 0 21 0 8 7 0 0 
0 8 0 0 1 23 13 4 11 0 5 0 0 0 19 0 22 0 6 0 0 0 0 0 0 
0 6 0 0 0 0 8 3 19 10 13 9 0 23 20 0 25 11 0 2 17 4 0 21 5 
0 5 0 0 0 14 0 7 0 0 0 0 17 3 24 20 8 19 0 9 6 11 25 0 0 
14 0 2 11 17 12 0 5 21 18 4 15 25 22 0 16 7 0 23 24 19 0 9 0 0 
