6 0 0 10 12 22 4 13 9 14 1 15 16 5 20 21 17 0 25 7 11 19 2 23 0 
25 9 0 0 23 0 0 0 10 0 17 0 8 0 0 0 0 0 1 19 0 22 0 21 0 
0 0 0 0 24 0 0 0 0 0 12 0 7 0 0 16 0 0 9 0 5 0 0 10 14 
1 16 0 0 0 0 0 21 19 23 9 10 0 0 0 0 13 0 0 0 20 0 3 0 25 
19 0 4 17 22 11 0 24 18 16 21 0 0 13 3 6 5 10 14 23 0 0 0 0 0 
13 0 15 0 25 0 22 18 0 17 16 8 0 0 9 0 1 23 0 4 21 2 0 0 10 
7 18 0 14 4 25 0 0 15 24 0 20 23 22 1 0 11 5 0 3 8 12 17 16 0 
0 23 22 2 0 0 9 16 0 3 24 0 0 11 0 18 0 7 8 25 4 0 20 13 1 
9 5 8 0 1 0 2 4 0 11 18 0 0 0 0 0 0 0 0 0 22 23 0 0 0 
16 0 0 0 11 23 0 0 0 8 0 0 0 0 25 22 12 9 20 0 0 18 0 0 0 
12 0 0 0 13 0 15 9 0 0 22 14 0 23 16 8 0 6 7 24 0 4 10 20 11 
0 3 0 15 0 16 25 22 0 19 6 18 21 2 0 17 14 0 0 5 1 0 7 0 12 
0 14 10 0 5 13 24 2 12 20 0 19 9 1 4 23 22 0 0 0 17 0 0 18 0 
2 21 9 22 18 3 0 0 0 0 7 0 17 0 0 0 0 1 0 12 13 16 0 0 19 
11 0 0 4 16 0 7 0 21 10 13 24 15 0 12 0 9 19 3 0 14 0 25 0 0 
3 0 12 1 19 0 23 11 0 13 8 16 0 0 0 7 24 21 17 0 0 0 9 14 2 
15 0 14 0 8 18 0 0 16 0 23 12 4 0 24 0 6 2 11 1 0 17 0 3 0 
0 24 0 0 0 15 1 0 0 6 2 7 11 0 0 14 19 25 18 0 0 0 8 12 22 
18 0 0 0 17 0 8 0 2 7 0 13 0 14 19 0 23 20 0 0 16 0 21 24 0 
0 0 0 0 0 10 14 12 0 21 0 6 0 0 0 15 8 3 0 16 18 1 11 0 4 
17 1 0 19 0 14 11 0 25 0 0 22 24 16 0 0 10 12 0 20 15 0 0 0 0 
0 0 20 8 0 4 0 0 17 0 15 21 0 0 0 0 0 0 0 0 12 24 23 5 0 
5 4 24 16 7 0 12 0 13 2 0 0 20 6 23 0 0 0 0 0 25 11 22 8 0 
22 0 0 0 15 0 0 20 0 0 14 0 25 17 0 0 4 11 0 6 0 0 0 0 21 
0 13 25 23 3 0 0 6 0 15 0 1 19 12 2 5 0 0 16 17 10 9 0 0 0 
