15 0 0 23 21 20 0 19 11 8 17 0 4 13 9 2 1 5 0 0 22 16 3 0 25 
10 0 0 20 0 3 1 0 16 0 0 0 12 24 0 0 15 23 0 0 0 0 0 0 0 
18 0 0 16 0 22 14 10 24 0 11 0 3 23 6 0 0 19 0 0 4 0 0 7 2 
1 3 0 0 4 0 18 21 13 15 8 10 5 0 16 9 0 22 0 25 0 0 0 19 0 
0 0 22 5 24 17 0 0 25 0 21 0 0 0 14 10 0 3 0 0 0 0 9 15 11 
0 0 15 0 10 6 8 20 0 0 18 3 0 0 23 0 5 0 0 1 0 19 22 4 24 
0 0 0 17 25 4 23 0 19 0 5 21 20 0 22 0 13 0 14 11 6 2 12 8 7 
0 0 7 0 6 0 12 0 17 0 0 19 0 14 24 0 23 0 4 8 5 0 10 0 1 
0 8 13 22 23 0 3 25 9 0 1 0 0 0 0 19 20 24 12 0 0 21 17 0 18 
0 4 14 19 0 0 0 0 0 0 12 0 0 17 0 6 7 0 0 10 11 23 15 13 0 
0 0 6 0 0 25 0 0 0 24 0 9 0 0 0 0 0 8 0 19 3 0 4 11 0 
21 0 2 18 11 15 13 3 0 0 0 0 17 5 0 12 16 0 0 9 25 22 20 0 19 
13 23 8 0 0 0 0 0 20 11 0 12 24 0 0 22 0 21 0 3 1 0 7 16 5 
3 9 16 25 22 21 4 0 7 5 19 0 0 0 0 24 6 0 0 0 0 0 14 0 0 
14 20 5 0 17 0 22 12 18 0 0 0 21 0 0 7 0 4 0 0 0 6 0 0 0 
8 0 4 12 9 1 11 7 0 20 23 17 0 0 3 13 24 10 0 22 0 0 25 0 16 
24 22 18 2 0 10 16 0 0 17 0 0 8 21 25 0 19 6 9 0 14 11 1 5 12 
0 0 0 0 5 24 2 13 0 0 0 16 0 6 0 0 8 0 0 0 10 0 0 20 22 
23 21 0 14 20 0 15 22 6 0 24 0 0 9 0 1 25 7 16 5 2 0 13 0 0 
0 16 0 13 1 0 25 14 0 18 0 5 2 0 20 0 12 0 3 4 7 0 23 6 8 
0 0 23 0 0 0 21 11 4 3 0 2 0 25 0 8 22 20 19 0 0 10 0 1 0 
22 0 0 10 0 13 0 1 15 6 16 0 0 0 0 0 2 0 18 24 20 7 0 0 3 
17 2 24 8 15 16 0 0 10 25 0 22 0 0 4 0 0 0 0 23 21 0 6 0 13 
0 0 20 0 13 23 19 8 12 0 0 0 1 0 0 5 3 16 15 0 17 4 0 0 0 
4 1 0 3 0 7 0 9 0 0 0 14 0 12 5 25 11 0 10 17 0 0 0 23 0 
