11 0 3 5 0 0 0 0 20 0 0 0 0 0 0 4 21 0 0 16 0 7 0 0 0 
0 18 0 0 0 24 0 0 11 10 0 12 0 7 19 0 0 3 0 0 0 0 0 25 0 
0 0 0 6 0 25 0 0 7 0 0 10 0 0 0 0 0 9 0 1 0 17 0 22 24 
0 0 0 10 0 0 0 0 6 16 0 0 9 0 20 0 12 0 0 0 0 0 0 15 0 
0 22 20 21 0 0 0 0 0 8 16 0 0 5 0 7 0 0 24 0 19 0 0 0 0 
0 0 0 0 0 0 0 15 0 14 19 3 0 0 0 0 7 0 0 0 9 0 0 0 0 
0 0 0 0 13 0 0 0 0 0 0 0 0 0 12 0 24 16 2 0 0 0 1 0 20 
10 16 0 0 0 0 20 0 13 21 25 24 0 14 0 0 0 18 0 0 0 2 0 0 0 
0 2 1 0 0 0 0 18 3 12 13 20 0 10 0 0 0 0 0 0 0 0 19 0 11 
5 0 0 0 9 0 0 0 19 0 4 0 0 0 0 0 0 0 0 0 0 0 22 0 0 
0 0 0 0 10 14 19 0 0 9 0 0 0 0 0 0 25 0 8 20 0 4 0 0 0 
0 0 19 0 0 0 0 17 0 0 9 0 5 15 0 13 10 0 0 0 8 0 0 0 0 
18 0 0 20 0 6 0 0 16 0 0 0 0 17 0 23 0 0 0 9 0 24 10 0 0 
0 0 0 25 0 15 0 0 0 0 10 0 19 13 0 17 22 0 0 0 23 0 0 0 0 
0 23 0 0 5 18 25 0 1 7 0 14 0 0 4 0 0 0 0 0 0 0 0 17 0 
0 4 0 0 0 0 0 12 0 15 2 25 18 0 11 0 0 0 0 0 16 0 0 0 22 
0 0 10 14 21 0 0 0 0 0 15 0 0 0 0 0 4 0 11 18 0 0 17 0 0 
0 0 0 0 0 0 0 0 0 0 0 0 0 0 0 0 0 0 3 22 2 19 0 0 14 
22 19 17 0 0 0 0 0 5 0 14 13 24 0 3 21 0 25 0 0 7 8 15 0 0 
16 0 0 2 0 0 13 0 14 0 0 0 20 21 0 0 17 0 12 15 0 18 0 24 23 
0 0 0 13 16 10 0 0 0 0 0 0 0 0 14 0 0 0 7 0 0 0 21 1 4 
0 15 0 0 6 0 0 0 22 25 0 11 0 20 0 0 0 0 0 0 17 0 3 0 0 
0 0 0 0 0 0 0 0 0 6 0 16 0 0 0 22 0 0 15 0 0 0 0 0 0 
21 10 0 0 17 0 7 20 4 3 0 0 0 0 0 0 0 0 16 0 0 0 0 9 0 
0 5 22 7 0 1 0 0 0 0 0 0 10 0 0 0 11 0 0 21 13 20 14 0 19 
