16 0 3 5 0 4 11 0 2 6 13 1 0 0 0 0 
0 9 0 1 0 0 13 10 14 16 7 15 3 0 0 4 
14 10 2 0 0 0 0 0 5 8 9 0 0 0 11 13 
0 4 7 13 0 16 6 0 0 3 10 0 0 0 0 14 
6 1 0 0 2 0 14 0 8 0 0 0 0 0 13 0 
0 3 8 0 0 0 9 4 0 0 0 0 10 0 5 2 
9 12 15 2 0 0 0 11 7 5 0 0 0 14 0 16 
0 0 10 0 0 0 1 0 3 0 0 0 0 15 9 0 
0 11 14 0 4 0 0 6 9 7 0 0 0 0 0 1 
0 0 0 0 0 14 0 0 0 11 2 6 0 8 12 3 
0 8 13 7 16 2 0 9 0 15 0 0 11 6 0 0 
0 6 9 10 5 0 0 1 13 0 0 12 15 0 4 7 
0 0 4 0 6 9 2 0 11 0 0 0 0 5 8 12 
0 0 11 9 0 10 0 0 1 0 0 8 13 0 0 6 
0 0 0 0 3 0 4 0 16 0 0 9 0 11 2 15 
0 7 6 0 11 13 5 0 0 4 0 0 1 10 16 0 
