4 0 0 0 0 0 15 16 0 9 3 11 8 0 12 0 
9 1 11 0 0 0 12 0 0 0 0 0 0 0 15 0 
3 0 0 0 4 13 7 9 0 1 15 2 0 0 11 5 
0 7 0 15 0 0 11 6 12 0 5 0 0 13 9 1 
0 14 1 13 0 3 0 0 0 15 0 4 5 0 0 0 
0 10 4 0 15 0 1 7 0 0 0 6 9 0 16 2 
6 2 0 0 0 4 0 10 0 0 8 0 0 0 1 11 
16 9 15 0 5 12 13 0 7 0 10 1 0 14 0 4 
0 11 8 10 7 1 0 0 0 0 9 0 0 6 14 15 
0 12 5 0 0 0 8 0 14 0 1 10 0 0 0 9 
0 16 0 0 0 0 10 0 8 7 0 15 1 0 13 0 
15 3 0 1 12 0 0 0 2 11 0 13 7 0 0 8 
12 4 0 14 0 0 0 0 15 8 0 9 10 11 0 0 
0 6 0 0 0 0 0 0 0 4 7 3 0 0 8 13 
0 15 3 0 0 0 6 0 0 0 0 0 2 4 0 0 
0 5 0 9 16 10 4 0 11 0 0 14 15 1 0 0 
