10 5 3 8 11 6 1 0 13 2 0 0 12 14 16 0 
11 14 0 13 9 2 16 0 12 0 3 8 10 0 0 0 
0 2 9 0 4 14 0 10 0 0 5 16 0 0 8 0 
0 16 0 6 5 0 0 0 0 11 0 0 0 0 0 3 
0 11 16 0 0 0 12 8 10 0 1 0 4 9 0 0 
1 0 0 0 14 9 2 0 0 8 0 5 16 10 0 0 
0 0 5 0 0 10 0 1 0 9 0 0 0 6 0 0 
9 3 10 12 6 0 5 4 0 14 7 0 0 15 13 1 
0 6 0 15 0 11 4 16 0 0 8 0 7 0 3 0 
14 10 0 16 0 0 0 0 0 5 13 6 0 8 12 0 
2 0 0 9 3 0 0 14 0 16 15 0 0 11 0 5 
3 0 7 0 8 0 0 13 0 0 0 0 0 0 6 0 
4 0 0 0 0 0 8 0 0 0 0 0 6 0 14 16 
16 0 6 11 12 0 14 9 8 0 0 0 0 0 15 0 
0 0 12 3 16 7 0 6 5 4 14 0 11 0 2 0 
0 0 0 5 0 0 10 0 6 0 0 9 13 0 4 0 
