11 0 0 15 0 0 12 3 16 7 4 1 6 2 0 0 
2 16 0 8 10 14 0 1 6 0 5 3 0 0 0 7 
1 5 7 0 11 4 6 2 0 0 13 8 0 0 0 0 
0 13 12 14 7 15 5 16 0 0 0 0 3 8 0 0 
4 0 0 10 0 9 13 0 1 0 3 0 8 15 16 0 
0 8 11 1 0 12 0 0 0 16 0 0 0 4 0 14 
0 0 0 0 0 11 2 0 0 4 14 0 5 1 0 0 
0 0 0 0 1 0 0 14 0 8 0 7 10 0 13 0 
0 1 0 4 2 13 8 15 0 0 16 0 0 11 0 10 
12 0 0 0 14 10 11 5 3 0 7 0 0 6 8 0 
0 0 8 0 3 0 1 9 0 0 0 4 16 0 0 0 
5 11 0 7 12 6 16 0 0 0 0 0 14 0 0 0 
0 0 14 12 0 0 0 0 0 5 1 0 15 0 3 0 
13 7 1 5 0 0 0 6 4 0 0 0 0 0 2 8 
0 2 0 11 0 1 0 12 8 0 0 0 4 0 5 16 
0 4 0 9 8 5 0 0 0 0 2 14 0 13 0 0 
