0 23 3 9 8 2 10 0 0 0 0 0 0 11 12 0 0 18 0 19 17 15 21 0 0 
0 1 0 0 24 0 0 4 23 19 0 20 25 16 0 0 8 2 17 14 3 13 11 12 10 
0 25 0 11 0 9 3 8 0 17 0 0 1 18 0 0 23 0 0 6 19 24 0 0 20 
0 0 0 0 5 0 11 1 16 6 0 0 8 2 0 0 10 4 0 3 22 23 18 0 0 
10 18 19 0 0 21 25 24 0 20 0 0 0 23 0 13 11 12 0 1 0 7 8 9 0 
11 2 18 16 7 13 0 6 0 8 22 3 4 0 0 12 0 0 9 0 0 1 19 23 0 
0 0 5 14 0 0 18 0 0 0 11 8 0 21 0 4 0 0 6 7 2 0 0 0 0 
1 0 4 12 6 0 0 0 0 0 16 18 0 0 2 19 0 0 23 25 0 14 9 22 0 
17 0 0 0 0 0 4 11 0 0 14 12 7 0 0 16 0 5 0 24 0 18 0 21 6 
15 20 0 24 0 0 22 0 17 0 23 19 10 0 0 18 0 0 11 0 8 3 0 4 7 
24 22 0 0 9 0 0 5 10 13 0 11 19 0 0 14 16 6 0 15 7 17 3 0 2 
0 6 0 17 15 16 24 7 18 12 0 2 0 20 13 0 0 0 0 21 1 0 22 5 0 
0 0 0 20 0 0 0 15 0 25 0 0 0 22 0 1 0 0 18 0 0 19 0 0 13 
2 0 0 7 0 17 21 0 0 0 8 25 0 1 0 24 5 0 0 9 0 0 15 0 23 
5 0 0 19 0 3 9 14 0 0 0 16 0 24 0 7 2 17 0 22 0 0 12 0 0 
12 5 0 25 0 7 20 21 13 10 2 23 16 17 19 3 9 24 0 0 0 0 0 6 18 
0 0 0 22 0 5 2 19 25 9 0 4 15 3 8 21 14 0 0 18 20 0 10 13 16 
3 0 0 1 19 0 0 0 4 0 12 0 0 10 14 6 15 7 0 0 9 5 0 11 8 
0 0 20 0 0 0 0 0 3 22 18 0 0 13 6 23 19 0 5 12 0 2 17 7 15 
0 13 14 2 0 6 8 12 0 0 0 1 5 9 25 17 20 0 22 0 23 21 24 3 0 
21 14 17 3 16 25 0 0 8 4 20 5 24 19 22 10 6 1 0 23 0 0 7 18 0 
0 12 0 0 0 0 16 9 0 0 0 0 21 0 18 22 3 20 14 0 0 0 0 19 24 
0 11 0 0 0 22 0 23 0 0 0 10 12 7 0 2 18 9 0 8 0 20 14 1 21 
8 0 22 0 0 0 0 20 21 7 1 0 2 0 16 0 0 19 0 5 0 0 0 0 3 
0 0 0 0 0 0 0 18 0 3 0 0 23 8 11 25 0 21 12 16 0 4 0 0 22 
