0 10 13 7 3 15 2 8 11 9 0 14 0 0 5 6 
5 0 0 14 16 4 0 0 0 3 15 0 8 11 0 0 
4 0 0 15 5 12 0 0 0 0 0 1 3 0 0 0 
8 0 3 2 11 0 14 9 5 12 0 0 13 0 15 0 
2 0 0 0 7 0 0 0 0 0 14 9 1 0 0 0 
6 12 15 16 9 0 0 0 0 13 1 7 0 0 0 11 
3 0 0 1 2 13 0 0 0 4 11 10 5 0 8 7 
0 13 0 11 0 0 0 0 2 0 6 0 0 0 0 15 
9 0 0 13 10 16 12 4 14 6 3 0 0 5 0 0 
11 0 4 0 0 2 0 15 1 7 9 0 0 8 0 3 
0 3 6 5 0 7 9 1 0 0 0 11 0 0 4 2 
0 0 0 0 0 0 13 0 4 0 0 0 0 0 16 14 
0 15 0 6 12 10 1 0 9 0 0 5 0 0 0 8 
1 5 0 9 13 0 0 0 7 11 0 16 6 15 0 4 
16 2 7 3 0 0 6 11 0 0 0 0 14 0 0 0 
0 0 0 0 0 5 16 0 0 1 12 0 0 0 0 0 
