15 0 8 10 0 14 0 0 0 6 1 16 13 0 7 0 
0 6 1 11 13 8 0 0 3 0 4 0 0 0 15 0 
7 14 2 16 0 15 0 3 0 9 5 0 6 0 0 0 
3 0 13 0 7 6 0 0 0 11 14 0 0 0 0 16 
0 0 6 0 0 2 0 0 0 3 11 0 16 13 12 8 
0 0 0 0 5 9 4 0 0 2 0 12 0 0 6 14 
11 0 0 0 0 0 13 14 15 0 0 8 2 0 0 1 
13 0 0 12 3 0 0 6 14 1 10 7 9 0 0 11 
2 0 9 6 8 0 12 10 5 0 0 0 0 16 0 0 
0 1 12 3 2 0 9 13 16 0 7 0 0 0 0 5 
0 0 14 13 15 0 0 0 11 0 2 0 10 0 0 12 
16 0 0 15 0 0 6 7 0 0 0 0 1 8 2 13 
0 3 0 0 16 0 14 0 6 0 0 5 0 0 13 2 
8 0 0 0 12 0 0 5 0 0 3 2 0 9 10 0 
4 0 0 0 0 0 15 8 10 0 0 0 0 0 16 7 
0 11 0 0 0 0 3 2 7 0 13 4 0 5 14 15 
