0 4 0 0 5 23 19 15 0 17 0 8 21 25 18 22 13 11 12 0 0 0 10 0 1 
25 0 0 22 9 0 13 0 16 0 0 12 0 11 10 21 0 0 0 0 0 14 19 4 2 
0 8 0 0 0 0 0 0 14 5 13 3 0 2 0 0 0 0 9 24 0 0 15 17 11 
0 17 0 20 0 0 11 0 24 22 19 1 0 0 5 23 14 2 4 0 8 0 13 12 0 
0 3 13 0 1 0 0 0 0 0 0 14 4 15 9 0 5 0 17 20 0 22 7 24 23 
0 0 2 23 25 4 0 11 1 8 14 24 20 7 0 5 9 13 0 0 0 19 0 0 18 
0 0 19 0 3 0 18 7 20 24 0 0 0 9 0 0 0 0 23 10 16 21 0 25 0 
22 0 0 21 8 0 0 25 0 23 1 0 0 16 4 0 20 0 7 3 2 0 0 0 6 
0 20 15 11 0 0 3 5 0 9 0 0 0 0 0 0 4 0 18 0 0 23 0 7 0 
24 7 9 0 13 2 15 0 21 0 11 0 5 0 25 14 0 12 22 19 1 17 0 0 3 
5 23 17 7 12 0 24 6 0 0 3 0 18 20 0 0 0 9 14 1 22 4 0 19 0 
19 16 20 0 4 0 0 0 0 14 23 0 10 22 0 18 12 3 25 0 6 1 0 13 0 
21 1 18 15 0 0 20 2 22 3 0 0 19 14 0 0 10 4 0 0 23 12 25 0 9 
0 0 24 25 11 0 4 1 0 12 0 5 6 0 0 20 19 17 0 0 14 0 3 0 0 
3 22 14 0 0 0 0 0 0 10 0 0 0 12 0 0 0 23 24 0 7 0 17 0 20 
0 11 3 0 23 0 0 0 7 1 2 22 0 19 16 0 0 24 0 0 25 0 0 21 17 
0 10 0 0 0 11 0 12 4 19 0 0 0 0 20 1 0 6 0 8 9 7 2 16 24 
8 24 0 14 15 0 2 0 6 16 7 0 25 0 0 0 0 22 19 0 4 3 0 1 0 
0 2 1 4 0 0 25 0 0 21 9 17 8 24 23 10 0 5 16 0 15 0 0 0 14 
0 0 0 9 0 20 10 24 5 15 0 4 0 0 0 17 3 14 2 0 0 0 23 22 19 
23 0 4 0 18 24 7 3 0 2 0 6 12 0 14 0 0 19 0 9 0 0 0 10 0 
17 19 10 5 0 0 8 0 25 13 0 9 2 1 24 12 23 20 6 0 0 0 0 3 0 
0 25 11 0 0 9 5 0 0 0 0 0 16 0 19 0 24 7 8 14 0 13 6 2 21 
0 0 8 0 24 0 1 23 17 20 22 0 3 5 0 0 11 0 0 25 19 0 18 14 4 
9 0 7 0 21 10 6 0 0 0 0 0 11 0 8 0 0 0 0 18 0 24 0 23 0 
