0 11 3 4 8 0 0 16 0 12 0 10 5 17 0 18 2 0 0 23 0 20 24 0 6 
22 18 0 0 19 11 17 24 0 0 3 23 1 7 0 6 0 4 0 0 0 8 14 0 0 
5 2 0 1 0 13 0 0 23 0 0 0 0 24 20 3 0 8 7 0 12 0 0 0 0 
23 0 14 12 7 20 3 10 0 0 22 0 0 0 9 19 11 5 1 0 0 0 0 0 2 
24 0 9 0 0 0 6 0 0 0 0 12 11 0 16 14 0 20 0 0 23 5 0 21 0 
0 19 17 0 1 5 2 0 0 11 0 25 8 3 22 21 0 0 24 0 0 7 0 0 0 
0 0 2 0 9 0 24 0 6 0 12 13 23 0 0 0 0 0 10 0 0 22 8 0 16 
0 3 0 23 0 0 0 22 10 7 6 0 0 0 4 0 0 2 19 0 1 0 0 11 17 
0 12 10 11 0 16 0 1 8 4 2 5 19 15 14 7 23 0 0 22 0 25 3 0 18 
8 24 0 0 21 0 0 19 12 20 9 18 7 1 0 16 3 11 14 4 5 10 0 0 15 
0 17 25 0 20 0 8 3 0 0 0 0 0 0 6 1 24 13 18 0 0 19 21 22 23 
7 1 0 0 10 0 0 6 14 22 0 0 17 0 23 2 9 16 0 0 25 0 0 0 0 
18 22 0 0 0 0 15 5 19 24 13 1 0 0 0 12 0 10 20 0 0 0 6 3 0 
19 0 6 21 0 12 0 13 0 23 0 22 2 14 0 0 0 0 8 7 0 0 0 20 9 
0 15 4 0 12 25 0 9 0 17 20 0 0 0 24 22 6 0 0 0 2 14 0 0 8 
15 0 0 17 14 0 0 0 0 10 0 0 3 0 0 0 0 19 11 6 0 0 7 18 12 
2 0 19 10 24 7 0 14 0 0 1 17 4 21 11 23 0 12 0 13 22 0 15 0 25 
12 0 21 9 18 22 0 20 0 0 0 0 0 23 0 10 15 7 0 3 0 0 11 0 24 
0 0 1 0 0 6 19 11 15 9 0 8 10 25 0 0 0 24 21 18 14 23 0 0 5 
11 5 0 0 23 24 0 0 0 0 16 15 0 22 18 4 0 14 25 0 0 3 19 0 21 
0 0 12 2 22 17 4 7 20 1 25 0 13 0 0 15 19 23 0 0 3 24 0 8 0 
1 23 8 19 4 10 22 0 21 13 0 14 24 0 3 0 0 17 0 2 18 0 25 5 0 
3 14 15 18 0 0 0 8 24 0 23 0 20 0 7 0 21 0 4 0 0 2 12 10 0 
0 0 11 0 13 0 0 25 18 0 8 0 21 0 0 20 0 0 5 0 6 15 0 0 19 
10 9 5 20 16 15 0 0 0 0 17 0 0 12 1 0 18 25 0 8 11 21 0 4 0 
