2 0 0 10 11 9 5 8 0 0 0 0 16 14 0 15 
0 0 0 0 0 4 0 7 13 0 0 11 0 10 6 9 
11 13 0 8 10 6 0 3 12 9 0 0 0 0 0 5 
9 4 0 15 0 0 0 1 0 0 2 0 11 12 7 3 
3 12 0 0 0 0 0 0 0 14 0 13 2 7 9 6 
0 7 9 5 0 13 0 0 1 0 0 0 0 0 0 11 
10 1 13 2 9 11 0 4 15 0 6 0 0 0 0 0 
4 0 0 6 15 0 0 5 0 0 9 2 10 1 0 13 
6 0 14 0 0 0 0 0 0 0 5 0 0 9 0 0 
0 15 5 0 0 0 0 11 0 8 0 0 1 0 2 12 
0 0 10 13 0 0 0 0 14 0 12 3 0 0 4 0 
12 0 11 0 16 3 13 0 0 0 10 0 7 8 0 14 
7 0 0 14 0 0 16 10 0 0 0 5 0 0 0 1 
0 6 4 0 3 12 11 0 8 0 16 0 0 0 10 0 
8 10 3 0 0 7 0 0 4 6 11 14 9 13 0 2 
15 0 1 16 6 0 0 0 0 10 0 12 14 11 8 0 
