0 16 0 13 14 0 0 0 15 5 0 0 0 7 8 0 
0 0 11 0 0 16 0 7 8 0 2 10 13 0 15 14 
0 14 5 0 0 0 0 3 0 0 0 7 1 0 0 0 
0 0 6 0 0 0 12 0 1 0 16 0 0 4 2 0 
0 2 0 5 0 3 16 0 6 12 13 0 0 10 0 0 
16 0 13 12 6 0 10 5 0 0 7 14 0 0 0 2 
0 4 0 0 0 1 0 0 0 16 0 0 14 5 0 13 
0 11 0 8 7 0 13 12 0 0 0 1 0 0 9 6 
13 0 9 0 0 0 0 0 0 0 0 2 0 0 0 1 
1 6 2 16 0 0 3 0 0 13 0 12 0 0 0 0 
11 8 12 0 1 13 9 0 0 0 3 15 2 6 4 7 
7 3 0 10 0 0 5 0 0 1 0 9 12 0 13 16 
0 0 0 9 0 5 11 0 7 6 0 16 3 0 10 0 
4 0 0 3 0 2 7 9 14 0 0 0 0 0 0 0 
0 0 16 0 3 8 1 10 13 9 12 0 7 2 14 0 
0 7 8 1 12 0 0 0 10 0 11 3 9 13 16 4 
