0 9 0 2 15 0 0 0 3 5 16 11 0 4 13 12 
3 11 0 0 12 0 0 0 0 8 0 0 16 0 0 15 
0 0 0 0 16 0 0 3 1 12 0 0 0 11 2 0 
0 0 8 16 11 14 0 13 10 9 15 0 3 7 0 5 
0 0 5 6 13 0 16 0 0 0 0 10 0 15 0 0 
0 7 0 3 0 12 15 5 0 2 0 0 10 1 8 0 
0 10 0 4 0 11 2 1 0 0 0 0 7 0 5 0 
15 0 0 14 10 0 0 0 7 0 12 5 11 6 0 2 
14 15 0 0 8 0 0 0 2 0 5 0 4 0 1 9 
0 0 7 12 9 4 0 6 0 13 0 0 0 0 15 0 
5 3 6 1 2 0 0 0 8 4 0 16 13 0 14 0 
0 16 0 0 0 1 13 14 12 0 11 0 0 0 0 8 
0 0 0 0 0 6 0 0 0 0 2 13 15 8 0 0 
9 0 2 0 4 16 0 0 15 6 0 0 0 5 0 1 
0 0 0 0 0 13 5 15 9 0 0 8 2 10 0 6 
0 6 0 0 0 0 14 8 0 11 4 12 0 13 16 7 
