0 18 0 0 19 14 0 24 25 0 0 0 0 11 5 0 16 0 1 2 0 8 0 0 0 
25 0 7 16 2 0 0 0 0 3 13 0 0 1 0 0 11 0 10 0 0 4 0 0 0 
13 21 9 0 0 2 15 0 0 23 20 6 0 7 14 18 8 3 19 0 24 11 0 0 12 
20 0 0 24 0 1 6 11 0 0 16 0 0 18 2 12 0 0 9 0 19 0 0 7 15 
0 11 0 1 0 9 16 18 21 7 8 0 0 12 0 22 23 6 24 0 2 17 0 0 20 
16 19 0 0 0 0 25 10 0 6 23 0 0 0 0 0 2 0 0 0 5 1 0 15 17 
24 0 17 23 11 22 20 0 0 0 0 0 0 4 6 10 25 0 15 7 18 3 8 0 0 
14 0 22 0 8 0 0 9 23 0 0 10 16 0 0 17 0 19 12 5 11 0 7 2 0 
18 0 0 25 6 0 7 0 14 0 0 2 0 0 0 0 13 23 0 0 0 21 0 12 4 
15 12 1 10 0 0 2 17 19 18 22 0 11 3 0 16 6 0 4 0 14 24 9 23 25 
0 7 0 0 0 0 0 22 8 0 0 23 18 0 1 0 9 0 0 0 0 5 0 0 24 
0 5 0 0 0 19 0 13 7 10 25 15 0 14 22 23 0 1 0 0 4 12 11 0 0 
0 0 14 3 1 0 0 2 0 12 0 13 6 10 7 19 0 0 0 21 0 0 0 0 0 
23 0 2 0 0 0 24 6 15 0 0 16 21 5 3 0 14 0 0 0 9 19 0 20 0 
22 15 0 0 9 0 21 0 3 0 0 17 19 0 0 13 0 10 5 0 0 0 2 6 0 
6 0 0 0 12 0 23 0 1 19 24 14 17 0 4 0 0 0 21 0 15 2 5 9 11 
19 4 0 17 21 0 0 0 24 0 0 11 0 23 0 5 0 18 0 0 10 0 6 8 14 
2 8 13 14 3 10 0 15 0 5 0 18 7 0 0 20 0 25 6 23 17 0 0 0 22 
7 1 0 0 16 0 0 21 20 9 5 0 3 0 0 2 12 11 0 0 23 25 19 0 13 
10 9 11 5 23 6 0 14 0 2 19 8 0 0 15 24 7 22 0 1 0 0 0 4 0 
9 0 0 0 22 25 0 0 5 14 10 0 8 0 0 0 3 7 0 0 0 6 21 11 0 
5 0 0 6 0 0 0 23 18 16 0 0 0 0 11 9 0 21 25 19 20 0 14 0 2 
4 23 19 7 14 0 10 20 0 17 3 25 12 0 0 0 0 16 0 22 1 9 0 0 8 
1 25 0 11 0 21 0 0 9 13 6 0 0 0 0 14 20 2 8 0 16 22 17 0 0 
0 0 0 13 20 0 22 7 6 15 2 9 14 17 0 1 5 12 23 11 0 18 4 3 19 
