0 1 0 3 0 12 0 22 0 19 0 5 15 6 7 18 0 17 10 11 0 24 23 20 0 
24 0 7 13 0 16 6 0 0 0 18 14 10 0 11 0 0 0 0 0 1 8 19 0 0 
0 8 5 0 17 25 0 0 18 20 2 21 0 16 1 0 0 0 19 7 0 11 10 3 6 
0 20 0 0 11 0 7 24 0 0 0 9 19 0 23 13 12 0 4 0 18 0 0 0 0 
2 0 14 0 0 11 0 8 23 1 20 3 12 25 0 6 15 16 21 5 0 0 13 7 17 
11 0 8 10 24 17 9 23 0 12 14 22 25 0 19 20 0 0 0 4 3 5 0 0 7 
0 0 12 18 13 0 22 0 0 0 16 0 0 0 2 0 17 23 9 0 6 0 1 0 10 
0 0 0 15 0 13 1 18 10 7 3 4 0 0 9 2 22 0 5 0 25 14 24 21 8 
25 0 0 0 21 4 15 11 5 2 7 0 0 0 8 10 13 0 24 0 0 22 0 0 23 
0 0 17 0 0 20 8 16 0 0 5 0 0 0 6 0 7 18 14 0 0 2 15 9 0 
3 0 0 0 0 0 17 0 0 13 0 0 0 22 0 7 0 15 0 20 8 0 0 23 0 
8 0 2 17 0 0 3 0 12 0 0 23 4 0 15 0 10 24 0 21 22 0 20 0 0 
0 13 22 25 20 7 0 10 0 16 0 17 24 8 0 12 0 1 23 0 5 3 6 0 0 
9 0 0 0 0 8 0 0 24 0 6 25 0 0 0 22 0 13 2 0 0 0 16 10 12 
12 14 21 0 18 15 0 0 22 0 0 0 0 7 20 11 5 3 8 6 0 9 25 0 0 
4 0 0 0 0 0 0 0 7 22 0 15 0 19 13 0 25 8 16 0 10 1 9 6 0 
13 0 0 0 0 1 0 14 0 0 25 11 0 2 0 17 23 5 3 18 24 12 0 0 0 
18 0 11 0 0 23 0 13 19 25 4 0 0 0 0 0 20 9 22 0 2 0 0 8 0 
0 0 23 8 2 0 0 0 17 4 0 0 0 20 14 0 0 7 0 0 13 25 0 11 15 
14 15 3 24 25 0 0 2 20 0 12 0 7 10 17 19 11 0 0 13 21 23 0 18 16 
0 11 0 0 8 0 20 0 0 0 0 0 0 24 10 3 0 12 7 23 17 6 14 25 9 
17 0 18 12 3 0 14 4 21 10 0 0 6 0 25 5 0 22 13 0 0 0 8 1 0 
0 21 0 0 23 22 0 9 8 15 17 2 0 0 0 4 16 0 0 25 7 13 11 0 18 
6 0 0 9 10 0 25 0 16 0 0 0 8 0 22 1 2 20 0 14 0 15 0 0 0 
5 25 0 0 0 3 0 6 0 0 1 0 0 9 0 0 18 19 11 0 16 10 0 0 21 
