4 0 9 0 0 15 0 0 12 8 13 11 16 3 14 0 
2 6 13 0 0 0 9 0 0 0 3 0 5 0 0 0 
0 0 8 0 13 3 16 5 4 0 0 2 0 1 0 6 
1 15 0 0 11 0 14 2 0 9 0 10 0 8 0 0 
6 2 0 0 0 0 8 4 3 0 1 13 0 0 7 16 
13 0 10 0 16 12 5 15 0 0 8 0 6 11 3 0 
0 8 0 16 0 2 11 0 0 0 0 5 4 0 12 0 
0 9 0 0 1 0 0 0 6 0 0 4 14 15 2 0 
11 3 2 0 0 6 0 8 0 0 0 0 0 0 0 0 
16 4 0 0 5 0 0 0 0 0 0 9 8 2 6 0 
0 0 0 8 2 0 0 0 0 0 5 0 11 0 1 15 
0 10 0 0 12 7 0 0 0 0 2 0 3 0 4 5 
10 16 5 2 0 0 3 0 0 4 11 0 15 14 0 0 
0 12 11 0 0 0 10 0 14 5 7 0 0 6 16 0 
0 1 6 0 0 5 0 16 0 13 10 3 0 0 0 0 
0 14 4 13 15 8 12 0 0 0 9 0 1 10 5 7 
