3 8 0 0 9 1 0 0 2 0 4 16 5 7 11 6 
2 10 9 7 0 0 0 0 0 13 14 12 0 0 1 3 
6 0 0 11 16 10 12 0 7 9 1 0 0 15 13 2 
1 0 13 0 0 0 0 0 0 0 11 0 0 0 0 4 
0 6 16 0 10 7 8 0 9 0 15 0 0 0 12 11 
15 0 0 0 0 12 1 9 0 5 2 4 10 3 0 7 
14 7 10 2 3 0 16 4 0 8 0 0 0 1 0 0 
4 9 0 0 0 0 15 6 0 3 0 0 8 0 0 0 
0 0 6 4 13 2 0 1 0 0 0 0 0 0 7 14 
13 0 0 0 0 4 0 0 0 7 0 10 0 12 0 1 
0 1 5 10 0 9 14 7 0 12 0 0 0 0 2 16 
0 0 3 0 0 0 0 0 0 0 0 11 9 0 0 13 
0 0 0 0 0 13 0 0 0 16 8 0 11 0 0 0 
0 4 15 5 0 8 6 0 13 14 9 1 0 0 3 0 
10 0 11 8 0 0 0 12 0 0 7 0 0 13 16 0 
0 13 0 0 1 0 2 16 12 11 10 15 0 14 5 0 
