13 0 0 0 15 8 1 0 16 0 0 9 3 0 0 0 
0 5 0 0 0 0 0 0 8 2 0 11 15 10 0 14 
2 0 0 0 0 5 12 3 7 13 1 0 0 4 0 6 
9 0 14 0 11 10 0 0 3 5 0 0 0 0 0 13 
0 8 0 11 12 16 4 5 0 0 7 0 0 9 6 1 
0 2 0 16 0 6 0 7 14 0 0 12 0 0 0 0 
10 0 0 12 1 0 3 2 0 0 16 0 0 14 11 0 
7 6 15 5 8 11 9 0 13 0 0 1 0 0 0 16 
12 0 8 0 3 0 0 0 5 9 0 0 11 13 14 15 
0 0 10 7 9 12 16 0 0 15 0 0 0 0 0 3 
4 0 0 0 0 0 0 15 0 1 2 0 0 0 8 10 
15 14 0 1 10 2 0 0 12 0 3 6 0 5 0 4 
0 12 1 9 0 0 0 0 0 11 0 0 14 0 0 0 
0 0 5 14 2 0 0 16 0 0 9 4 0 0 13 12 
6 3 0 0 4 0 0 0 0 0 5 8 2 16 0 0 
0 10 2 4 7 0 0 12 6 14 0 0 5 0 3 9 
