21 0 0 0 15 23 25 1 0 5 0 0 0 0 2 8 0 7 0 17 24 0 18 16 12 
14 25 16 8 12 0 0 22 0 2 0 15 0 0 0 0 9 0 0 6 11 0 1 0 21 
0 0 18 20 0 16 11 0 0 0 0 25 12 0 21 0 1 0 24 15 0 8 0 0 0 
3 5 1 6 0 0 0 10 0 14 9 24 17 0 0 0 0 2 0 16 25 0 19 23 15 
7 0 2 19 11 0 0 0 18 0 1 0 16 0 8 23 0 0 5 12 0 0 4 0 0 
6 0 0 17 19 18 0 0 25 0 0 0 0 5 20 4 0 1 22 13 0 2 0 0 0 
0 0 0 18 20 9 0 17 8 16 15 0 2 0 1 25 0 21 14 24 0 5 0 10 0 
16 0 9 21 7 24 23 14 0 0 0 10 0 0 0 17 5 11 2 18 0 19 15 0 1 
0 0 0 2 0 22 0 15 11 1 18 0 3 17 0 0 6 8 23 0 21 9 0 20 16 
0 0 0 0 8 0 0 7 2 19 0 23 13 0 14 0 0 0 15 9 0 0 11 25 17 
12 0 0 11 6 0 13 2 5 17 0 8 0 23 0 0 15 4 0 21 20 1 0 22 0 
17 21 13 23 10 0 0 16 1 4 20 0 15 24 0 11 8 6 25 5 0 7 0 0 3 
20 0 24 22 9 0 15 0 12 0 21 0 0 0 0 1 0 0 0 0 17 10 6 0 0 
8 14 25 0 1 20 0 3 23 6 17 12 18 4 16 0 0 0 19 22 0 0 9 0 2 
0 18 0 3 5 21 10 8 0 22 0 0 9 0 0 14 20 0 12 2 0 13 0 0 0 
1 6 0 0 0 13 0 24 3 23 0 22 8 0 0 0 0 12 17 14 16 0 10 19 18 
22 0 3 0 16 17 0 0 0 0 2 0 0 0 0 9 19 0 0 20 8 25 0 0 0 
13 8 17 0 14 0 0 0 0 0 0 0 0 11 0 0 24 0 16 1 7 0 0 2 22 
0 0 12 10 0 1 0 25 0 20 13 16 6 3 0 22 0 5 4 8 0 0 21 0 24 
0 19 0 25 18 11 16 0 0 0 0 0 24 0 0 0 2 0 10 3 14 6 12 5 0 
5 0 0 1 24 0 3 0 0 0 0 18 22 20 0 15 21 19 8 25 0 23 0 7 11 
25 0 8 16 0 2 1 0 21 11 0 0 0 13 0 5 0 0 0 0 0 14 20 4 10 
19 0 0 0 21 0 14 23 4 0 0 5 1 0 0 24 22 0 6 11 18 0 17 0 0 
2 0 0 14 0 7 0 13 0 0 8 11 0 16 0 20 0 18 1 0 19 24 0 21 5 
18 23 11 7 3 5 0 19 10 24 0 21 0 15 0 2 17 0 13 4 1 0 22 0 0 
