0 9 5 0 0 17 19 23 0 0 8 0 14 0 1 20 25 0 15 24 0 0 18 0 12 
0 8 0 22 12 0 4 0 0 21 0 0 0 0 11 16 0 0 0 0 15 17 20 2 0 
0 0 0 0 0 0 5 0 0 9 0 21 22 2 4 0 12 3 0 11 0 0 19 7 0 
7 0 18 0 2 16 3 12 0 25 6 0 19 20 23 0 21 8 0 1 9 0 0 10 4 
0 0 19 0 0 24 2 8 22 0 16 0 0 18 0 0 0 0 0 0 13 14 6 0 0 
0 10 0 17 25 12 24 0 0 3 0 0 0 0 7 0 16 0 0 15 0 1 0 0 22 
11 22 0 0 9 0 0 0 1 2 0 0 3 0 8 0 0 6 24 5 0 12 0 0 14 
0 4 23 24 0 11 0 0 0 15 14 12 2 0 16 0 17 21 8 7 0 9 25 18 6 
2 6 13 0 0 0 16 22 14 8 19 4 17 25 15 0 11 0 1 0 3 20 10 0 24 
0 12 0 14 15 23 9 6 21 0 1 0 20 24 18 25 2 0 19 22 0 0 0 13 7 
0 14 0 12 16 0 0 24 6 0 0 18 4 21 0 10 15 25 0 0 2 0 0 0 0 
4 7 21 0 3 8 23 0 0 5 0 10 0 14 0 11 6 0 9 0 0 19 0 24 0 
0 15 0 25 17 0 0 18 0 0 3 0 11 0 0 1 0 24 0 21 6 10 12 0 16 
9 1 24 5 0 10 0 0 17 0 0 8 12 23 6 7 14 0 20 0 0 0 0 0 11 
20 0 0 6 0 3 14 25 0 4 0 0 0 1 0 0 0 22 0 0 18 7 0 9 21 
22 0 9 10 0 4 13 0 25 6 18 0 8 3 0 21 1 0 12 0 23 2 0 16 15 
0 16 0 0 23 0 0 5 8 0 2 24 0 0 0 0 22 9 0 10 0 3 11 6 0 
0 0 0 0 0 0 7 0 23 20 0 22 0 11 0 0 4 15 0 2 12 18 0 25 10 
21 0 0 0 14 15 18 0 24 1 12 0 0 0 0 23 8 0 0 13 19 22 4 17 9 
17 18 12 15 6 2 0 9 0 22 0 25 0 0 13 0 0 0 0 14 8 0 0 0 0 
10 17 7 11 0 5 0 0 2 0 0 0 0 0 0 8 20 0 21 6 14 24 3 0 0 
0 21 0 0 20 0 0 17 9 24 4 0 6 12 3 2 7 19 10 25 0 0 0 0 18 
0 19 16 4 0 0 8 10 3 14 0 0 24 17 22 15 9 0 0 0 7 6 0 0 2 
0 0 0 9 8 0 15 0 0 0 5 14 18 7 19 0 0 0 0 16 10 25 22 12 17 
3 25 15 1 0 0 0 7 4 0 10 2 0 8 20 17 18 14 22 0 0 23 9 0 5 
