9 0 5 0 0 2 0 19 0 18 0 23 13 0 10 14 20 0 0 1 0 0 21 0 25 
0 0 0 0 8 0 14 25 0 3 0 0 4 0 0 23 0 17 0 19 22 7 0 0 0 
11 0 0 1 0 21 15 17 13 9 5 0 12 0 8 0 18 25 24 22 0 0 20 2 10 
0 20 0 18 0 1 5 0 24 0 0 3 25 0 22 0 8 9 7 21 13 23 0 19 0 
10 0 6 0 24 22 0 0 20 12 0 0 0 19 0 0 0 13 5 16 3 9 0 11 8 
20 0 0 0 0 0 0 3 0 5 0 0 1 23 2 9 0 0 0 13 0 0 0 15 11 
12 24 17 0 18 15 1 4 23 0 0 0 10 3 9 11 25 6 22 2 0 0 13 0 7 
0 2 0 23 13 10 0 8 21 19 0 11 18 12 25 7 0 4 3 0 24 0 6 20 9 
5 0 0 19 0 0 18 6 0 7 0 20 0 0 13 0 0 0 0 0 0 2 0 0 0 
21 0 0 3 0 17 0 2 9 14 0 24 15 0 0 18 0 16 0 12 25 0 8 0 0 
0 0 0 24 0 9 25 0 2 4 13 1 6 15 19 21 22 0 0 0 8 0 18 10 16 
0 12 0 6 0 13 21 0 19 0 25 8 0 10 0 17 9 11 15 0 2 0 0 0 22 
0 25 0 13 21 20 17 16 10 1 18 12 24 0 5 19 4 0 0 0 7 11 9 0 6 
22 8 14 0 5 0 6 0 18 0 0 21 0 0 11 16 0 0 0 0 0 0 0 17 0 
0 10 2 9 0 0 0 22 0 15 23 4 0 0 16 0 0 0 6 24 0 12 0 13 0 
3 15 0 0 2 14 22 0 4 21 0 0 0 24 0 12 7 5 0 17 0 0 0 23 0 
7 14 0 12 0 25 2 0 5 0 16 10 22 13 17 0 23 0 0 0 18 0 11 8 0 
0 13 18 5 22 19 8 15 0 17 1 0 0 21 3 10 0 20 0 0 0 0 0 7 2 
25 4 21 10 0 23 0 0 3 13 0 15 0 6 12 0 24 18 9 8 5 0 0 0 0 
23 0 0 17 6 0 0 0 0 0 4 2 0 9 0 25 13 22 0 14 0 16 0 0 0 
0 11 13 16 25 5 24 0 0 0 0 17 9 18 15 22 0 23 14 0 1 19 2 0 0 
6 18 0 20 9 0 0 0 0 2 19 7 14 0 0 0 0 0 17 4 10 0 3 16 0 
0 5 10 0 7 3 19 0 0 16 0 0 8 0 0 0 12 0 0 6 0 0 17 0 0 
0 0 23 21 12 6 20 13 0 22 0 5 11 1 24 8 0 2 18 0 14 4 7 25 15 
8 1 24 15 0 4 9 0 0 25 0 0 2 0 0 0 11 19 0 0 0 0 5 12 0 
