4 0 0 5 0 0 13 0 0 0 7 0 11 9 12 0 
12 0 0 16 0 7 0 9 11 8 0 6 10 13 0 0 
0 1 2 15 3 0 12 0 13 0 0 0 0 0 0 0 
0 0 7 13 0 0 0 11 12 15 0 4 0 16 0 2 
13 0 0 0 16 11 10 8 2 0 0 15 3 7 6 0 
0 15 0 2 0 14 5 0 0 0 8 0 0 0 0 9 
0 6 4 7 0 0 0 0 5 11 0 0 0 15 0 0 
0 0 5 0 7 0 0 3 9 0 6 1 2 0 0 4 
1 0 10 6 0 15 0 14 4 16 0 0 12 8 2 7 
14 13 0 0 0 2 0 7 6 9 0 12 16 0 10 0 
0 2 0 3 0 12 16 0 7 5 0 8 0 1 0 11 
0 12 16 11 6 0 0 0 0 1 15 2 4 0 0 0 
0 4 11 0 0 0 6 0 0 0 0 7 0 2 0 12 
0 0 13 8 11 4 7 0 0 0 0 0 15 0 0 0 
0 0 0 10 0 9 2 13 0 0 16 11 0 0 4 3 
0 0 0 9 14 10 3 16 0 6 4 5 0 0 1 0 
