13 15 0 8 12 0 0 0 5 0 2 0 10 0 0 7 
0 12 0 0 0 0 10 0 16 15 0 0 4 0 0 0 
0 0 0 7 0 0 5 4 0 6 0 0 0 0 0 1 
10 4 14 5 8 0 0 0 9 1 7 0 0 0 15 2 
14 2 7 10 11 1 8 3 4 16 9 0 6 5 0 13 
0 0 0 1 0 4 2 0 7 0 6 0 8 9 0 0 
0 16 0 12 0 0 13 0 0 0 0 1 0 0 0 4 
4 0 8 3 5 10 7 0 14 2 0 13 15 0 0 0 
5 8 15 0 0 0 0 0 2 0 11 0 3 16 0 9 
16 0 6 0 10 7 0 11 0 0 4 3 5 0 0 12 
12 0 0 0 0 0 0 13 0 8 0 0 0 0 4 0 
0 7 10 11 4 0 0 2 0 0 16 0 1 0 0 6 
8 11 3 0 0 12 0 16 10 0 0 0 0 0 1 15 
7 10 4 0 0 15 0 5 0 0 13 16 0 0 0 8 
1 9 5 0 7 0 3 0 15 0 0 6 0 11 2 0 
6 0 12 15 9 0 0 0 3 7 0 0 13 0 0 16 
