1 0 0 11 15 2 5 7 0 0 0 19 6 0 12 0 0 0 0 20 0 0 10 0 24 
0 12 21 0 23 13 18 0 14 0 15 1 0 0 4 0 0 0 6 0 0 11 0 19 0 
19 0 16 22 20 0 10 12 0 24 2 18 13 23 0 0 0 25 0 9 6 5 0 8 0 
0 0 0 14 0 8 19 15 17 0 0 0 5 0 20 0 0 0 1 21 0 12 22 0 16 
18 5 2 24 4 25 0 1 0 23 0 0 7 17 3 0 0 10 0 0 0 14 20 13 15 
0 21 0 25 0 0 17 0 0 8 14 15 12 0 0 0 0 1 2 24 0 0 0 10 5 
0 0 0 9 14 0 0 0 0 0 0 21 0 18 0 6 0 8 0 0 0 0 12 11 23 
0 8 12 7 5 0 15 3 1 10 0 0 0 0 0 0 0 14 11 0 0 21 24 0 22 
0 15 3 4 0 5 14 22 0 13 0 20 1 16 0 21 0 0 0 0 8 6 0 0 19 
0 18 6 0 24 0 0 0 0 11 17 8 0 13 0 19 22 0 25 5 1 15 0 0 3 
23 20 5 0 0 0 0 24 6 0 0 25 0 0 2 0 0 0 0 13 15 0 18 16 17 
0 4 14 0 0 0 1 0 16 17 6 11 0 0 0 23 0 0 10 19 25 0 5 0 9 
0 6 15 18 9 12 21 11 10 5 19 0 23 0 16 8 1 0 7 25 13 0 0 20 0 
10 11 0 0 0 9 13 18 20 0 12 5 8 0 0 4 6 16 0 14 0 3 0 1 21 
24 0 0 0 16 3 7 0 0 14 20 0 21 0 0 5 15 9 0 18 0 0 0 0 0 
0 22 20 0 0 0 9 13 0 0 18 3 0 14 10 0 25 0 0 1 0 0 0 0 11 
0 7 0 0 18 16 20 25 0 1 13 6 11 0 23 17 19 0 0 0 0 10 21 9 0 
4 16 0 2 17 0 11 5 15 19 1 22 20 9 0 7 21 0 0 8 12 18 6 24 0 
12 13 0 19 0 17 22 0 3 21 5 7 0 0 8 0 0 18 0 10 16 0 14 15 20 
0 0 0 15 25 14 0 0 18 0 0 12 17 21 0 22 0 20 4 0 0 23 7 3 0 
0 0 0 5 0 0 16 0 0 22 0 0 0 12 21 14 0 7 0 0 3 13 0 0 2 
0 2 0 6 0 1 23 14 12 0 11 13 18 0 0 3 0 0 5 0 4 9 25 21 10 
25 0 4 13 11 21 0 0 8 18 3 23 16 0 0 1 17 12 9 0 14 20 0 5 7 
0 0 0 20 0 0 3 0 0 7 4 9 2 0 1 25 0 15 0 0 11 24 0 22 18 
9 0 0 16 3 0 25 6 0 0 0 14 0 0 22 0 2 0 13 11 23 1 8 17 0 
