2 5 0 0 13 0 21 8 7 16 0 0 17 0 0 0 9 11 0 0 19 23 0 15 20 
0 0 0 25 10 23 12 0 0 0 19 0 0 0 9 5 22 0 0 20 0 6 0 0 14 
11 0 0 0 16 0 24 0 6 17 0 5 0 0 10 23 8 19 0 0 3 9 0 18 0 
14 0 19 18 0 25 5 22 11 0 15 0 0 0 16 0 0 0 7 0 0 10 12 24 0 
9 22 0 7 23 2 15 19 0 10 24 8 0 0 0 0 17 0 0 12 13 21 0 0 0 
15 0 20 0 24 0 0 0 18 12 7 16 14 0 0 22 23 13 4 21 0 0 0 0 11 
12 10 11 8 22 13 16 20 14 15 25 0 0 4 3 1 6 0 0 5 21 7 23 19 18 
4 0 23 0 3 5 1 2 8 25 6 0 0 0 0 7 18 0 0 11 22 24 0 0 0 
16 19 0 13 0 0 6 21 4 11 23 0 22 0 0 24 25 0 15 0 0 0 0 9 10 
18 25 0 0 0 24 10 0 0 0 1 21 0 0 15 14 19 0 0 8 20 0 17 13 4 
22 0 13 0 7 0 17 0 1 20 14 19 16 5 8 9 10 0 0 23 24 4 0 0 0 
6 20 18 0 8 0 2 0 0 0 13 22 0 24 23 17 5 0 11 14 0 0 19 10 3 
0 0 14 0 0 0 0 5 23 13 0 0 0 15 0 8 0 0 6 0 9 0 16 0 22 
24 11 0 0 0 14 0 0 0 0 0 12 0 0 0 0 0 1 19 0 8 15 0 17 0 
25 0 0 0 0 0 0 24 0 0 11 6 21 0 0 0 20 22 3 16 0 0 0 0 12 
1 3 0 19 0 0 0 23 0 5 17 0 0 0 0 0 0 10 18 13 0 20 7 22 0 
7 6 22 4 0 10 0 11 0 14 21 0 9 16 0 0 0 5 8 0 0 19 24 0 23 
10 0 0 20 11 21 22 7 17 1 0 0 0 0 2 19 0 14 9 6 16 0 0 25 0 
0 14 24 0 0 3 0 4 25 0 5 15 8 1 19 12 7 0 0 22 10 11 9 6 17 
23 0 0 17 18 0 19 12 9 0 0 0 0 0 11 0 16 15 21 0 4 14 0 0 1 
0 7 2 9 0 22 0 10 0 8 16 0 24 12 14 4 11 21 13 1 6 0 0 5 25 
0 24 1 22 17 20 14 0 5 2 0 0 0 18 0 16 0 0 25 0 0 0 0 4 0 
20 18 10 11 0 0 9 0 21 0 0 0 0 7 1 6 0 2 22 24 12 16 0 0 15 
0 0 0 6 14 12 0 0 24 7 0 0 0 13 0 18 15 0 23 0 0 0 21 0 0 
0 23 0 0 4 0 0 1 16 6 0 11 15 0 0 20 0 8 5 0 14 17 0 7 24 
