5 10 0 0 9 0 20 0 0 0 13 0 0 3 12 17 0 23 22 2 6 0 1 18 4 
0 20 0 0 1 8 3 0 9 0 5 11 4 0 6 24 0 13 0 16 0 23 22 0 19 
0 18 23 11 17 0 0 0 0 0 0 0 25 0 0 0 0 0 4 5 0 16 10 0 24 
4 16 13 0 14 18 0 17 0 22 0 24 0 0 0 11 0 0 20 0 12 0 0 0 0 
0 0 12 24 15 4 0 23 25 0 0 1 0 21 20 0 0 18 10 6 7 9 0 8 0 
19 0 11 0 0 0 21 0 18 24 0 0 0 0 13 0 10 0 14 15 23 0 16 4 5 
0 15 0 25 0 0 11 0 23 0 8 16 0 22 17 6 7 0 12 24 3 0 0 1 20 
0 0 16 14 0 0 0 6 0 0 18 0 1 10 0 0 0 4 9 0 19 0 8 0 12 
24 0 0 0 21 1 0 13 20 0 15 0 0 0 4 5 18 22 3 0 9 7 25 0 0 
9 0 0 5 13 12 25 0 2 10 0 0 7 24 0 0 11 20 0 19 0 17 15 22 21 
20 0 0 15 0 21 0 22 3 1 0 0 18 25 2 0 23 0 17 13 0 0 0 0 0 
13 0 0 18 0 0 23 9 10 0 0 0 5 6 0 25 22 12 1 21 0 24 2 17 0 
0 0 21 0 0 11 0 0 0 0 12 0 13 19 15 14 20 3 6 0 5 0 18 16 1 
14 2 17 0 0 0 0 4 0 0 1 7 0 23 0 0 0 0 0 0 21 25 20 12 0 
11 24 1 0 12 25 0 0 14 6 0 0 3 0 0 7 0 15 5 18 13 0 0 23 0 
0 11 5 0 24 0 6 19 7 9 0 0 22 1 0 20 17 0 21 0 16 0 0 3 13 
1 0 0 0 18 0 4 0 21 0 0 3 0 16 0 10 24 0 0 0 0 20 19 0 0 
12 14 0 3 0 5 15 25 0 0 0 0 11 13 18 8 0 6 0 0 24 0 17 2 7 
0 0 2 16 25 14 0 0 22 8 0 0 12 7 0 18 0 11 23 3 0 21 0 5 9 
7 0 22 0 19 17 24 18 16 0 20 5 0 14 0 0 0 0 0 0 0 12 0 0 8 
17 9 24 19 0 0 0 1 0 20 14 6 8 2 0 21 0 16 0 7 10 0 0 15 25 
16 3 6 0 0 10 0 12 4 0 19 0 17 15 11 0 5 8 13 0 2 0 0 20 18 
0 25 14 0 7 24 0 15 6 21 3 0 23 0 0 22 0 0 19 0 8 5 0 11 0 
2 0 0 13 0 19 22 0 8 0 16 18 0 4 0 12 1 0 0 0 14 0 7 9 0 
8 0 0 0 4 16 14 0 17 18 7 13 20 5 24 15 0 9 25 11 0 3 21 0 23 
