0 0 1 5 0 0 0 0 8 13 3 4 10 0 0 9 
0 0 15 0 8 0 0 9 11 0 0 0 0 0 6 5 
0 0 0 0 13 0 10 7 15 0 14 0 0 16 0 0 
0 0 0 10 1 5 16 11 0 0 2 6 0 0 0 0 
1 0 0 16 4 7 0 5 10 0 8 2 13 0 0 0 
0 11 5 2 0 1 0 0 0 9 0 0 0 12 10 4 
0 0 6 4 0 0 0 12 1 0 0 0 0 0 7 16 
15 0 7 0 0 0 0 14 0 6 13 0 0 2 0 3 
16 4 0 0 6 0 15 0 5 12 10 9 0 13 0 0 
5 15 2 0 12 0 0 10 0 1 7 0 9 0 8 0 
9 1 13 0 5 0 0 0 6 8 4 0 0 0 0 10 
12 7 0 6 0 0 8 0 2 11 0 13 16 0 0 0 
0 10 9 14 11 16 0 4 0 0 0 0 7 6 13 8 
0 0 8 0 14 0 0 13 7 10 5 0 4 0 2 0 
0 0 0 15 10 0 1 2 0 4 0 11 3 9 0 12 
4 12 0 13 7 0 3 0 14 0 0 0 0 0 16 1 
