11 0 9 0 0 24 3 25 15 0 18 0 14 13 19 0 12 16 6 5 20 0 0 0 1 
3 19 23 13 0 0 11 0 0 10 5 0 17 0 15 2 22 8 9 0 0 0 0 21 0 
12 18 1 0 6 2 7 17 9 5 24 21 0 8 0 25 0 15 10 23 14 11 19 16 0 
20 21 10 15 0 0 18 0 0 0 1 11 2 7 0 14 17 0 4 3 13 5 6 0 0 
0 14 0 7 5 21 0 0 0 0 0 0 22 0 0 0 1 19 0 11 0 0 0 10 0 
0 20 25 19 0 18 16 1 22 0 8 0 0 14 0 0 0 21 0 4 24 7 9 0 2 
0 0 0 5 13 4 21 0 14 0 0 0 0 0 0 6 11 0 0 8 0 0 15 0 3 
0 4 21 0 2 0 23 24 0 0 6 0 0 20 0 0 25 13 19 0 1 0 11 14 0 
0 24 0 10 0 9 0 0 17 11 0 1 0 0 5 0 7 18 2 20 0 0 0 13 0 
0 12 0 3 7 0 0 15 8 0 11 22 4 21 0 0 14 0 0 0 0 17 23 5 10 
0 0 19 0 0 7 25 12 0 0 0 0 0 0 1 20 5 23 8 14 16 9 10 17 0 
0 0 7 21 0 3 5 11 0 0 10 14 23 2 12 19 0 22 13 0 0 18 25 24 20 
0 25 14 0 12 0 0 0 0 22 7 24 6 0 11 0 3 0 21 2 5 0 13 0 23 
5 0 0 0 0 6 0 2 0 9 19 0 0 3 0 7 24 10 18 16 21 0 1 0 12 
0 22 0 8 10 0 0 23 21 0 0 0 5 18 0 11 0 25 0 12 0 6 7 2 0 
0 16 0 20 24 19 10 7 0 0 0 0 1 12 6 5 8 3 23 18 9 25 14 4 0 
8 5 0 14 23 22 0 0 25 0 0 19 7 4 13 12 0 6 11 0 0 2 0 3 0 
6 7 0 0 0 13 0 21 0 0 2 20 0 5 8 9 10 0 0 0 23 22 0 19 0 
22 0 4 0 19 12 0 0 0 14 23 16 0 0 17 0 0 2 0 24 0 8 0 0 0 
10 13 0 0 0 0 1 0 23 15 14 0 0 25 18 4 0 20 7 22 0 21 5 11 0 
9 10 0 22 0 14 15 19 0 0 0 0 0 0 4 0 2 0 1 25 8 0 0 18 7 
7 0 0 24 0 17 2 0 18 16 0 0 25 19 0 10 20 12 0 0 0 0 21 0 5 
0 0 0 0 20 0 8 13 12 0 3 6 15 0 22 16 0 0 0 0 17 0 4 0 14 
13 0 12 0 21 10 0 4 0 3 0 0 0 0 0 15 23 0 0 19 11 0 16 25 0 
0 6 0 0 25 0 24 0 0 1 16 0 0 11 0 0 4 9 0 0 12 3 2 0 19 
