9 1 0 5 0 4 0 7 16 13 0 3 0 15 14 0 
0 0 0 0 16 14 5 12 1 0 4 9 7 0 0 0 
3 12 0 0 0 0 2 0 14 0 0 8 9 0 0 0 
11 0 16 14 0 1 13 0 0 0 6 15 0 0 10 0 
0 0 0 0 0 0 11 1 0 0 10 0 4 0 0 9 
5 0 0 0 0 6 0 0 0 0 0 14 16 0 11 7 
10 4 11 0 0 0 0 0 6 0 16 7 8 3 0 5 
0 9 2 0 4 0 0 0 0 11 0 0 10 13 15 14 
0 10 13 0 3 2 15 11 9 1 14 0 0 0 0 8 
14 6 4 2 7 10 1 0 11 0 0 0 15 0 16 0 
0 5 8 0 0 0 0 0 0 16 0 13 11 0 0 10 
1 11 0 0 13 0 0 0 0 0 15 5 14 0 3 2 
0 14 5 11 1 0 3 2 13 0 0 6 12 10 0 16 
0 13 0 0 10 0 0 0 0 0 0 16 0 0 5 0 
6 0 9 0 0 0 8 13 0 0 1 10 3 14 4 0 
12 0 0 10 6 5 16 0 0 0 8 0 13 7 0 0 
