10 0 15 24 0 4 14 17 0 0 6 0 23 0 0 22 21 19 12 0 0 1 0 0 2 
0 0 22 14 0 0 0 0 0 1 0 0 0 2 9 4 11 16 0 0 0 17 20 24 23 
0 0 6 1 7 0 0 19 0 0 14 0 0 17 12 0 18 0 0 0 0 0 13 3 0 
0 0 11 20 0 22 0 0 2 21 19 15 0 0 24 17 13 0 1 9 18 16 8 0 14 
5 0 2 0 0 13 23 11 15 9 0 21 25 22 1 24 20 0 0 0 10 0 6 19 0 
9 0 0 0 0 19 15 1 0 5 0 0 24 11 13 0 8 4 22 14 0 0 0 0 0 
6 11 0 0 0 0 22 0 0 2 21 14 15 0 0 12 10 17 0 0 0 0 1 0 9 
15 14 0 22 0 6 0 23 0 0 0 0 0 8 10 11 0 2 0 0 24 0 0 0 5 
0 8 13 0 21 10 24 0 7 3 12 0 0 23 17 0 6 0 0 0 22 25 11 14 0 
0 24 18 10 19 0 0 8 14 12 22 0 20 9 5 0 16 7 0 0 15 4 3 0 17 
0 0 0 25 0 23 20 16 19 22 0 0 0 15 0 0 0 11 0 10 0 5 2 0 0 
14 10 1 0 22 17 11 7 0 25 0 0 6 20 8 0 9 0 0 0 0 21 0 0 0 
0 0 24 0 6 0 0 10 5 13 0 0 0 12 19 25 22 0 8 18 0 0 0 17 11 
3 13 19 0 9 24 0 2 0 0 0 0 0 0 22 7 0 0 17 21 6 10 0 0 25 
7 5 16 0 0 0 0 0 0 0 0 10 17 3 0 0 12 0 13 19 20 0 15 1 22 
11 0 21 2 0 0 5 0 23 4 9 12 0 10 0 0 7 0 0 0 0 14 0 25 18 
22 0 14 19 25 0 0 20 0 0 8 17 0 1 0 10 0 0 0 0 2 6 0 0 0 
23 0 0 8 24 21 17 6 9 10 13 0 22 25 0 14 19 5 2 4 11 3 0 0 1 
16 0 5 9 12 0 13 0 22 0 0 2 0 24 3 1 17 25 18 0 7 23 0 0 10 
13 17 3 18 10 2 1 0 0 7 0 0 0 4 11 8 23 0 15 0 9 0 0 16 24 
17 0 10 13 5 0 4 21 18 11 0 0 8 6 0 0 1 0 9 24 16 0 0 0 3 
2 1 4 0 14 5 19 22 0 23 16 0 10 0 25 0 15 0 7 0 17 0 0 0 8 
0 0 0 0 0 12 0 9 0 0 1 0 11 0 15 23 2 0 10 0 14 18 0 0 21 
0 0 0 6 0 0 0 3 0 8 0 22 0 0 4 16 5 14 11 17 0 2 0 0 20 
19 0 20 12 0 1 2 15 10 16 17 24 9 0 18 21 3 8 4 0 13 0 0 7 6 
