0 0 0 0 16 11 12 0 0 0 0 3 0 8 5 0 
3 11 0 5 0 4 8 6 0 0 0 9 0 16 0 2 
0 0 0 13 1 0 0 10 0 0 0 7 3 0 4 11 
0 0 0 12 0 2 0 5 1 16 6 0 15 7 10 14 
7 0 0 6 0 0 0 0 16 0 0 0 0 1 0 0 
0 0 16 0 4 0 6 7 0 9 12 0 0 0 0 0 
15 13 14 4 0 0 0 12 8 11 0 10 0 0 0 3 
11 9 1 8 0 3 2 15 0 0 7 4 0 0 12 16 
0 7 5 9 0 6 0 0 2 3 0 13 0 0 0 10 
0 0 4 11 0 0 0 14 9 0 0 8 1 13 0 0 
0 0 0 0 11 8 5 0 7 0 0 0 0 0 0 9 
13 14 12 0 9 0 0 0 11 4 0 0 0 2 15 0 
1 4 8 14 10 0 0 0 12 0 0 0 0 15 0 0 
9 0 7 0 12 0 15 8 4 0 0 16 13 0 11 0 
5 0 13 16 0 7 11 3 0 8 9 0 0 0 2 0 
12 10 0 3 14 16 0 0 0 6 2 15 9 5 8 0 
