0 0 7 0 0 20 19 11 0 0 0 22 14 12 0 0 24 0 21 4 0 0 0 0 16 
0 2 0 0 12 0 0 0 16 13 0 21 0 18 17 0 0 0 6 0 11 0 0 25 22 
20 19 13 11 18 9 14 7 22 21 16 0 0 2 0 0 0 25 0 1 0 12 4 0 24 
0 0 0 6 23 12 25 0 18 0 19 3 20 0 24 11 0 15 7 0 14 10 0 9 0 
3 14 0 0 0 1 0 24 0 10 9 6 4 25 0 0 12 23 18 20 0 13 19 21 0 
0 0 0 5 25 0 4 22 15 0 0 0 0 0 0 12 0 21 3 24 19 0 13 0 0 
0 18 19 0 24 0 17 13 0 0 23 1 8 15 0 4 11 0 10 0 2 6 9 5 3 
0 20 8 10 0 0 2 9 14 3 0 25 0 7 5 13 22 17 19 0 15 0 0 1 0 
23 0 1 0 0 0 0 6 10 11 0 20 0 13 4 0 15 5 8 7 0 22 0 17 25 
0 15 6 7 0 0 16 0 0 0 18 9 22 17 0 0 23 1 20 2 21 14 0 24 11 
11 0 0 20 0 0 0 19 17 0 0 0 0 0 0 0 0 22 0 0 1 0 0 3 23 
0 0 12 0 22 0 9 16 5 0 20 2 17 0 0 1 0 0 0 13 0 18 0 0 15 
0 25 0 23 0 22 20 12 0 18 21 4 13 24 1 19 0 7 0 3 10 2 6 11 5 
0 24 0 2 7 13 1 3 4 23 0 12 0 11 0 8 0 0 0 0 0 20 21 0 0 
18 3 0 0 0 0 0 0 0 15 0 7 23 8 19 0 2 0 0 17 0 0 0 0 12 
0 9 0 19 0 15 0 14 20 12 17 18 0 0 0 22 0 13 25 0 0 0 0 0 0 
0 23 0 4 3 0 13 0 9 25 6 15 5 22 0 7 21 0 0 0 0 19 8 14 20 
0 7 0 13 6 0 0 0 0 0 0 14 0 9 0 0 20 4 2 15 0 11 25 16 0 
0 0 0 0 0 0 22 23 24 16 11 13 0 20 12 0 3 0 1 9 6 15 0 10 4 
0 0 0 0 21 0 18 17 3 0 0 0 25 19 7 0 0 0 0 0 9 24 1 2 0 
0 0 0 16 19 17 10 0 0 0 0 24 0 0 0 0 1 11 4 21 0 25 14 12 6 
6 0 17 24 0 5 3 0 0 22 1 0 0 0 25 0 0 8 13 19 4 0 0 18 0 
5 0 0 0 1 0 8 20 0 6 7 19 9 21 13 0 17 0 16 25 0 3 22 0 0 
0 0 21 25 0 4 7 0 19 2 0 16 18 0 0 20 10 6 0 5 24 0 11 0 1 
14 10 3 0 8 0 12 25 0 24 4 0 11 0 20 18 9 0 22 0 7 21 5 0 19 
