4 0 16 7 0 5 0 0 14 0 0 0 1 0 8 12 
13 1 11 0 0 7 0 8 0 9 0 0 0 4 3 0 
6 12 14 3 0 0 0 4 0 0 0 0 0 0 0 0 
8 15 0 0 11 16 0 10 0 0 0 4 0 0 0 5 
0 0 12 0 0 0 0 0 10 0 0 11 0 9 0 0 
0 0 0 9 12 0 0 0 0 13 4 5 6 0 0 0 
0 0 0 0 2 0 4 6 0 3 7 9 12 5 11 0 
2 0 5 0 9 0 0 1 15 8 6 0 14 7 13 0 
11 9 0 15 16 0 7 13 0 12 1 10 5 0 0 6 
0 0 13 0 1 0 0 3 0 0 0 14 0 15 10 0 
0 14 0 1 0 2 10 11 6 15 8 0 13 0 0 0 
0 7 2 10 0 0 8 0 0 16 9 0 11 1 12 14 
14 0 7 8 0 0 5 16 0 0 13 6 15 12 2 1 
9 0 6 12 0 0 0 0 0 0 0 0 4 0 7 0 
0 0 0 13 7 6 11 2 0 14 12 1 0 8 5 3 
16 0 1 0 0 0 0 12 0 0 15 0 10 0 0 9 
