25 0 0 0 7 0 0 0 0 12 6 0 0 23 0 0 0 10 22 0 0 0 1 11 17 
19 8 0 13 20 23 0 0 4 7 25 1 24 10 21 6 14 16 11 18 0 15 0 0 0 
15 0 0 0 0 25 6 8 0 1 0 0 18 0 0 20 5 19 9 0 13 0 0 10 21 
11 1 0 23 0 0 15 0 0 10 8 22 20 16 0 0 0 3 0 12 19 9 0 0 0 
0 16 21 6 9 20 0 19 2 13 4 0 3 15 0 0 7 24 17 0 8 0 0 0 0 
0 7 18 0 0 19 5 22 15 0 0 0 0 25 0 10 0 0 23 6 0 0 24 1 3 
20 0 4 1 0 0 25 0 21 0 3 0 0 18 22 7 0 0 19 0 0 11 0 0 10 
0 3 0 8 0 0 0 0 9 24 5 0 1 0 4 2 11 12 0 16 0 0 6 0 23 
24 0 6 5 0 8 13 23 0 20 0 0 10 2 0 0 15 9 1 0 21 4 22 18 25 
0 10 0 0 21 0 0 0 1 3 23 0 13 0 15 25 0 4 0 22 0 0 0 20 9 
23 22 7 18 0 0 0 4 0 0 0 2 0 13 11 1 0 5 0 0 3 0 0 0 24 
0 13 24 0 0 1 9 0 17 5 19 4 0 14 0 11 22 15 0 10 18 0 0 21 2 
0 0 0 20 25 0 0 21 0 18 0 10 5 0 0 4 17 2 24 13 0 14 0 16 19 
0 4 9 21 19 0 2 20 10 22 12 18 0 24 16 14 0 6 0 0 17 25 13 0 0 
14 5 10 0 2 0 0 0 0 8 17 0 22 6 0 9 0 18 0 21 4 7 11 15 0 
5 0 0 11 0 24 0 13 6 0 10 14 2 0 0 0 0 0 0 0 0 20 0 12 0 
0 0 0 9 0 0 19 15 3 23 0 0 4 20 0 21 6 0 0 24 0 8 16 13 0 
16 0 0 25 18 0 20 0 14 2 0 12 0 0 0 0 0 8 0 0 10 19 0 0 4 
21 0 20 0 0 22 0 16 0 17 13 0 23 0 18 12 0 25 0 14 6 0 0 0 0 
4 0 23 10 13 9 12 0 0 0 0 25 16 8 0 0 0 0 0 0 2 0 18 24 14 
12 25 0 24 4 0 23 6 22 0 16 3 7 17 0 18 0 14 5 0 11 0 0 0 20 
6 17 8 0 14 10 0 0 0 9 18 13 0 5 25 16 0 0 3 0 23 1 4 0 0 
18 21 13 0 5 3 0 25 0 0 0 9 0 0 8 0 0 0 0 0 24 12 0 2 16 
9 20 11 22 10 21 0 18 5 16 2 15 0 1 23 24 12 0 0 25 14 6 3 7 0 
0 0 16 0 0 0 1 14 0 0 20 21 6 0 0 0 0 11 15 8 9 0 5 25 18 
