0 0 6 0 0 0 12 20 10 0 0 1 3 21 22 25 19 11 0 0 0 0 0 8 17 
1 0 0 25 23 24 21 13 22 0 20 0 10 0 0 12 0 0 2 0 0 0 0 0 0 
3 0 0 0 22 0 7 0 0 19 8 0 0 6 23 13 10 20 14 0 1 0 0 0 25 
20 24 4 13 11 0 3 0 0 2 0 0 12 0 25 16 0 0 15 0 19 0 0 23 0 
10 8 12 0 15 25 1 0 4 0 14 0 0 2 0 0 0 0 22 3 0 0 9 6 0 
15 11 16 17 0 6 0 25 0 0 12 2 13 18 0 0 0 9 23 0 4 5 22 1 0 
0 10 23 0 8 0 13 0 0 22 11 0 0 1 0 0 6 0 5 0 0 3 15 7 0 
5 22 13 0 2 0 0 0 18 7 0 3 0 23 0 4 20 0 12 0 16 0 0 21 0 
12 6 0 0 0 23 0 0 21 1 0 0 0 4 5 19 0 0 17 0 0 0 14 20 0 
7 0 20 0 0 10 0 0 12 5 6 16 17 19 9 22 3 0 11 21 25 23 8 24 0 
4 12 0 0 9 0 0 0 23 10 17 0 0 8 0 0 25 0 21 0 22 24 18 0 0 
19 25 8 0 13 2 16 0 9 15 3 0 6 14 0 20 24 4 0 0 7 17 23 0 5 
24 15 3 16 21 0 4 0 0 0 10 0 0 0 13 0 22 0 0 0 2 0 0 9 12 
0 14 5 22 0 0 0 18 0 12 0 4 19 0 16 2 13 0 9 8 3 0 21 25 0 
2 0 18 23 17 1 0 0 24 0 21 0 5 9 12 0 0 0 10 0 0 0 13 14 8 
8 18 0 4 0 0 2 3 0 0 5 15 25 16 6 0 0 19 0 11 17 0 7 10 9 
0 0 0 24 16 22 0 0 0 4 1 0 20 0 7 14 0 0 3 0 23 8 0 18 15 
23 19 1 7 6 15 0 10 8 0 0 9 0 3 14 5 0 0 20 0 13 21 0 0 0 
0 0 14 15 0 19 23 0 7 25 0 12 21 24 0 8 16 18 0 10 5 2 20 22 1 
0 0 10 5 0 0 0 0 0 14 23 0 11 22 19 0 0 21 7 25 6 16 24 4 3 
0 23 0 12 0 0 0 0 0 17 0 0 22 25 8 21 0 0 13 20 0 6 0 5 0 
17 0 0 6 10 0 0 1 0 21 19 0 15 0 0 0 0 24 8 0 0 0 0 16 23 
22 20 15 0 0 12 25 0 0 9 0 0 18 5 17 10 0 6 0 4 21 7 3 13 0 
0 0 0 21 5 0 0 0 14 23 16 6 0 13 1 0 15 0 25 0 8 9 2 0 0 
25 1 0 8 0 3 19 0 13 24 7 0 9 11 0 0 0 22 16 0 0 0 0 0 14 
