25 0 2 20 14 18 0 8 7 0 0 3 0 4 0 19 15 1 0 12 5 0 0 13 16 
15 0 0 19 16 9 0 13 0 17 0 0 5 0 0 0 11 18 0 4 24 7 3 14 8 
0 0 17 5 4 10 2 0 12 0 0 20 13 0 0 0 3 6 0 0 0 1 18 0 0 
0 6 11 23 10 0 14 15 16 3 12 17 0 7 0 0 0 0 21 5 22 25 0 4 2 
13 3 7 1 18 6 22 0 0 0 0 0 0 8 0 9 0 0 20 17 10 15 0 11 12 
14 0 24 11 21 7 0 0 0 0 0 6 0 0 15 0 0 13 0 0 0 23 0 18 17 
0 15 18 0 0 17 24 20 6 19 0 16 8 0 4 7 12 0 25 1 21 13 14 2 10 
0 19 6 25 1 11 4 0 10 8 18 22 0 0 0 20 0 21 0 2 7 16 24 0 15 
0 12 20 0 7 13 23 16 0 21 0 24 19 3 10 0 0 22 17 0 0 9 0 5 1 
23 0 10 0 9 22 0 25 0 15 0 0 0 0 2 24 0 3 0 0 0 0 12 0 0 
0 0 16 0 13 12 0 10 0 0 0 0 1 0 0 17 0 25 2 19 14 0 0 6 0 
0 17 0 7 8 0 0 0 24 18 0 0 0 16 0 0 22 0 3 6 1 10 0 12 0 
18 14 0 6 11 21 13 0 0 0 19 0 0 0 0 12 0 16 24 0 0 0 0 7 0 
0 0 25 0 24 16 19 0 0 0 17 0 0 0 6 21 0 0 0 8 20 0 23 22 18 
10 1 4 21 2 15 0 0 22 0 3 0 9 11 12 0 13 20 18 23 17 19 0 24 5 
11 0 8 0 0 0 0 0 0 16 6 5 12 0 20 0 0 7 0 0 0 2 0 0 3 
0 20 3 0 0 24 6 0 0 0 8 9 10 0 18 0 0 19 1 0 0 0 0 0 0 
2 18 0 0 0 5 17 22 11 0 0 0 15 0 3 0 25 0 0 0 8 0 1 0 20 
0 0 23 0 0 25 0 18 0 0 0 4 22 2 11 3 0 0 12 21 0 0 0 15 19 
21 0 22 0 0 14 0 4 3 0 25 19 0 1 13 0 18 2 0 10 23 11 6 9 0 
3 2 0 18 20 4 12 0 0 24 9 0 6 19 7 0 16 0 13 0 11 17 8 1 14 
0 0 0 12 0 3 18 0 9 0 13 15 4 5 0 11 17 8 0 0 25 0 0 0 24 
6 11 1 24 17 0 7 0 0 13 22 12 0 0 14 0 0 9 15 0 0 18 10 0 4 
0 16 0 8 22 0 0 19 0 0 1 2 3 0 0 0 24 12 0 18 13 5 9 0 0 
19 5 13 0 0 0 0 6 0 22 0 0 0 18 0 0 21 0 4 3 15 12 7 0 23 
