0 7 0 8 0 1 0 16 0 3 15 0 6 11 0 0 
10 0 0 6 15 12 0 0 13 1 9 7 8 2 0 4 
0 0 9 1 11 0 0 0 5 0 0 0 13 12 0 0 
4 5 3 0 0 0 10 0 11 14 0 0 0 0 9 0 
0 0 7 0 0 15 0 10 0 11 1 0 4 14 2 5 
0 0 0 5 7 4 0 0 0 0 13 0 12 3 10 9 
0 2 14 10 0 8 11 0 9 0 0 4 16 0 6 0 
0 0 0 12 0 3 0 9 0 16 0 10 1 0 8 11 
0 0 0 16 1 5 15 13 0 10 0 9 3 4 0 8 
1 8 15 7 14 10 12 0 16 0 6 0 2 0 0 0 
12 10 0 0 0 0 0 2 1 0 0 0 7 5 0 0 
0 0 0 0 6 0 0 0 14 8 0 0 10 0 16 0 
6 16 10 0 0 0 0 0 0 0 7 0 0 0 4 2 
0 0 0 14 2 0 7 15 0 13 10 6 0 16 1 12 
0 0 0 15 9 0 0 0 2 12 16 0 0 10 0 0 
7 0 0 13 0 0 8 5 0 0 11 0 0 6 0 3 
