0 0 23 0 0 14 6 0 24 0 4 11 0 18 2 5 15 9 0 8 17 0 0 19 0 
0 15 24 16 6 13 0 0 0 2 19 9 0 1 14 18 23 11 17 0 10 0 8 7 12 
2 22 0 0 0 0 11 17 10 4 0 21 8 0 12 6 14 20 0 0 13 0 0 0 9 
17 3 8 9 0 0 19 16 25 7 0 0 23 15 20 12 1 0 13 21 0 0 2 14 4 
0 0 0 20 0 15 1 12 0 0 3 0 6 13 16 0 0 0 19 2 0 0 23 5 18 
14 0 0 6 21 9 0 24 0 1 0 20 0 0 0 22 0 0 3 12 18 0 15 0 0 
0 0 18 0 0 0 0 15 21 11 23 0 0 8 25 10 0 0 16 24 9 12 14 22 0 
0 2 0 22 0 0 4 0 23 12 1 0 18 14 3 7 6 0 15 25 0 0 21 0 0 
25 7 12 8 0 0 14 0 0 0 0 0 22 9 13 2 0 0 23 0 16 10 1 3 0 
0 0 0 24 20 22 8 0 3 25 12 19 10 0 21 0 13 0 14 9 0 6 0 0 5 
0 20 0 0 9 0 0 25 12 0 18 0 0 2 0 0 0 3 10 14 0 4 0 0 0 
13 0 1 0 8 0 2 0 0 14 0 12 3 0 0 0 0 0 0 5 21 0 17 0 0 
0 0 4 0 0 0 18 13 7 10 17 14 0 20 0 0 0 0 1 0 0 0 12 0 22 
0 12 2 15 0 0 16 0 0 23 0 0 13 22 0 0 0 17 24 11 1 14 0 0 19 
0 0 14 0 25 3 0 1 8 0 10 0 0 5 11 0 0 0 0 6 2 20 0 0 0 
0 0 0 0 0 0 0 14 0 6 0 22 0 0 18 20 0 0 21 19 0 0 0 0 2 
0 0 0 0 12 17 0 2 22 18 14 0 0 0 0 0 0 15 8 23 0 0 0 0 0 
10 0 22 7 0 0 21 0 19 0 11 0 0 23 0 14 0 6 5 0 0 18 24 12 0 
5 0 19 18 0 0 0 23 0 0 20 8 9 12 7 1 0 22 0 0 0 0 25 6 3 
0 11 6 2 14 1 0 4 5 0 16 0 21 3 0 17 18 0 25 0 19 13 22 20 23 
0 0 7 12 0 4 22 0 14 0 6 16 17 0 0 23 25 2 0 20 8 3 0 0 0 
9 5 0 0 22 12 23 7 0 21 2 0 0 19 24 0 8 13 11 17 25 1 6 0 20 
18 4 0 0 0 2 0 9 0 24 8 3 0 25 0 16 19 5 12 22 0 7 13 15 0 
16 6 13 25 2 8 20 3 0 19 0 23 14 7 22 0 21 0 18 0 12 5 11 0 17 
0 8 0 0 17 0 0 11 1 16 13 18 0 21 5 15 4 14 6 0 0 0 0 9 24 
