0 25 0 1 5 11 0 18 23 9 2 0 0 0 6 0 14 0 10 7 24 19 17 0 15 
18 0 14 0 6 1 0 4 0 3 0 0 13 10 15 24 12 9 0 0 0 0 0 25 0 
0 22 0 16 13 0 0 5 8 12 3 0 0 0 0 0 0 25 18 15 9 4 0 6 20 
0 0 0 15 23 0 10 0 0 6 12 0 0 0 0 0 0 16 0 0 0 0 5 0 0 
0 4 12 0 0 0 15 24 16 17 0 9 0 0 23 6 0 0 0 0 8 18 10 14 0 
0 0 0 0 11 12 14 0 4 0 19 0 7 24 0 0 22 13 9 0 5 0 0 3 2 
0 0 0 20 0 0 8 0 0 0 0 25 0 0 0 0 3 0 0 18 6 24 0 17 0 
0 0 0 0 17 6 16 19 11 1 4 21 0 0 12 0 15 5 7 0 0 0 20 22 25 
15 0 0 0 0 20 3 0 24 0 0 2 6 23 0 0 0 4 25 0 18 11 14 0 19 
12 1 0 25 4 17 18 22 2 21 13 3 20 5 0 23 0 6 0 11 0 0 0 16 10 
0 6 21 0 7 0 0 2 12 0 20 10 9 8 0 0 0 0 11 0 22 25 0 0 24 
25 0 5 18 0 0 9 10 22 19 0 24 0 2 4 7 20 3 0 0 0 12 21 11 0 
3 0 11 2 0 0 1 6 17 0 0 0 0 0 0 0 0 24 23 0 20 8 7 13 0 
19 9 15 0 0 0 0 8 0 0 0 13 18 11 0 0 0 10 0 21 3 16 1 0 0 
0 20 1 23 24 0 11 21 0 0 22 12 3 0 0 8 0 0 0 19 0 0 18 10 6 
0 0 0 0 25 0 0 14 21 0 0 11 0 0 0 15 0 7 22 9 12 10 0 0 1 
0 15 3 0 19 0 0 0 18 10 7 1 12 4 8 0 0 17 13 0 0 0 6 20 14 
0 0 20 6 0 0 12 1 0 7 10 16 0 0 0 25 0 14 3 23 0 0 0 0 8 
5 0 23 0 12 0 22 11 9 20 25 15 14 0 0 4 10 0 0 6 16 17 0 24 0 
11 0 0 0 1 5 0 16 0 4 0 0 2 13 0 0 0 8 20 24 0 7 0 0 23 
22 0 0 5 0 18 19 13 6 11 21 23 17 1 2 9 24 20 8 0 10 0 16 7 12 
0 11 13 10 9 0 0 20 1 16 18 0 0 12 0 0 0 19 14 2 0 15 24 0 0 
0 0 6 12 16 0 0 3 15 2 24 0 4 14 9 22 7 11 17 25 1 20 13 19 18 
0 19 4 0 0 9 0 17 5 22 0 0 10 6 13 0 1 0 0 0 0 2 23 0 0 
1 17 2 0 20 7 4 0 0 24 8 22 19 15 11 13 0 0 0 0 0 6 9 0 21 
