3 0 25 0 19 0 0 4 18 21 0 17 10 0 16 0 0 8 0 0 0 15 0 0 1 
17 10 0 15 4 16 0 0 0 0 0 0 1 12 0 2 0 25 9 19 22 18 0 0 0 
0 0 12 0 0 1 0 0 10 0 3 0 0 0 11 0 0 0 0 16 25 24 7 23 21 
0 0 0 11 24 19 23 12 25 20 0 15 22 0 0 18 0 10 0 14 16 4 3 0 0 
1 0 0 0 0 14 13 15 17 3 24 18 0 0 0 0 0 5 20 0 11 19 0 9 8 
13 0 0 0 12 9 20 0 7 0 4 0 25 0 0 0 2 0 0 11 0 0 23 0 24 
22 0 0 0 9 21 14 13 0 25 0 23 11 3 0 0 24 12 8 18 0 7 0 0 5 
0 21 18 0 5 2 0 23 6 0 0 0 0 8 0 1 16 0 13 22 4 9 0 0 15 
0 0 2 8 15 22 3 19 0 4 0 0 5 6 0 0 10 0 23 9 14 12 25 18 13 
7 24 14 23 0 0 0 8 5 0 0 0 0 0 0 0 25 20 3 17 21 11 22 0 16 
10 0 5 0 7 12 4 24 21 18 16 0 0 15 0 0 19 0 0 0 23 8 0 0 9 
0 25 0 9 0 23 6 7 20 13 0 1 0 11 19 22 15 18 0 8 0 0 0 0 12 
0 23 0 0 6 0 0 1 19 14 0 0 7 17 0 21 0 16 0 0 24 0 5 22 11 
0 0 0 0 0 0 25 11 22 0 10 20 23 0 0 9 0 3 12 24 0 21 0 15 0 
14 22 15 0 0 10 0 3 2 9 0 12 0 21 4 0 23 0 0 0 0 16 0 25 0 
0 15 17 22 0 0 21 0 0 0 19 11 16 7 0 8 18 0 14 0 0 0 12 0 0 
4 6 16 21 0 0 0 10 3 0 0 24 9 18 0 0 20 23 0 15 0 22 8 0 2 
24 12 19 1 0 0 16 0 14 0 0 0 8 0 15 0 0 0 0 0 0 17 11 0 0 
18 0 20 0 13 0 0 2 0 0 22 3 0 0 14 0 12 0 0 0 15 23 16 0 6 
0 14 0 10 3 24 19 0 15 17 0 0 6 4 0 16 1 2 11 0 18 5 9 7 0 
19 13 8 0 0 15 0 0 23 0 11 0 17 20 22 3 9 14 0 1 5 2 0 12 0 
0 0 0 0 0 11 18 25 12 22 0 0 0 16 0 20 0 0 6 10 17 1 0 0 23 
20 1 7 12 0 17 0 14 4 8 15 0 0 23 5 25 0 22 21 0 0 6 0 0 0 
16 4 10 0 0 3 0 21 9 0 14 0 2 0 0 0 17 0 18 12 0 13 15 11 25 
23 3 0 0 0 6 7 0 13 1 25 10 18 0 0 19 8 15 0 2 9 14 21 4 22 
