0 0 0 4 8 0 6 11 7 0 0 0 3 0 0 13 
3 10 1 0 5 13 14 2 0 0 0 0 7 0 15 0 
0 0 0 0 0 12 7 9 15 13 3 0 4 0 10 2 
13 0 0 0 0 1 0 4 0 11 5 9 0 8 14 0 
0 3 14 0 4 0 13 0 0 0 11 10 0 15 8 1 
0 0 0 7 14 11 0 5 0 12 15 1 9 13 3 0 
16 0 2 0 0 0 0 15 5 0 0 0 10 0 0 0 
1 0 0 9 0 0 0 10 13 0 0 3 0 6 0 0 
0 0 0 5 0 0 0 0 2 0 0 11 14 16 1 0 
0 0 12 11 9 5 1 13 4 15 0 0 0 7 2 3 
0 2 16 15 0 14 0 0 1 0 0 13 11 12 0 9 
0 4 0 1 0 2 3 16 0 0 12 0 0 0 13 0 
12 0 13 10 0 0 0 1 0 0 14 4 16 0 9 0 
2 16 6 0 13 4 0 0 0 0 0 12 15 0 0 14 
0 9 0 0 0 0 16 0 3 0 13 15 1 0 0 0 
15 1 0 0 0 9 11 14 8 0 16 0 0 0 0 10 
