5 13 6 0 10 0 0 0 2 0 8 0 3 0 0 0 
0 0 9 2 14 0 0 6 3 16 0 1 4 0 0 0 
0 14 1 0 0 2 3 13 15 5 9 0 0 10 6 0 
15 0 0 7 0 16 0 8 12 4 13 0 1 14 5 2 
7 10 0 0 0 13 8 5 11 6 3 0 0 4 9 14 
6 15 14 8 4 0 0 0 0 0 12 0 10 16 3 0 
0 0 0 13 0 14 0 2 0 0 0 0 0 0 0 7 
0 0 4 0 6 0 10 0 0 0 7 14 0 12 0 1 
14 0 0 0 0 0 0 11 13 9 0 12 0 0 0 0 
0 7 0 6 5 12 9 0 0 0 0 0 0 0 1 4 
0 0 0 9 2 4 0 0 14 8 1 5 12 0 0 0 
12 1 2 0 0 10 6 0 4 0 0 0 5 0 16 0 
0 0 5 10 3 0 0 12 0 13 15 0 0 6 0 16 
3 0 0 12 8 1 0 0 0 10 0 9 0 5 0 15 
0 0 7 15 11 5 0 10 0 0 14 0 8 1 0 13 
0 4 13 0 7 0 15 0 1 0 0 8 0 0 0 0 
