10 0 23 17 22 0 0 0 0 0 24 16 0 20 5 0 0 0 0 14 4 6 8 3 0 
0 7 8 0 1 9 10 6 0 0 0 12 2 13 0 21 0 20 0 15 19 23 25 0 0 
0 14 0 4 15 8 12 0 7 0 11 21 6 22 17 10 24 3 0 0 18 2 0 9 1 
3 0 0 9 21 14 0 0 0 0 0 19 4 15 0 7 0 0 6 8 17 0 0 0 0 
25 0 0 18 0 3 0 0 0 4 10 0 0 7 8 17 5 22 9 1 0 15 11 20 21 
17 8 6 0 16 0 0 0 25 0 19 11 10 23 13 20 0 24 2 21 0 3 0 1 14 
0 9 21 1 0 10 0 19 4 12 0 0 0 0 6 8 0 15 3 0 24 7 22 23 20 
5 0 4 0 24 11 0 1 0 6 0 25 0 9 0 0 0 14 10 7 0 0 0 0 17 
0 0 15 19 0 0 23 2 3 0 8 14 0 0 0 18 17 5 11 0 0 12 0 0 0 
7 0 0 0 23 17 5 21 0 0 16 4 0 0 0 0 12 19 0 9 8 11 2 18 25 
15 13 11 3 8 21 7 0 24 10 0 1 0 0 19 9 2 0 16 23 0 0 0 5 18 
0 1 10 14 20 19 0 0 6 11 0 0 0 0 15 12 0 25 24 18 9 22 23 8 0 
23 4 0 0 0 15 0 22 12 5 18 0 11 8 9 14 7 0 21 0 2 13 0 16 19 
16 0 7 5 0 2 0 0 0 14 0 0 0 6 10 22 0 0 13 0 11 4 21 15 24 
0 0 0 0 19 0 1 0 0 0 0 2 24 0 0 11 8 0 0 5 0 0 14 12 0 
0 0 20 24 0 0 0 0 0 0 0 0 0 3 16 0 0 0 0 17 0 0 0 0 13 
4 0 1 13 3 18 0 7 17 0 5 0 0 12 11 16 21 9 22 6 0 14 20 0 15 
0 0 22 0 0 0 0 0 0 19 0 18 0 2 24 0 20 0 0 12 0 5 0 0 23 
18 0 0 0 0 22 16 9 0 0 14 13 0 25 0 3 23 0 0 2 0 0 0 0 4 
14 23 0 8 0 0 6 5 21 0 4 7 20 10 1 13 15 0 0 0 22 0 0 11 0 
8 11 0 22 0 16 24 20 18 21 0 0 0 0 0 19 0 7 23 10 15 0 0 0 12 
9 0 0 0 0 0 0 17 19 7 0 15 1 0 4 5 0 0 0 13 23 24 0 22 0 
13 17 3 0 0 23 4 10 11 2 20 24 8 0 0 15 1 16 0 22 14 0 7 0 5 
12 16 19 15 0 1 0 0 9 25 23 10 0 0 0 24 3 0 17 11 0 20 0 0 8 
0 0 14 0 7 0 0 0 13 8 9 22 0 0 3 0 0 2 0 0 0 0 0 0 11 
