12 6 0 8 0 0 0 0 0 9 0 0 0 15 0 16 
0 0 0 0 11 0 10 9 0 14 6 12 1 0 3 4 
4 9 5 0 6 0 0 0 11 8 16 3 12 10 7 14 
0 10 0 14 0 0 0 0 4 13 0 0 0 9 0 0 
13 12 0 5 0 14 0 0 15 0 1 0 11 4 2 9 
0 0 14 9 12 11 0 16 0 0 0 0 10 6 1 7 
0 0 0 0 0 0 15 0 12 11 14 4 5 0 8 0 
7 0 0 0 0 6 0 0 0 10 0 9 14 0 12 0 
1 11 8 0 9 15 3 4 0 0 0 0 6 7 13 12 
15 0 0 16 0 0 6 14 0 1 0 0 3 0 0 0 
0 7 0 0 0 10 0 0 6 12 4 2 15 0 16 8 
0 0 0 0 2 16 0 0 8 0 0 13 0 1 4 0 
2 14 0 0 0 3 0 7 1 0 12 16 0 0 0 5 
0 8 0 11 0 0 0 0 0 4 0 0 0 0 6 0 
3 1 7 12 0 0 0 0 9 0 2 8 0 13 14 10 
0 0 10 13 0 0 9 5 0 3 11 7 4 0 0 0 
