0 0 11 5 2 14 1 0 20 0 7 4 21 25 6 0 0 13 8 0 0 0 0 17 24 
15 0 20 0 6 0 0 0 10 5 24 0 0 23 1 0 0 0 0 2 16 0 0 0 14 
0 0 0 24 14 6 15 0 25 4 0 19 9 0 16 0 3 0 0 1 0 2 11 12 21 
0 0 25 4 0 16 0 7 9 0 22 0 0 17 2 0 5 23 24 0 0 0 10 0 18 
19 0 22 0 0 0 23 0 8 24 11 5 20 12 0 0 0 0 17 0 0 0 0 0 25 
0 0 24 10 16 9 0 14 0 0 0 0 0 0 0 0 7 4 0 3 0 0 0 2 0 
5 0 13 0 18 1 22 19 3 0 0 7 10 24 9 0 0 2 0 0 20 21 16 15 12 
0 19 0 3 0 5 17 0 6 2 14 1 0 22 11 18 16 15 0 23 25 0 7 0 0 
0 1 0 11 0 0 8 0 0 0 19 20 23 0 0 0 0 24 0 0 22 6 4 0 10 
0 0 7 23 0 0 4 24 15 0 0 6 16 2 5 0 0 0 19 0 11 17 0 18 8 
0 0 9 0 1 0 0 0 18 12 2 0 0 4 10 0 0 0 0 0 3 0 0 0 7 
0 15 0 0 17 4 25 13 0 0 18 8 5 21 3 0 0 0 7 24 0 0 0 14 11 
23 2 0 12 7 10 14 9 0 3 15 11 0 20 0 0 8 0 16 18 0 13 24 0 19 
0 0 18 21 11 0 0 6 0 0 12 16 25 0 0 19 2 0 0 15 0 0 0 0 9 
16 0 10 6 13 0 0 0 17 8 1 0 24 0 0 0 0 20 12 5 2 18 15 25 0 
7 0 0 14 10 15 0 0 21 0 0 25 18 5 0 2 20 12 11 8 4 19 13 9 0 
0 11 6 15 20 12 0 0 7 0 23 13 0 0 4 0 24 0 0 0 17 16 0 21 3 
0 5 1 13 0 0 24 8 4 14 0 15 11 7 20 21 23 16 9 0 18 0 12 0 0 
8 24 12 0 4 0 2 0 22 13 9 0 3 16 21 0 0 18 14 0 1 11 0 23 20 
25 23 2 0 0 20 0 16 0 18 8 12 0 1 0 17 0 3 0 6 0 0 0 7 0 
11 13 0 0 0 0 3 0 19 17 21 22 0 9 0 0 6 0 2 20 0 0 0 0 1 
12 0 0 22 25 21 16 1 14 6 0 0 4 3 8 10 18 0 23 17 7 0 19 13 0 
3 0 21 0 0 0 7 2 23 20 0 24 0 0 0 0 0 0 0 16 0 10 0 0 17 
0 20 0 18 19 0 0 0 5 25 16 23 7 10 13 12 1 0 0 0 9 3 0 22 6 
10 0 8 2 0 22 0 0 13 15 0 0 0 11 18 3 0 7 0 4 0 0 21 20 0 
