2 0 0 0 24 11 7 0 0 0 0 0 0 0 22 0 25 10 20 3 19 0 0 4 5 
25 0 0 0 0 3 0 0 5 0 0 0 0 4 14 18 0 7 17 11 20 0 0 15 9 
13 0 0 8 0 0 0 0 0 0 5 10 21 2 9 0 1 16 14 4 0 0 0 7 0 
15 5 23 0 0 0 0 0 19 10 0 16 11 0 0 24 0 0 22 0 0 0 14 0 0 
9 7 3 0 17 0 0 0 4 13 15 12 8 25 20 5 0 2 0 0 0 22 0 0 1 
6 0 4 7 11 8 3 0 25 5 22 9 0 0 13 0 18 1 23 15 0 0 0 24 19 
12 0 15 25 0 0 21 0 11 14 2 5 1 24 23 6 0 0 19 0 0 0 13 18 0 
18 19 0 9 0 20 0 24 0 0 0 15 14 17 0 0 21 0 16 13 23 12 7 0 6 
0 24 13 5 16 0 19 0 23 0 0 0 0 0 8 17 12 0 25 14 0 10 0 0 0 
17 0 1 23 2 18 13 0 0 0 4 21 7 16 19 0 24 0 10 5 15 0 0 0 0 
3 6 0 0 15 17 23 0 0 1 0 0 0 22 0 0 0 0 5 16 21 0 0 12 11 
0 2 0 0 0 25 8 0 3 6 0 7 0 9 5 0 0 0 15 20 0 17 24 16 23 
16 0 0 11 12 24 20 0 18 0 19 0 0 0 17 21 10 0 7 9 8 1 0 0 14 
0 0 0 0 0 21 10 11 7 0 0 1 12 0 0 4 3 14 2 24 25 0 19 13 0 
20 0 7 24 0 0 14 0 0 0 21 0 25 0 0 1 17 6 0 0 4 0 0 2 0 
24 12 19 0 3 0 0 5 0 11 8 0 6 23 0 10 0 21 0 2 0 25 0 0 16 
23 11 6 0 0 0 0 0 17 0 12 24 0 0 10 0 9 20 0 25 14 5 1 0 0 
14 15 2 0 0 0 0 0 0 18 9 20 0 0 1 3 0 0 0 22 12 0 0 0 0 
7 0 0 18 0 0 22 0 0 0 25 0 0 11 0 16 0 5 4 0 13 0 0 23 0 
5 13 20 1 0 15 16 25 8 0 17 4 22 7 2 12 14 0 6 23 0 0 18 0 24 
8 0 24 12 14 13 0 3 1 19 6 0 9 21 18 0 0 0 0 0 7 16 0 17 22 
11 0 0 3 5 7 12 0 21 23 0 0 24 0 4 19 0 0 0 0 1 0 15 0 18 
0 22 21 0 0 6 0 18 0 25 13 8 0 14 0 23 16 24 0 17 10 0 0 0 12 
10 16 17 15 6 4 24 0 22 9 1 25 23 19 11 0 20 18 0 12 5 2 0 0 0 
1 23 0 19 13 2 11 10 16 17 0 0 0 20 0 14 5 8 0 21 0 24 4 0 0 
