4 18 0 17 0 15 24 25 19 0 0 0 0 10 14 9 21 0 5 23 0 6 0 0 0 
0 24 0 0 0 0 17 23 11 0 5 12 0 3 0 20 15 0 0 7 0 16 0 10 0 
14 0 16 0 10 0 12 20 2 0 0 0 0 24 18 0 1 0 17 4 23 8 5 0 25 
5 12 15 6 0 0 0 16 14 1 0 0 0 0 0 0 3 10 8 0 20 0 21 22 0 
23 0 9 20 0 18 10 0 0 21 22 13 0 0 8 0 0 11 16 0 0 0 0 14 19 
0 0 0 0 0 25 2 0 8 18 0 1 15 19 21 3 7 0 0 6 22 0 0 24 0 
2 0 8 0 1 3 0 0 0 12 10 16 0 11 0 18 0 24 20 19 25 0 0 0 14 
0 20 3 11 18 0 19 0 10 16 0 0 0 23 22 14 0 12 15 13 0 7 0 8 0 
10 5 0 0 15 0 0 14 6 24 3 17 0 0 20 16 0 2 0 0 0 12 0 21 9 
0 14 19 0 0 4 23 1 7 0 13 18 0 0 2 8 5 21 11 0 0 0 0 15 10 
0 8 18 10 2 17 0 0 0 13 0 23 11 0 24 7 6 3 25 0 0 22 0 16 12 
25 0 0 24 9 0 11 7 0 0 16 8 0 22 3 0 0 0 21 0 0 0 2 0 15 
0 22 0 0 5 0 6 0 0 0 25 21 9 12 7 4 23 0 13 11 24 19 10 0 0 
0 4 11 0 0 1 0 0 16 0 18 0 2 15 0 0 9 0 0 5 0 0 20 0 6 
16 23 0 0 20 21 15 9 0 0 0 10 0 6 5 0 8 0 0 24 3 0 7 0 11 
0 11 20 16 17 6 0 8 25 19 0 0 0 18 10 23 0 0 0 14 5 1 0 3 7 
6 0 0 0 0 0 1 2 13 4 0 3 0 0 0 0 0 20 0 8 0 24 0 19 0 
0 21 12 0 0 7 18 0 0 5 17 19 4 2 0 0 10 0 0 0 15 0 0 20 16 
0 0 2 13 0 12 14 3 0 15 8 0 0 9 16 5 11 0 7 17 0 10 6 18 0 
0 0 5 25 0 0 16 10 24 17 21 11 0 14 6 12 0 15 18 3 0 23 8 0 13 
0 17 0 0 16 19 0 0 0 0 2 0 0 20 25 13 0 9 6 0 0 11 24 0 22 
11 2 0 14 0 23 8 13 21 9 6 22 18 17 1 15 0 25 3 0 16 0 19 0 0 
0 9 21 0 19 24 0 15 1 7 0 0 0 0 0 17 14 0 0 0 6 18 13 0 3 
18 10 6 0 22 2 0 12 17 0 24 5 0 0 0 0 20 7 0 16 8 0 14 0 0 
20 0 13 0 0 0 0 6 18 10 0 0 14 0 0 11 0 5 0 0 0 0 0 17 23 
