0 0 16 0 3 0 15 9 0 0 13 0 8 6 0 2 
0 0 0 12 8 0 13 0 0 0 7 0 9 5 0 0 
6 5 11 0 0 4 12 10 0 0 0 0 0 0 13 15 
8 13 15 0 1 0 0 2 16 0 6 0 0 4 0 0 
11 16 0 0 4 0 0 0 13 12 8 6 0 0 3 0 
3 0 6 7 0 0 0 0 11 0 0 1 0 0 0 12 
12 0 8 1 2 0 9 0 0 15 5 7 11 0 16 6 
13 0 0 5 0 0 11 12 0 16 3 2 0 0 8 0 
0 0 13 0 7 12 6 0 9 0 0 3 2 1 5 0 
15 11 0 0 0 2 0 0 0 8 1 14 12 0 0 0 
1 0 0 8 0 14 3 0 0 0 0 10 0 0 0 0 
0 0 0 0 0 16 0 1 6 5 15 12 14 10 7 13 
0 0 4 0 0 0 2 0 1 7 11 16 5 12 0 0 
0 0 14 0 0 9 4 0 0 3 12 8 13 0 0 1 
0 0 0 11 0 8 0 0 15 2 0 13 16 0 0 4 
0 1 0 0 0 3 7 5 14 6 0 4 0 8 0 11 
