0 0 1 10 0 0 0 6 0 0 0 0 0 0 15 0 
0 2 8 0 0 0 0 13 0 3 0 14 0 0 12 0 
0 0 13 0 0 8 0 0 0 9 0 0 0 6 16 0 
0 0 15 11 3 14 12 0 0 0 0 1 9 0 0 0 
8 0 10 0 0 13 7 0 0 0 1 12 2 5 0 14 
0 0 4 14 0 5 0 10 13 0 16 2 1 8 11 0 
0 0 5 13 6 2 0 1 0 11 0 0 10 0 4 0 
0 16 0 1 0 11 9 14 0 0 5 10 6 0 0 12 
5 1 9 0 0 0 0 0 0 13 0 8 15 7 10 0 
10 4 16 0 15 1 3 2 9 7 6 0 0 0 14 0 
0 13 6 2 5 0 0 11 0 1 10 15 0 0 0 0 
0 0 0 0 0 0 0 0 0 12 3 0 5 1 0 2 
6 8 0 7 0 3 2 5 0 0 11 4 0 0 1 0 
13 5 3 16 0 10 11 9 1 15 12 6 0 0 0 4 
14 10 2 0 1 0 6 15 0 0 0 0 11 13 0 5 
0 15 0 0 8 0 14 0 0 0 0 13 12 0 0 6 
