15 4 13 10 0 22 16 0 6 9 0 19 0 0 0 20 0 0 21 23 0 0 0 0 0 
16 6 2 18 0 0 0 14 0 0 0 7 8 0 0 10 25 0 0 5 19 0 0 12 20 
0 0 0 0 0 23 2 10 12 21 0 14 0 5 0 0 0 17 19 0 18 0 6 0 7 
7 8 0 0 23 0 0 0 25 5 9 4 10 11 6 24 0 0 13 18 17 0 21 15 16 
25 0 0 0 0 13 0 0 18 24 15 0 0 0 23 11 3 0 8 6 4 10 0 2 5 
23 0 0 0 11 14 0 13 4 0 22 0 1 16 0 19 20 24 0 21 0 0 7 10 0 
0 0 0 0 14 0 0 20 16 10 8 0 15 0 0 4 23 0 0 12 21 0 0 5 0 
6 15 0 21 0 7 0 9 0 1 0 0 0 0 12 5 17 0 18 0 0 25 16 0 0 
0 25 1 0 0 0 5 2 0 22 6 0 0 0 10 14 7 9 3 15 0 18 0 0 0 
0 0 9 20 7 0 0 12 21 0 4 24 0 14 25 0 11 0 0 0 23 2 15 19 1 
19 0 5 0 6 15 0 0 0 0 0 0 0 2 24 16 0 18 0 0 0 0 8 0 0 
17 7 0 0 18 2 0 11 5 19 12 0 22 1 0 23 0 0 4 0 0 15 24 0 14 
0 1 0 0 15 25 8 0 0 0 0 0 0 0 0 7 19 0 2 0 0 20 13 0 23 
2 14 8 0 0 0 22 0 0 0 23 25 0 15 0 6 0 5 11 1 0 19 10 4 21 
24 16 11 0 22 12 9 0 20 7 10 0 0 3 0 17 0 0 0 0 1 5 18 6 0 
0 0 3 0 0 0 0 0 0 15 11 22 17 18 4 9 14 8 1 19 5 16 25 0 13 
0 18 15 0 25 0 14 16 24 8 19 3 0 0 20 2 0 0 5 17 6 0 22 0 0 
0 21 16 17 0 20 25 0 19 11 0 0 24 0 0 22 6 10 7 0 2 3 0 23 0 
4 2 0 14 1 0 0 17 0 13 0 10 5 6 0 25 15 20 0 0 0 0 19 0 24 
13 0 22 7 19 4 6 0 3 12 14 9 0 8 2 0 18 23 0 0 15 17 0 1 10 
1 22 0 0 16 8 24 0 0 14 2 20 12 0 0 3 10 0 0 0 0 0 5 0 18 
21 19 0 5 17 0 12 23 10 18 24 0 11 4 0 0 9 15 20 8 7 6 2 0 22 
0 3 0 24 0 19 0 22 11 20 5 23 0 10 8 18 2 0 0 25 0 12 1 0 0 
11 23 18 15 0 0 0 0 0 0 21 13 0 0 0 12 16 4 24 14 10 0 3 0 0 
0 0 0 8 0 21 0 0 0 0 18 0 0 0 14 1 0 19 22 0 0 0 4 11 17 
