16 10 13 9 11 0 12 0 0 0 0 1 0 3 6 5 
15 3 0 7 0 8 0 0 0 14 0 2 13 4 1 0 
2 11 14 1 0 0 15 0 0 6 12 5 7 0 0 0 
0 12 4 8 0 1 0 2 0 3 0 7 0 11 0 0 
0 0 0 0 0 13 0 0 5 0 0 0 10 15 14 7 
1 14 0 10 0 0 7 0 2 16 0 3 0 0 0 0 
13 5 0 12 0 0 0 0 10 8 15 0 0 16 9 3 
0 15 0 0 1 0 0 0 0 13 0 0 0 2 0 4 
10 0 2 0 0 9 0 0 14 0 0 0 0 8 0 0 
3 8 11 4 14 15 1 0 6 0 0 10 16 13 12 0 
12 0 0 14 8 6 13 0 0 2 5 16 3 10 0 0 
9 13 0 5 16 4 0 10 1 12 3 8 0 6 0 14 
0 0 3 0 0 0 0 0 16 10 0 0 9 0 0 6 
0 0 8 0 9 0 0 0 0 5 14 0 0 1 2 11 
0 0 0 15 0 11 0 16 3 0 0 0 0 0 0 0 
0 9 10 0 2 0 0 0 0 15 0 13 12 0 3 16 
