8 10 7 0 11 0 0 14 12 6 0 0 15 5 3 0 
5 0 0 13 0 0 0 16 0 1 15 10 2 0 4 0 
0 14 0 2 13 10 0 5 9 4 11 0 6 7 0 8 
0 0 0 3 12 0 0 1 16 0 14 5 10 0 11 9 
0 0 2 14 0 5 16 0 0 10 12 6 0 9 8 0 
9 0 10 6 0 0 1 12 14 8 0 7 3 0 0 5 
0 1 0 4 0 14 0 0 0 0 0 0 13 12 2 10 
0 0 0 0 9 0 11 0 0 0 0 4 14 0 0 16 
10 0 15 0 14 0 0 0 7 0 0 11 4 0 0 2 
4 0 0 0 0 15 5 0 0 0 0 0 7 3 14 0 
11 2 16 7 0 0 13 0 0 0 3 0 9 10 0 0 
12 0 14 0 10 11 7 2 0 9 0 16 0 0 1 0 
0 0 0 0 7 0 10 8 5 3 0 0 11 4 0 0 
14 0 0 0 2 4 0 0 0 11 7 1 0 8 0 3 
0 7 13 8 3 0 0 0 0 0 4 2 0 1 0 0 
0 4 0 0 0 0 0 6 10 0 0 0 12 0 0 7 
