0 22 18 0 0 10 21 0 0 0 0 0 0 16 0 0 0 7 0 20 8 0 14 0 0 
4 12 2 24 20 7 19 15 0 11 21 1 8 13 23 0 0 5 14 9 16 22 0 25 0 
25 0 0 0 16 0 24 4 17 14 0 0 20 0 11 1 0 0 15 21 0 0 2 0 12 
0 0 0 0 0 0 16 9 23 0 18 0 12 0 17 0 0 24 0 25 21 3 4 0 0 
21 1 0 0 7 22 0 0 0 25 0 15 9 0 0 0 8 12 16 11 0 19 18 0 24 
24 0 0 0 23 0 0 5 22 16 1 0 7 14 19 0 0 0 8 4 3 9 11 0 13 
0 13 12 0 0 4 0 0 8 9 0 0 5 0 0 6 7 1 21 18 0 0 0 0 19 
22 0 14 17 0 0 1 0 20 15 13 0 4 18 0 0 0 9 11 12 0 5 10 7 6 
8 5 7 0 0 13 14 6 25 0 0 0 16 11 12 0 20 0 0 19 0 0 0 0 22 
0 0 0 9 15 0 11 0 7 0 23 21 0 0 0 14 13 22 0 24 0 16 0 0 0 
0 0 0 20 0 23 0 10 12 0 0 0 6 0 5 18 11 16 4 7 0 17 8 0 0 
0 0 0 8 0 20 0 0 0 0 25 0 2 0 0 12 0 0 9 17 5 0 7 0 3 
0 7 15 3 0 17 25 0 11 4 20 0 13 0 9 0 24 0 10 5 23 1 12 0 0 
2 0 5 11 22 0 0 7 0 0 0 12 10 0 21 0 14 8 0 13 0 18 24 0 15 
17 24 23 0 12 19 5 0 0 0 0 22 18 0 1 20 0 2 0 6 0 0 0 0 16 
16 10 0 2 5 0 0 11 0 23 0 0 22 0 0 0 21 13 0 15 24 0 0 18 0 
0 18 21 0 0 0 22 13 24 7 9 5 15 19 20 11 0 0 0 0 0 8 0 16 25 
15 17 0 12 24 6 0 21 0 1 0 13 0 25 16 8 0 18 0 0 9 4 5 0 0 
6 20 0 0 8 0 15 18 5 19 12 23 0 21 0 24 3 0 25 16 22 13 1 14 17 
13 19 22 1 0 25 12 0 16 0 10 0 3 4 0 2 0 0 0 14 0 0 15 0 23 
12 23 24 0 0 14 0 0 4 0 0 3 0 9 7 0 16 11 1 2 0 0 22 19 18 
5 0 16 18 0 24 0 12 19 0 0 11 1 0 0 0 25 15 20 8 0 0 13 0 7 
7 0 0 0 3 0 6 0 2 13 5 16 19 0 0 0 12 0 18 10 0 21 23 0 0 
0 14 0 0 2 15 7 0 1 18 0 17 23 0 13 0 9 0 24 3 11 0 16 0 0 
0 11 0 6 1 16 10 23 0 0 8 18 25 20 0 7 0 14 13 0 0 0 0 24 0 
