9 6 12 13 0 0 0 0 11 16 15 3 0 10 0 1 
16 0 0 4 0 9 11 10 13 0 1 0 8 3 6 14 
15 14 3 0 1 6 0 0 0 8 0 7 0 0 0 0 
0 10 0 8 0 0 0 0 0 0 0 0 15 0 7 16 
5 0 0 10 0 14 15 6 0 1 0 0 0 2 0 4 
0 15 2 16 7 13 0 11 0 0 0 9 6 0 8 0 
13 4 0 11 0 10 1 5 0 0 16 0 14 7 0 12 
1 0 0 12 0 0 0 0 0 0 0 14 13 15 10 9 
3 0 0 6 13 11 0 0 14 0 7 0 16 9 15 0 
0 9 0 0 3 16 8 14 0 13 4 1 7 0 0 0 
7 13 8 0 10 0 4 12 0 0 0 0 0 0 0 0 
0 0 0 1 6 0 0 15 8 0 0 11 0 4 13 0 
2 0 0 7 0 0 6 0 3 0 0 0 5 0 0 0 
4 0 0 3 0 0 0 0 16 10 9 0 0 0 1 0 
8 1 0 0 5 0 0 2 0 0 0 0 3 11 0 10 
6 12 13 9 0 4 0 3 1 0 0 5 2 0 14 0 
