8 0 0 0 0 0 0 10 6 0 0 0 0 0 0 11 
7 0 16 13 0 15 14 0 0 3 0 0 12 0 0 0 
0 6 0 0 0 1 0 9 0 0 0 10 16 15 0 0 
0 0 0 0 3 12 4 0 15 11 13 0 9 0 0 0 
0 0 0 0 0 0 0 0 0 6 0 0 0 9 0 16 
14 0 12 0 7 4 0 0 10 16 0 0 1 11 15 0 
6 0 4 9 0 16 0 0 12 0 0 15 3 13 0 0 
1 0 11 16 0 9 0 0 13 5 3 0 2 0 0 0 
0 9 0 12 5 10 0 13 0 2 0 14 15 16 4 0 
13 0 15 0 4 0 16 7 3 0 0 1 11 12 0 2 
4 2 5 8 0 0 0 15 0 12 0 7 13 14 3 1 
0 0 7 0 0 2 12 14 0 0 0 0 8 0 10 9 
0 3 13 0 12 7 0 0 0 0 0 2 6 0 0 0 
12 0 6 10 8 0 9 0 14 7 16 3 0 4 0 15 
9 5 0 7 16 11 15 0 0 4 8 0 10 2 13 3 
16 4 0 0 10 0 5 3 0 13 0 0 0 0 9 0 
