5 13 11 6 0 7 2 4 10 1 12 0 0 9 0 3 
0 14 0 0 12 13 0 8 9 0 15 5 0 0 0 6 
10 0 0 12 0 1 0 0 6 0 0 0 0 5 0 15 
0 7 16 0 0 14 0 10 0 3 0 0 1 8 12 2 
13 0 9 7 0 8 0 0 12 0 0 0 5 0 3 1 
0 0 14 2 0 3 0 0 0 0 8 0 7 0 0 11 
12 0 0 10 0 0 0 5 0 7 3 0 2 0 0 0 
0 0 0 0 0 0 0 2 14 0 11 0 0 0 9 10 
7 0 0 0 16 2 0 11 0 0 0 12 0 0 1 5 
0 0 13 0 1 15 14 6 0 9 5 0 3 12 2 0 
14 0 0 0 9 5 4 7 0 10 0 0 8 0 0 16 
2 9 0 15 0 0 13 3 0 4 0 6 11 7 0 0 
9 2 0 0 0 0 0 15 0 0 0 0 13 3 14 12 
0 0 0 16 6 9 3 0 2 0 7 0 0 1 5 0 
0 0 15 14 0 0 12 1 5 13 0 3 0 0 0 9 
3 0 12 0 2 0 0 14 0 8 9 15 0 10 0 7 
