0 0 16 17 12 20 19 18 2 10 0 21 3 13 0 23 0 4 0 1 9 0 5 8 0 
0 0 0 25 10 0 1 0 15 22 9 0 4 18 16 8 0 2 0 19 0 12 23 24 3 
0 0 19 0 2 0 16 0 3 0 5 23 12 25 14 15 17 20 0 18 0 4 0 1 21 
0 0 5 0 0 21 0 0 6 12 8 7 19 0 0 0 13 14 0 0 0 0 0 11 2 
0 23 0 0 0 5 0 8 0 0 6 0 0 2 10 0 0 0 11 24 20 18 19 15 13 
20 24 18 13 8 1 0 25 0 7 16 22 0 0 0 6 14 19 2 12 4 10 0 23 15 
21 0 7 15 0 16 2 6 20 24 10 0 0 1 0 22 0 0 0 25 0 0 14 19 0 
0 2 4 0 25 12 9 0 14 17 7 24 0 20 0 1 0 0 15 0 0 11 0 0 0 
1 9 0 6 0 10 15 23 0 0 12 0 14 0 19 0 0 0 4 13 3 5 0 7 20 
0 0 0 0 0 4 8 5 19 18 0 0 0 0 2 0 21 0 7 16 1 6 0 9 25 
0 0 0 10 0 0 4 0 0 0 23 0 11 0 3 17 20 15 0 21 0 0 25 5 22 
0 0 0 2 4 24 10 20 0 14 0 0 21 0 9 18 0 25 0 0 11 15 0 0 17 
0 25 9 5 15 0 0 0 0 0 20 0 2 0 12 4 24 0 0 0 0 21 10 3 0 
0 0 1 21 11 0 0 0 8 3 0 0 0 5 17 0 0 7 0 6 0 0 4 20 0 
0 17 20 16 0 22 0 19 0 15 0 0 24 0 25 11 0 10 3 5 6 0 1 2 9 
0 14 0 7 0 6 0 0 0 0 3 11 0 17 13 5 0 22 18 10 0 0 0 25 0 
10 4 8 1 20 3 0 0 0 2 18 12 5 0 0 25 6 0 17 0 15 0 0 0 24 
0 21 15 0 17 7 0 22 25 19 0 2 0 9 0 0 0 11 12 14 0 0 3 10 0 
0 0 11 24 0 0 0 15 0 8 0 14 0 0 0 0 0 0 0 0 0 22 18 6 5 
13 0 23 0 19 18 0 21 9 20 25 10 0 0 4 2 3 0 8 0 16 0 11 14 1 
17 0 0 8 0 19 14 2 23 9 4 6 13 16 21 7 1 0 0 0 0 0 0 18 0 
0 11 12 0 0 0 22 0 17 4 19 0 0 14 0 0 0 0 24 20 0 0 0 0 0 
19 0 0 0 0 11 0 0 0 21 2 5 7 8 24 0 0 3 0 0 12 0 0 0 0 
0 16 21 0 0 0 0 7 0 0 11 0 0 10 20 9 4 0 0 0 19 2 8 22 14 
15 0 10 9 14 8 6 0 24 16 17 3 22 12 23 21 0 18 13 2 5 0 0 4 11 
