0 0 5 0 0 7 0 0 11 9 14 0 1 8 3 0 
12 13 0 0 0 0 0 14 8 0 3 0 0 0 0 0 
2 0 0 0 5 11 3 0 4 16 0 0 7 0 0 0 
0 0 3 9 0 10 0 0 5 0 13 12 14 0 16 0 
7 16 10 0 8 9 0 0 0 6 0 0 2 3 15 0 
0 6 0 0 0 0 15 0 3 2 0 16 0 11 12 13 
15 3 2 0 10 12 0 0 9 8 4 0 0 0 7 0 
0 12 0 0 0 2 6 0 15 0 0 5 0 14 0 0 
0 7 0 15 0 0 0 8 0 3 0 10 11 0 1 14 
0 0 4 0 0 0 2 0 14 0 0 13 6 0 0 0 
5 0 0 1 11 16 10 6 0 15 9 0 0 0 4 3 
13 11 6 8 14 3 5 7 0 0 16 1 0 9 0 0 
0 8 1 0 0 0 16 0 0 5 15 9 12 0 14 6 
0 0 15 6 0 0 0 0 0 0 0 7 3 2 9 16 
14 0 0 3 2 8 7 0 16 0 6 0 15 0 0 0 
16 0 12 7 15 0 9 0 0 0 11 3 4 0 0 0 
