0 13 0 0 24 0 22 2 23 15 1 0 18 0 0 6 0 4 0 16 14 0 0 5 12 
0 0 14 0 0 0 7 20 16 11 0 0 0 0 0 0 23 0 0 22 25 0 0 18 24 
0 2 0 11 15 21 0 13 9 12 0 24 16 0 0 0 1 0 19 18 0 23 17 0 6 
0 0 17 0 0 0 24 8 0 4 6 7 10 0 22 0 13 9 15 0 0 16 2 1 0 
0 0 12 20 22 0 10 18 0 0 13 0 0 0 11 0 0 0 5 24 7 15 0 21 8 
0 0 0 0 7 0 13 0 3 0 17 6 0 8 12 20 24 10 11 0 2 4 0 14 5 
0 14 0 0 3 0 19 0 0 18 0 9 20 0 0 0 0 12 0 2 0 0 1 8 13 
24 0 13 21 19 5 20 0 0 14 10 0 15 4 3 0 17 22 0 1 0 12 0 16 9 
11 0 0 0 18 0 0 0 10 0 7 0 0 0 19 0 5 13 16 3 23 0 22 0 25 
0 0 0 22 16 12 0 24 11 0 0 23 21 18 13 0 0 0 25 0 17 3 19 0 0 
14 24 0 0 0 0 8 9 25 0 5 0 13 20 10 1 22 6 0 12 0 7 21 0 0 
22 21 0 0 13 7 15 6 0 0 0 18 1 14 23 2 0 17 9 25 0 20 5 0 0 
0 0 0 10 0 11 21 0 0 13 24 0 0 0 0 0 0 8 7 0 15 0 25 3 18 
0 19 16 4 9 0 0 0 20 10 11 0 0 0 15 13 18 0 0 0 8 1 6 0 2 
0 0 0 1 12 0 18 3 17 0 19 8 25 0 16 0 0 0 20 15 0 10 0 9 22 
0 12 24 0 0 0 0 19 0 22 18 0 0 25 7 0 3 11 0 0 5 8 0 20 0 
0 6 0 3 0 0 1 0 14 0 0 11 0 13 20 15 0 16 0 17 18 22 24 0 23 
0 0 0 16 0 2 23 0 0 0 8 5 0 17 24 0 6 19 0 0 0 0 0 0 15 
23 0 19 13 0 0 9 0 8 3 22 2 4 16 1 24 7 0 0 0 6 0 0 25 21 
0 22 11 7 1 0 0 17 0 25 0 15 0 6 0 5 2 23 8 13 0 0 3 10 19 
12 0 25 6 21 13 0 0 0 0 20 0 0 0 2 16 19 0 0 0 3 0 0 24 0 
0 3 10 0 0 20 2 16 0 21 12 0 0 9 0 0 4 5 22 6 19 25 0 11 1 
17 0 20 0 8 25 0 0 19 23 21 13 5 0 18 0 0 2 0 10 0 6 16 22 0 
0 0 0 0 5 9 0 7 0 6 25 16 24 3 4 14 0 15 0 8 21 2 23 0 0 
16 4 0 14 2 8 3 0 0 24 0 19 6 15 17 21 0 25 18 0 0 5 0 13 0 
