13 0 0 0 3 25 0 8 15 1 14 0 9 0 0 5 0 0 0 10 0 0 19 16 0 
9 6 21 16 0 24 7 12 0 22 25 0 10 23 13 0 0 15 18 0 0 3 0 2 0 
2 0 10 17 0 19 11 0 5 0 0 24 0 0 18 22 0 16 4 0 0 13 0 0 0 
0 0 23 15 5 6 3 16 0 9 0 12 0 19 0 0 0 14 2 25 21 7 8 20 18 
0 1 19 0 22 0 2 0 0 0 7 5 8 0 0 3 17 9 21 6 4 0 0 0 0 
0 15 8 22 17 0 13 0 0 23 21 16 12 0 0 9 1 0 24 0 0 4 14 3 0 
1 0 16 0 13 0 9 0 0 3 11 0 7 0 10 0 19 5 0 4 15 0 0 24 25 
0 10 9 0 23 8 0 0 19 25 0 20 0 24 22 7 15 0 3 0 0 16 12 13 0 
14 24 0 0 0 22 1 0 0 0 0 0 0 13 0 6 0 0 0 18 10 0 0 17 9 
0 2 7 0 25 12 15 0 16 10 3 9 0 0 0 0 0 0 14 0 19 18 6 21 20 
0 5 20 24 15 17 16 0 8 0 9 0 0 0 3 21 0 0 19 0 23 10 0 0 1 
0 19 2 14 18 11 0 0 0 0 0 0 16 0 0 23 7 12 20 24 0 0 13 0 3 
0 0 0 0 0 0 0 0 12 0 15 0 2 18 4 8 11 25 17 0 0 14 24 0 0 
0 8 0 6 11 0 21 19 1 24 0 23 13 0 0 10 14 18 0 0 12 2 5 4 0 
0 0 4 13 9 7 14 20 0 2 10 19 24 0 12 16 3 0 0 1 17 21 18 11 8 
0 0 22 10 19 21 20 9 0 0 0 0 15 0 0 14 18 24 0 0 7 5 4 0 23 
8 0 24 0 4 23 18 0 0 0 0 25 0 0 0 0 5 17 0 12 2 0 0 0 0 
7 0 0 9 2 14 22 15 13 12 18 17 0 10 24 4 0 1 0 23 3 20 21 0 0 
0 0 0 25 16 10 0 2 4 0 12 0 23 0 7 11 21 19 8 20 0 0 0 18 0 
23 18 0 0 20 16 19 0 24 7 0 0 21 3 0 0 0 0 9 0 0 12 0 0 11 
0 16 0 2 1 5 0 22 21 17 0 0 0 0 0 12 0 8 10 0 13 19 3 0 0 
0 14 15 0 10 0 0 6 2 19 0 3 17 12 20 0 0 0 1 0 0 0 0 0 0 
0 23 13 0 6 1 8 10 0 20 5 7 25 16 14 0 0 3 11 0 18 0 0 12 0 
0 0 12 0 7 0 25 0 18 0 0 0 1 0 0 0 6 2 0 16 0 23 0 9 0 
0 0 0 3 24 4 12 0 14 0 0 0 19 0 21 0 0 23 5 15 8 1 22 10 17 
