0 0 0 0 0 0 1 0 3 0 0 0 0 10 7 0 
0 0 0 0 10 0 2 6 7 4 15 0 0 0 0 12 
0 0 4 6 5 0 8 14 0 0 1 11 0 0 16 15 
0 0 0 0 0 0 3 15 0 0 9 2 8 0 0 14 
8 0 0 0 16 0 4 11 1 13 6 0 2 9 12 0 
12 0 13 0 0 2 15 0 0 0 0 0 0 0 11 0 
0 1 6 0 0 0 10 0 11 0 16 4 0 14 5 13 
11 16 3 0 13 5 14 0 2 0 0 12 0 0 0 0 
7 4 10 15 14 8 0 16 6 1 0 3 12 5 9 0 
0 6 0 13 0 10 0 0 0 9 0 0 0 1 0 0 
0 8 0 2 1 0 5 3 0 0 12 0 10 13 0 6 
0 3 5 0 9 0 0 0 0 14 0 0 0 11 8 7 
0 0 1 0 11 14 9 5 0 2 0 0 6 0 13 0 
0 12 7 0 4 6 0 10 0 0 0 0 1 0 2 8 
15 13 8 3 0 0 0 12 0 6 0 0 7 0 0 0 
6 0 9 14 0 0 7 8 13 12 4 1 11 0 0 5 
