0 0 0 12 0 0 0 1 0 0 10 0 0 0 0 0 
0 3 11 0 6 13 5 0 15 7 8 1 9 0 0 14 
2 0 0 0 0 10 0 11 14 4 6 0 0 7 5 16 
0 0 0 0 0 15 8 0 9 11 0 0 0 10 3 1 
13 10 9 0 3 11 0 0 0 0 15 0 0 0 0 6 
11 12 3 0 0 0 9 8 7 0 4 0 0 13 0 0 
4 5 0 0 0 6 7 0 0 0 11 0 0 12 14 0 
16 7 6 0 4 12 15 10 5 0 3 14 0 0 1 8 
5 2 0 3 0 0 1 0 0 0 0 15 13 16 0 9 
0 16 4 11 15 3 0 9 13 0 14 8 0 0 0 12 
0 8 0 13 0 0 12 14 0 0 0 0 4 3 0 0 
0 9 0 0 10 0 13 7 0 0 16 4 0 14 0 2 
0 0 2 7 0 0 11 12 6 0 0 16 0 1 0 4 
0 11 16 0 14 1 0 15 8 0 0 7 0 0 0 0 
0 4 0 0 0 0 6 3 12 14 1 9 0 0 0 0 
0 14 12 1 0 2 0 0 4 15 0 11 0 0 0 3 
