0 0 3 13 0 0 6 15 0 1 5 7 2 0 12 4 
0 0 15 7 0 0 0 0 0 13 0 0 11 0 0 0 
4 11 9 0 7 0 0 2 12 15 3 0 0 0 16 0 
0 12 0 8 11 0 14 0 2 10 4 9 0 0 0 0 
0 0 0 12 0 0 0 0 15 0 0 0 0 0 2 6 
3 15 0 2 5 0 16 0 0 9 12 0 0 0 0 0 
11 16 8 0 3 0 1 13 6 2 0 14 0 0 0 0 
1 7 0 0 2 0 0 6 0 0 8 3 9 12 11 0 
7 9 13 15 1 0 5 16 0 0 0 11 0 0 3 10 
0 1 0 0 0 0 0 0 0 3 10 13 0 15 0 2 
0 3 2 10 0 9 0 0 16 0 0 0 0 14 0 0 
0 8 14 0 0 0 15 12 0 4 9 2 5 0 0 7 
0 0 11 3 0 0 2 0 0 7 16 0 14 0 0 0 
0 0 0 0 14 0 0 1 3 0 13 15 10 0 4 9 
0 0 0 1 0 7 0 0 0 8 2 6 16 11 5 0 
0 0 4 5 16 8 13 0 9 14 1 12 15 2 7 3 
