12 0 0 0 2 6 0 4 3 1 9 0 0 0 0 18 0 0 19 0 23 24 0 16 0 
0 19 0 18 0 8 22 24 0 0 0 0 3 0 21 5 25 2 0 0 0 11 17 0 0 
0 20 0 21 14 0 0 0 15 0 0 0 0 0 4 10 0 13 12 0 5 0 8 2 1 
17 9 0 8 0 21 25 2 5 12 23 18 0 20 19 0 24 0 0 6 0 7 0 0 10 
24 1 6 0 15 0 0 10 9 0 0 2 5 0 16 0 11 8 20 3 0 0 0 19 0 
13 0 19 0 16 17 15 3 0 10 18 20 0 24 11 2 0 0 0 23 0 0 1 6 4 
2 0 20 0 5 16 23 0 0 0 25 13 7 0 0 24 0 11 4 1 0 0 10 9 0 
0 11 0 0 3 9 0 0 13 21 15 6 4 23 0 0 19 0 22 17 0 2 0 5 25 
0 0 0 10 0 0 0 0 0 0 5 0 16 0 0 6 0 9 0 0 0 0 0 0 23 
21 0 25 23 6 2 4 0 11 20 0 19 22 0 8 7 0 18 0 0 16 15 0 13 0 
0 21 23 0 12 11 5 1 22 14 0 3 0 0 9 0 0 0 0 0 25 16 19 15 18 
19 24 0 0 0 12 3 0 6 25 14 4 0 0 0 0 0 0 2 15 0 0 0 0 0 
5 2 9 22 7 0 0 0 18 15 0 10 1 0 25 0 0 19 11 0 0 17 0 0 21 
4 3 18 0 13 19 0 0 21 2 7 0 23 15 0 25 1 14 0 22 12 0 9 8 0 
15 0 0 0 1 7 0 9 4 0 11 0 21 19 0 23 20 0 0 10 0 6 0 22 0 
16 5 15 0 0 0 2 18 10 9 4 23 25 13 0 22 14 6 1 8 21 19 11 0 7 
6 0 2 19 0 0 0 20 16 0 0 22 0 7 17 11 12 0 0 9 1 25 0 0 15 
22 12 0 7 9 25 8 15 0 0 0 0 2 3 14 0 0 0 18 0 20 0 0 4 5 
25 14 21 3 10 1 6 13 0 22 19 5 0 0 0 0 17 20 0 2 9 23 0 24 0 
23 18 13 1 8 0 0 0 7 4 0 0 20 16 0 0 5 0 0 25 22 14 12 0 2 
0 0 10 0 0 4 0 0 1 8 0 0 15 6 0 0 0 0 0 0 0 3 0 0 0 
8 23 0 2 0 10 17 0 19 0 0 7 0 5 20 12 0 0 24 0 15 0 0 25 0 
0 16 12 5 22 0 9 14 2 7 3 0 0 0 24 0 6 25 0 0 17 0 23 0 0 
20 7 3 15 25 5 0 0 24 6 0 14 19 8 0 0 9 0 10 0 2 4 22 11 0 
11 0 24 4 0 0 18 22 23 3 2 0 0 0 1 0 0 17 0 16 0 0 5 0 0 
