0 6 9 0 0 18 10 0 23 1 0 0 13 0 11 0 0 2 19 25 21 0 0 12 7 
0 8 0 18 24 0 0 14 0 16 19 0 6 10 0 17 15 0 7 21 2 0 3 0 9 
0 23 0 0 2 15 7 0 20 9 21 0 0 0 17 0 0 16 11 0 10 0 0 0 0 
20 10 1 0 15 0 8 0 19 6 5 7 16 0 2 0 0 0 3 23 0 25 0 17 22 
0 17 0 0 13 11 0 0 0 0 0 22 0 18 9 0 0 1 20 0 0 14 0 15 16 
17 0 16 13 10 0 2 15 0 18 0 0 19 5 14 0 24 8 0 1 23 0 0 20 0 
1 0 24 4 23 14 0 0 6 11 22 8 0 0 0 0 16 5 0 0 15 17 25 10 0 
0 0 14 0 0 16 1 0 24 3 15 0 0 20 0 0 0 0 22 0 5 0 0 0 0 
15 0 0 0 6 0 0 8 17 0 0 0 1 0 0 3 9 12 0 0 0 21 0 0 0 
21 0 0 8 3 7 22 25 0 0 6 0 17 9 18 19 23 10 0 11 13 0 16 14 12 
23 13 0 20 11 0 0 0 9 19 24 0 18 6 0 15 21 17 8 22 0 4 1 0 14 
24 15 5 0 1 8 4 23 0 13 20 3 10 0 0 0 0 6 0 0 0 19 18 9 0 
0 0 21 7 0 0 3 20 0 0 1 0 0 0 0 0 12 25 0 18 17 5 0 13 0 
0 0 10 0 0 17 6 16 25 7 0 21 15 14 5 23 0 3 0 0 0 22 12 11 24 
22 0 17 0 9 0 11 0 0 0 0 13 0 0 0 10 0 0 0 0 8 23 6 3 21 
13 0 0 16 0 0 17 22 15 24 18 0 23 0 0 0 14 7 5 9 0 10 0 21 1 
10 22 0 17 0 19 0 0 0 23 0 5 24 0 15 6 0 11 12 0 0 18 14 0 0 
0 0 15 1 8 12 5 9 2 0 10 0 25 3 6 24 0 22 0 0 11 16 7 0 0 
0 0 2 6 12 0 13 0 8 25 14 0 0 0 0 0 0 18 23 0 0 0 0 24 3 
25 21 0 24 19 0 14 11 18 20 12 0 22 0 7 1 0 0 10 0 0 0 0 0 0 
0 0 13 0 5 22 0 0 0 17 0 18 0 7 21 16 25 0 1 15 0 0 8 4 6 
11 1 0 0 0 23 16 0 13 0 0 12 3 15 24 18 0 20 4 6 25 9 0 0 17 
4 16 6 15 22 0 0 0 0 8 0 14 5 25 13 9 0 21 2 0 0 20 0 23 0 
0 0 0 0 7 0 0 0 11 0 2 0 9 1 4 22 5 0 0 13 18 0 21 16 10 
2 0 18 0 0 9 0 4 0 21 0 0 20 22 10 11 3 14 24 8 1 12 0 7 0 
