0 0 11 10 9 3 4 14 5 0 0 0 13 0 15 0 
0 0 1 9 0 5 0 13 2 14 6 3 4 0 7 0 
0 14 0 0 0 16 1 0 0 0 8 10 0 0 0 0 
6 0 0 0 7 8 0 0 13 0 0 0 0 14 16 11 
9 0 0 13 12 11 0 10 0 0 14 6 0 15 8 4 
0 0 0 8 1 15 0 9 3 0 16 4 11 10 0 0 
5 0 0 11 4 0 0 0 0 9 10 2 6 0 12 0 
0 0 12 4 16 0 5 0 0 8 0 13 0 0 0 3 
0 8 0 0 0 4 7 0 0 0 0 0 9 1 14 16 
0 0 6 0 10 0 0 0 0 0 5 0 15 12 4 7 
7 0 0 0 3 0 9 15 8 4 12 16 5 13 0 6 
0 4 0 12 5 6 14 16 0 0 0 0 0 3 0 2 
0 10 0 14 0 0 16 0 11 0 0 0 12 7 0 13 
1 9 7 0 0 0 0 11 0 0 0 5 0 0 0 8 
0 13 8 0 0 12 0 4 0 0 3 1 14 9 0 0 
2 0 5 0 8 0 0 1 0 10 0 0 0 11 6 0 
