0 0 9 0 0 0 8 0 2 1 0 14 0 0 0 11 
0 0 2 0 9 0 0 7 0 0 12 15 0 0 0 0 
4 6 0 8 0 11 14 0 0 0 3 7 10 15 9 13 
0 11 0 0 0 0 16 13 0 0 0 0 0 0 0 0 
8 0 3 9 13 5 0 0 14 7 2 0 11 0 16 0 
0 0 10 0 2 14 7 9 0 13 8 0 1 5 3 0 
0 0 0 2 0 0 4 0 0 3 0 12 0 13 0 10 
0 4 13 0 0 3 0 8 0 10 0 9 0 0 7 0 
9 0 16 0 0 0 0 0 0 0 1 10 12 0 0 0 
10 15 11 13 16 9 1 0 0 12 4 0 3 2 6 0 
0 0 4 7 5 2 13 0 3 6 11 0 14 10 15 9 
6 0 0 12 0 8 0 11 9 14 0 0 16 0 0 0 
0 10 15 0 0 0 0 3 0 0 0 1 0 8 0 0 
13 9 0 4 8 0 2 1 0 15 0 0 7 0 5 0 
2 0 7 0 4 13 0 0 12 8 0 0 0 9 10 16 
0 3 8 16 14 10 9 6 0 5 0 0 15 0 0 0 
