0 19 0 0 13 0 0 9 15 20 0 0 23 5 25 6 8 12 0 0 14 21 18 0 0 
0 23 0 0 2 0 14 0 8 0 1 7 15 0 0 0 0 20 0 22 3 25 24 6 0 
14 0 0 0 0 0 0 7 0 0 0 0 22 0 10 2 23 15 13 0 4 0 1 8 0 
7 0 8 3 0 10 6 4 21 23 9 0 12 14 13 0 0 24 16 1 5 15 22 20 2 
21 25 0 0 0 22 2 1 18 5 0 24 8 19 6 0 9 7 3 14 0 0 0 0 16 
4 14 3 8 0 13 10 0 0 11 12 15 0 23 0 0 5 0 1 0 24 0 21 0 0 
0 0 2 0 24 14 0 6 0 18 22 19 17 9 3 20 0 11 0 8 1 0 0 13 0 
22 21 0 20 6 4 5 0 1 0 10 13 0 0 7 0 17 0 24 0 0 0 3 0 25 
15 0 0 18 1 0 17 23 22 0 24 0 0 0 0 0 13 9 0 0 0 0 20 14 0 
17 0 0 0 19 0 0 0 0 0 0 6 1 20 14 4 0 0 0 15 0 18 7 16 0 
19 0 0 0 0 0 23 8 0 0 0 18 0 1 4 0 3 16 0 6 15 20 0 22 0 
0 22 0 16 15 6 0 0 0 0 7 0 0 0 0 13 14 0 0 4 0 0 2 0 0 
18 17 13 0 21 1 4 5 0 22 0 25 6 0 9 24 0 23 8 20 0 16 12 7 10 
8 0 0 9 7 0 15 10 0 14 13 22 24 3 23 0 18 19 0 2 0 4 0 5 11 
6 0 0 0 0 20 18 21 2 7 11 16 19 0 12 9 15 0 22 5 23 24 8 0 13 
9 13 20 6 23 0 0 17 7 0 3 0 0 0 5 15 24 0 0 0 0 1 16 21 0 
3 0 0 7 22 0 0 0 0 16 19 9 0 0 15 0 0 13 17 11 0 0 0 0 18 
0 0 16 21 10 0 9 14 12 6 17 0 13 0 18 1 0 0 7 0 8 19 0 0 4 
0 2 19 0 11 3 0 15 24 13 0 1 0 22 0 14 25 0 0 0 17 0 10 23 0 
24 0 0 0 0 0 1 22 0 19 0 0 4 6 0 0 0 0 0 10 0 0 0 0 0 
11 7 0 0 0 0 20 2 0 8 0 10 9 13 22 12 1 0 0 0 18 0 19 25 3 
2 0 4 0 14 21 25 0 11 3 23 17 0 12 0 18 0 0 20 0 7 0 0 0 0 
0 0 0 0 18 0 22 0 14 1 0 0 2 0 0 0 7 0 5 0 0 10 0 12 8 
1 10 5 24 12 0 13 0 0 9 0 14 3 0 0 8 0 2 0 0 0 0 0 4 23 
20 0 17 0 0 5 0 0 10 4 6 8 18 7 19 11 16 3 0 23 21 14 13 2 1 
