25 11 22 5 13 24 10 7 12 0 23 18 14 21 0 8 1 0 19 17 3 15 0 2 0 
0 0 1 2 19 0 0 8 18 14 3 24 0 15 10 0 0 0 5 23 0 13 0 16 0 
0 0 6 0 15 23 19 13 17 0 22 2 12 0 1 0 0 0 3 25 0 14 7 0 0 
4 23 8 0 0 5 6 15 1 0 0 0 7 0 0 0 14 12 21 0 0 0 25 22 0 
0 14 7 0 17 2 4 3 11 9 0 0 5 25 0 15 0 0 18 24 20 21 23 0 0 
0 13 0 0 0 0 20 0 0 15 0 0 22 24 21 23 10 5 0 0 4 0 0 0 0 
0 0 24 8 0 19 11 0 10 17 1 7 13 18 0 0 12 15 4 0 25 16 0 0 0 
0 0 19 0 0 25 0 1 21 13 0 23 17 6 9 7 2 8 24 22 0 0 12 20 5 
0 12 2 0 14 16 18 4 3 23 0 10 0 5 0 25 20 13 0 0 24 0 22 0 0 
22 7 0 0 0 0 0 5 0 0 0 0 20 0 3 0 18 0 0 0 21 17 0 10 0 
13 0 0 19 0 10 0 25 14 0 2 3 21 0 15 0 0 0 0 18 0 4 17 12 22 
12 0 11 23 0 0 1 0 13 8 0 0 9 10 4 0 15 17 0 7 14 0 16 6 0 
2 15 3 0 6 17 12 9 16 5 0 0 8 23 0 0 19 11 25 0 10 0 0 13 21 
7 0 0 9 0 21 22 0 4 18 24 0 0 0 13 0 0 0 0 0 5 20 0 0 15 
0 16 18 0 0 0 0 0 0 0 19 0 0 22 0 12 0 21 0 10 0 0 8 7 0 
8 0 13 0 0 4 0 0 20 0 14 9 24 19 12 0 25 23 7 11 16 22 21 0 3 
0 19 21 18 22 14 0 6 0 0 7 4 0 0 0 0 0 0 0 0 13 23 0 15 0 
17 0 9 0 0 18 3 23 0 19 0 0 11 0 6 24 0 14 12 16 7 0 20 0 0 
3 25 20 0 0 13 9 0 0 0 0 0 23 17 0 0 4 0 0 0 0 10 0 24 0 
16 4 0 24 7 0 21 0 0 0 10 0 18 0 0 0 22 0 0 0 2 6 19 0 9 
6 0 14 0 9 0 17 0 5 10 11 22 0 16 0 19 8 0 20 4 15 1 0 0 0 
23 0 15 0 11 0 0 21 0 0 12 0 0 0 0 17 0 24 0 0 19 0 9 0 16 
24 0 0 17 3 0 0 16 0 4 0 21 10 8 18 1 9 0 23 0 22 0 0 11 25 
19 10 16 4 0 0 0 20 9 22 0 0 0 13 23 11 3 0 14 0 0 0 0 8 7 
0 0 0 21 8 3 23 14 24 11 9 15 19 7 0 22 13 0 16 12 6 0 0 4 20 
