9 0 5 0 15 8 11 0 0 12 0 1 16 14 0 10 
6 0 0 0 2 16 12 13 10 4 0 0 7 1 0 5 
16 0 0 0 0 10 0 5 0 0 8 0 0 0 2 0 
10 0 0 12 9 1 14 7 15 0 0 0 3 0 0 0 
0 11 0 0 14 9 0 1 0 5 4 0 6 0 0 0 
5 9 0 0 13 11 0 3 1 0 7 0 12 8 0 0 
0 0 0 4 0 0 6 10 8 0 0 11 0 0 0 9 
7 14 0 6 4 0 15 2 0 0 9 10 5 0 0 0 
15 0 0 0 6 14 0 12 16 0 0 0 0 0 11 0 
0 0 6 11 0 0 0 0 3 10 0 15 9 0 0 1 
0 3 0 13 1 15 5 9 4 7 11 0 14 6 0 0 
2 0 7 8 11 3 10 0 0 0 1 0 0 0 12 15 
0 13 0 5 10 0 1 0 12 2 0 8 11 9 0 0 
0 0 0 0 7 5 9 14 11 0 0 0 1 0 0 0 
3 10 0 1 0 0 0 0 5 0 15 0 0 0 0 16 
0 6 14 0 0 0 0 16 9 0 10 0 8 0 5 2 
