0 2 0 17 0 25 19 0 0 8 5 0 0 23 0 0 12 0 0 0 0 0 10 11 9 
0 14 21 0 23 16 11 0 0 24 9 0 0 13 0 5 0 25 6 19 17 1 20 0 22 
1 0 4 25 7 0 20 23 0 0 8 0 0 6 10 18 15 11 0 2 0 14 13 16 19 
0 11 20 12 13 15 0 21 9 0 0 7 0 0 0 1 23 24 10 22 4 2 0 0 0 
0 19 0 0 0 0 2 4 0 13 14 0 1 15 0 8 20 9 3 7 21 12 25 0 0 
4 22 0 0 0 0 0 10 6 21 0 0 0 0 14 12 0 0 8 9 0 18 0 0 0 
9 0 10 3 0 5 0 0 25 11 0 15 18 17 22 0 7 0 19 0 0 13 24 12 21 
12 0 13 0 15 24 0 0 0 9 16 10 0 21 0 23 0 2 0 11 0 5 0 19 3 
16 7 17 1 19 0 3 0 8 0 0 0 13 5 4 0 0 0 0 24 23 11 9 22 0 
21 24 0 0 2 0 0 13 15 0 12 20 0 0 0 0 0 0 0 4 10 7 14 0 6 
2 0 11 0 21 0 0 0 1 0 0 0 0 18 3 0 0 0 4 0 0 0 23 0 13 
0 0 1 6 16 9 5 3 11 23 0 24 14 2 12 13 19 22 0 21 0 0 0 0 10 
0 0 12 0 0 2 18 6 16 7 10 13 0 25 23 24 0 15 0 20 0 19 0 21 0 
13 0 7 0 0 0 15 0 0 0 0 9 21 11 17 3 0 0 0 23 14 0 12 8 0 
22 23 0 24 0 13 0 14 0 0 1 16 0 20 15 0 18 0 11 8 6 3 0 0 0 
0 25 0 0 0 4 6 5 0 14 20 12 9 10 21 19 0 8 0 18 11 16 2 13 23 
0 17 0 0 0 0 10 0 2 0 0 14 23 1 19 4 0 0 13 0 0 0 21 0 24 
23 4 0 9 0 3 24 19 0 1 2 18 6 0 0 0 5 0 20 0 0 10 22 0 12 
8 1 2 10 5 0 0 9 7 0 0 0 0 0 13 0 0 0 24 0 0 20 0 14 15 
19 21 14 13 18 12 0 16 0 22 11 0 0 24 5 0 10 23 9 25 1 0 0 0 7 
20 0 0 14 0 0 9 0 24 0 0 0 0 0 2 0 11 0 25 5 0 0 1 0 0 
17 13 0 15 0 0 12 25 19 3 21 0 24 14 16 0 0 0 2 0 5 23 11 0 20 
0 0 24 21 8 0 13 20 23 16 18 0 0 0 9 10 3 14 0 17 0 15 19 6 0 
0 12 0 2 0 0 21 0 14 0 0 0 0 0 6 0 0 0 15 0 13 22 0 10 18 
0 10 25 22 1 6 17 18 0 2 0 0 0 12 11 21 0 0 0 13 0 0 0 0 14 
