12 22 10 0 0 4 11 0 0 0 0 0 14 16 21 1 18 0 0 0 23 9 0 0 2 
0 0 6 20 0 24 0 15 0 0 0 0 8 5 25 0 0 0 0 23 16 4 0 11 0 
0 0 0 0 0 9 0 17 14 13 1 22 18 0 24 0 0 0 2 0 10 21 0 0 12 
0 11 9 0 13 16 0 0 2 0 0 0 3 0 0 0 21 24 8 0 22 14 0 18 15 
17 8 2 0 3 0 0 1 18 0 0 0 0 4 0 14 0 12 22 16 0 5 7 20 0 
0 4 0 0 0 0 19 0 22 0 13 0 0 0 9 25 0 0 0 21 24 0 0 16 3 
0 0 0 25 0 3 10 0 23 0 0 15 21 0 12 8 2 0 0 22 0 0 11 0 0 
23 19 17 21 16 1 25 18 12 20 0 0 5 8 22 0 0 0 11 0 7 10 15 0 0 
15 0 3 22 0 0 0 9 16 17 0 14 11 0 23 19 0 7 18 10 0 0 21 4 20 
6 0 0 1 0 8 4 24 0 2 20 7 16 0 3 0 0 0 0 13 0 19 22 0 25 
11 0 0 18 0 7 0 5 0 12 0 21 0 0 14 0 0 20 1 0 19 0 0 17 22 
2 13 12 0 0 0 0 0 0 19 22 1 0 0 20 0 25 0 15 7 0 0 4 5 21 
0 0 0 17 24 0 20 0 0 0 0 4 7 0 0 11 10 18 5 14 0 0 8 0 9 
7 5 4 0 0 0 15 0 1 6 0 0 0 0 0 0 0 2 17 19 0 0 0 25 14 
0 0 19 23 0 0 17 0 3 0 0 0 6 15 5 0 4 0 0 0 0 7 10 1 24 
24 0 22 0 19 6 16 14 20 11 0 10 0 1 4 7 0 0 21 0 0 8 0 12 0 
5 12 25 14 0 19 1 0 0 0 21 16 24 0 8 2 0 0 9 20 0 0 23 15 11 
0 0 7 4 23 12 0 0 5 0 17 3 15 0 0 22 11 0 0 1 14 24 2 0 16 
0 0 0 16 0 0 0 0 25 0 18 11 2 9 6 12 24 13 0 0 5 22 0 7 0 
21 15 1 13 11 17 0 0 0 3 0 0 0 14 19 0 0 23 16 8 25 20 9 10 18 
4 17 15 0 1 0 6 0 8 5 0 24 25 3 7 0 0 21 0 0 9 0 0 13 10 
0 0 0 0 25 21 0 19 11 7 8 17 0 0 0 0 16 4 0 0 15 3 14 0 0 
9 0 5 0 0 13 14 0 17 1 0 6 4 0 16 0 12 22 19 15 20 0 18 0 0 
19 14 13 0 0 0 9 16 0 4 5 23 22 21 15 17 8 25 24 3 1 0 12 2 0 
3 23 16 8 22 0 0 25 15 0 14 19 20 0 0 9 7 1 0 11 0 17 0 6 4 
