22 1 0 13 7 6 0 18 21 0 12 10 24 3 8 0 17 11 5 15 4 16 19 0 0 
0 0 2 0 12 0 22 0 0 15 13 0 0 0 0 7 23 0 0 0 11 10 18 9 17 
0 0 0 0 6 4 11 13 16 9 0 0 25 0 0 10 0 0 0 1 0 0 20 24 0 
0 4 19 15 0 0 0 24 10 20 0 22 0 21 11 0 0 13 16 8 7 1 0 0 0 
24 10 11 16 21 7 0 19 0 0 0 0 0 0 0 0 18 0 4 3 0 0 0 5 15 
10 0 0 9 8 0 24 0 7 21 14 4 15 17 13 1 0 19 3 6 0 0 23 0 22 
23 25 1 0 4 0 0 14 0 17 19 0 22 12 0 24 15 8 2 7 0 0 0 16 0 
0 15 17 22 24 1 19 5 6 16 0 21 2 10 0 23 11 18 0 0 0 0 8 0 0 
0 16 0 21 0 2 0 23 0 18 24 0 0 6 0 14 9 0 10 22 15 0 25 0 0 
12 0 0 7 18 0 9 15 8 0 0 3 16 25 0 0 0 17 13 20 0 14 0 1 0 
15 11 21 0 23 0 17 20 5 25 0 0 0 0 0 0 3 0 0 0 0 18 22 6 13 
0 0 0 17 14 15 0 0 0 0 0 13 0 0 0 0 7 0 21 12 23 0 0 0 0 
0 6 0 12 0 0 18 0 0 0 16 11 0 14 4 0 13 15 0 0 0 0 2 21 24 
0 0 18 0 19 0 0 10 0 0 0 1 12 0 21 22 25 20 0 0 9 4 3 15 14 
0 0 0 0 22 0 6 0 0 13 10 15 0 0 25 2 0 24 0 9 0 17 1 0 5 
11 0 13 25 0 10 16 21 0 22 3 14 0 0 0 0 20 2 0 4 24 9 5 0 8 
20 0 0 0 15 0 0 12 1 0 22 0 13 0 0 6 0 25 11 0 17 21 0 2 0 
0 0 12 23 16 0 13 0 15 0 0 24 0 7 0 0 0 1 0 10 0 19 11 0 18 
21 22 8 0 3 18 0 0 9 0 0 2 0 4 10 13 24 23 14 16 0 15 12 20 6 
0 0 14 0 0 20 8 0 19 0 0 0 0 15 1 0 5 21 7 0 3 0 13 0 16 
0 21 16 0 9 14 23 0 3 7 25 0 10 18 15 0 0 12 20 13 2 24 0 0 11 
7 0 0 14 0 0 0 0 18 5 4 12 0 13 22 0 10 9 0 11 0 23 15 0 1 
0 12 25 18 11 9 15 22 13 0 0 6 7 20 0 8 14 0 23 24 0 0 4 0 0 
0 0 15 0 5 19 0 11 12 0 23 0 3 24 0 18 1 7 22 0 0 0 0 0 0 
0 23 22 0 0 25 10 16 24 8 1 0 9 11 0 0 0 4 15 5 0 0 0 13 0 
