0 13 8 0 0 0 5 0 0 16 0 10 15 0 1 0 
16 0 0 6 4 0 10 0 0 11 0 0 12 14 13 7 
0 15 7 12 0 0 0 0 4 0 2 8 5 0 10 3 
4 0 1 0 7 0 0 0 6 13 3 14 0 9 0 8 
0 0 4 2 5 0 0 10 0 0 1 0 0 0 8 0 
13 0 15 8 0 0 0 11 0 2 4 12 7 3 0 0 
0 0 0 0 14 0 0 0 0 0 0 0 0 0 4 0 
0 6 5 1 9 2 0 0 0 15 0 16 14 11 12 0 
0 7 0 0 0 0 2 5 0 4 15 0 9 0 0 0 
0 0 0 0 0 7 6 0 5 9 0 13 4 8 16 12 
0 0 0 4 0 13 0 9 16 7 8 0 0 0 3 1 
9 0 13 0 0 4 0 14 1 10 0 0 11 7 0 0 
6 3 12 13 0 0 0 0 14 5 0 1 8 4 0 11 
0 0 0 15 0 0 0 0 2 0 0 0 3 0 5 0 
0 0 0 0 0 6 3 0 0 0 10 4 1 16 7 0 
2 0 9 7 11 5 0 16 3 8 13 15 0 12 6 14 
