4 16 0 18 0 0 23 20 9 12 0 0 1 24 13 7 25 0 22 5 19 11 0 0 0 
22 14 17 0 25 21 0 6 18 16 4 2 0 7 0 20 0 0 9 0 0 3 0 13 10 
0 20 0 0 0 7 2 0 11 0 0 25 6 8 0 0 1 0 16 10 0 9 15 18 0 
10 11 0 12 0 0 25 0 15 1 19 21 22 0 9 0 18 14 0 0 0 5 0 8 0 
6 0 0 0 0 10 0 19 14 13 0 0 0 12 5 15 3 8 11 0 0 23 25 0 0 
20 1 0 0 0 23 24 13 2 0 0 0 19 0 0 6 16 5 7 17 0 0 0 10 0 
0 4 0 0 11 9 0 0 0 8 15 0 23 10 21 25 13 0 0 20 16 6 22 1 2 
23 6 0 7 0 0 1 12 0 10 25 0 0 9 0 2 0 11 0 21 18 0 0 0 3 
0 0 10 2 9 6 0 25 4 0 0 0 0 18 16 0 0 0 0 8 0 20 0 7 0 
16 0 0 0 0 18 15 0 17 3 0 24 0 20 0 10 4 1 23 0 11 25 14 21 0 
0 0 20 0 1 3 9 0 0 6 0 23 4 0 8 0 0 2 10 24 0 0 0 0 13 
25 0 16 3 4 19 0 8 24 0 11 0 12 0 0 14 21 22 1 7 0 0 0 0 0 
0 19 0 24 21 0 22 14 1 25 9 0 17 2 10 0 23 20 0 0 6 12 7 15 0 
18 0 0 6 5 12 17 0 0 0 22 0 25 19 7 3 15 0 8 16 0 0 0 0 0 
0 0 0 0 0 11 18 0 20 0 24 0 21 16 0 19 0 0 0 25 0 0 10 0 0 
0 0 8 0 16 2 0 0 0 15 0 0 9 0 24 1 20 0 25 6 13 22 17 0 14 
0 17 25 0 0 8 12 0 0 0 7 14 0 1 0 18 5 4 24 22 3 0 0 19 20 
0 0 0 0 12 0 21 23 0 19 13 0 0 0 25 8 0 7 0 0 2 10 0 0 0 
7 0 13 9 0 0 20 0 10 14 8 19 0 0 2 21 11 16 0 23 0 18 24 0 0 
0 0 0 19 23 25 6 24 3 0 0 0 0 0 0 13 0 10 0 12 0 0 0 16 0 
12 25 6 22 18 0 19 0 0 17 20 11 0 23 0 9 7 0 0 14 10 16 3 0 24 
0 23 0 0 0 0 0 2 0 11 0 0 10 0 22 0 6 25 0 3 0 15 19 4 18 
0 3 0 16 10 0 7 9 0 20 0 0 24 6 18 23 0 0 0 0 22 14 0 5 0 
15 0 0 0 20 0 0 10 6 24 1 9 14 25 19 0 8 18 0 11 17 13 23 12 0 
11 2 0 14 0 5 16 18 25 23 12 15 0 13 3 0 10 0 0 0 8 1 0 6 9 
