11 14 22 1 20 25 0 24 21 10 0 3 0 0 4 6 18 0 2 12 0 13 15 8 17 
0 3 0 0 12 17 5 0 0 0 21 25 0 10 1 11 13 0 0 15 18 23 0 0 20 
0 9 0 0 21 0 14 13 0 1 15 0 2 0 18 0 16 17 0 22 0 10 4 12 0 
19 17 4 18 0 2 23 9 15 0 0 0 6 24 0 0 0 25 0 0 0 5 11 0 0 
5 8 13 23 15 18 0 12 22 0 7 0 17 0 14 21 0 0 0 10 0 2 0 0 0 
24 0 0 19 0 8 3 0 11 0 16 0 0 21 6 0 22 12 10 14 9 0 0 5 0 
20 1 6 7 0 0 25 23 0 22 13 4 18 9 0 2 21 0 0 11 10 0 0 15 0 
0 10 17 21 0 4 18 19 9 0 0 0 0 0 22 0 0 0 0 0 20 0 0 0 8 
8 0 0 14 3 16 0 0 6 0 0 0 0 2 11 9 0 13 0 0 22 17 0 19 24 
0 11 0 0 22 21 20 0 12 0 17 8 0 0 15 24 23 5 25 0 4 0 0 0 0 
1 19 8 22 24 5 0 3 16 0 18 0 21 0 0 10 0 0 9 23 0 14 12 11 7 
14 16 0 0 0 6 13 7 24 0 0 9 0 11 12 0 0 0 0 3 23 0 2 25 18 
3 0 15 2 0 20 10 0 0 0 1 13 0 23 0 0 0 14 0 0 0 24 0 21 0 
0 0 23 0 0 1 0 15 8 0 14 22 0 6 0 18 20 2 11 0 19 3 16 4 0 
0 0 20 0 9 22 4 0 17 0 0 0 0 0 2 13 0 7 5 0 1 0 0 10 15 
17 23 10 0 11 7 6 20 18 14 0 15 0 0 0 22 19 16 13 1 0 9 5 0 25 
0 20 0 12 16 10 0 22 13 0 0 0 11 1 9 3 2 0 0 0 7 0 19 0 4 
0 7 14 13 0 19 0 0 5 24 6 2 0 0 0 0 15 4 0 0 11 8 10 23 0 
6 25 0 0 1 23 0 0 0 15 0 10 13 0 0 8 0 0 0 0 12 0 20 0 0 
0 22 19 8 0 11 0 25 3 9 23 18 0 20 17 7 14 0 21 5 0 16 0 13 6 
0 0 0 20 0 12 17 0 0 4 0 0 9 0 0 19 8 0 14 13 0 0 6 16 0 
13 0 0 0 8 0 19 5 0 3 0 0 0 0 10 23 4 11 0 6 0 7 24 20 0 
18 21 0 0 25 0 22 6 0 8 0 5 19 0 7 12 9 0 0 2 3 4 0 0 10 
23 0 1 0 0 13 0 0 0 0 2 0 0 3 16 20 10 21 0 17 0 15 25 0 12 
10 6 12 17 0 9 0 0 0 20 0 0 4 0 0 0 0 3 0 0 0 0 23 22 0 
