0 14 0 4 0 2 10 0 11 3 0 0 0 0 16 0 
0 0 0 10 4 8 0 1 2 14 5 0 0 9 0 0 
3 11 1 5 0 0 6 0 0 9 0 13 14 0 0 7 
0 0 0 7 0 14 0 0 0 0 1 0 5 6 0 0 
0 0 0 0 0 0 0 14 0 8 2 0 0 3 0 5 
0 2 4 0 11 1 3 8 5 0 0 16 7 0 0 0 
7 8 0 14 16 0 0 0 3 0 6 0 0 0 15 0 
0 0 3 0 6 5 2 12 0 1 0 0 16 0 0 0 
11 0 0 8 1 12 0 0 0 2 0 0 0 0 3 14 
0 9 7 1 0 0 8 0 14 0 0 5 15 0 0 0 
0 0 6 2 14 0 16 0 8 7 15 0 9 11 13 12 
0 0 16 15 9 0 13 11 6 0 10 0 0 0 0 2 
0 10 11 9 13 0 14 0 0 0 12 7 0 0 4 0 
0 0 12 0 15 0 1 3 13 10 16 4 11 0 0 0 
4 0 0 13 8 0 12 0 1 11 3 0 10 0 6 9 
16 1 0 3 10 11 0 7 0 0 14 8 0 0 0 13 
