24 0 0 20 0 25 15 21 0 22 0 0 7 9 17 14 6 11 0 0 0 2 5 0 10 
23 0 0 17 0 24 0 5 2 3 0 18 12 6 0 19 0 0 4 0 0 7 11 0 0 
6 0 0 0 1 0 13 9 0 0 11 3 10 0 0 2 24 16 12 21 25 22 23 20 19 
13 0 0 11 0 10 12 23 0 0 0 0 16 0 4 3 5 8 22 7 9 17 24 0 0 
2 16 22 0 4 6 0 0 7 11 20 0 0 1 0 9 10 0 0 17 3 0 0 0 0 
0 0 0 2 24 0 10 22 3 13 6 0 4 16 0 0 0 7 15 11 0 14 9 0 0 
0 0 7 0 0 12 9 0 8 0 23 5 0 10 0 0 1 0 0 0 0 0 16 2 4 
20 0 8 12 0 0 6 0 5 0 1 17 2 15 25 0 0 13 0 9 0 18 22 0 23 
22 14 10 13 0 0 4 2 0 16 3 8 18 11 0 0 23 5 21 6 0 24 20 7 25 
0 21 0 0 9 11 0 0 23 15 22 12 0 7 0 0 0 0 16 0 6 0 0 0 8 
0 0 0 10 0 19 20 0 14 24 9 0 0 0 6 0 0 4 2 0 0 0 0 0 0 
0 5 20 0 8 21 0 0 6 12 10 16 11 18 0 15 22 23 19 24 1 25 2 0 14 
0 17 0 7 19 2 0 3 0 0 15 22 25 0 0 0 0 20 14 8 13 10 0 9 24 
0 24 2 14 0 0 23 15 10 0 0 0 0 0 21 1 13 0 0 0 4 0 0 12 0 
15 0 0 6 0 0 16 8 0 0 14 2 19 12 24 0 17 0 7 0 0 11 0 0 0 
9 0 24 23 13 17 21 0 15 10 7 11 6 0 0 18 25 0 5 19 12 4 0 0 0 
0 18 0 0 0 0 7 11 0 6 17 9 0 22 0 0 14 0 0 0 0 13 0 19 0 
25 22 14 0 0 5 0 0 0 0 0 4 21 20 0 0 8 3 0 0 11 0 0 16 7 
0 8 11 0 6 3 19 0 0 0 12 0 15 13 0 22 0 24 17 0 23 5 14 0 1 
0 1 0 19 2 0 0 4 13 14 24 0 8 0 0 7 21 6 0 23 18 20 17 10 0 
0 0 17 0 0 15 0 6 0 4 0 14 0 21 0 0 0 12 1 3 20 0 8 0 13 
0 0 0 22 0 18 14 0 25 0 4 13 1 19 11 21 0 17 8 0 7 0 0 0 0 
0 10 0 0 0 13 1 0 24 8 0 6 0 0 0 0 0 0 0 0 16 23 4 0 5 
19 11 0 0 20 16 0 0 21 0 0 15 17 23 0 0 4 0 6 0 2 1 12 14 9 
8 4 6 0 5 23 2 12 0 7 0 20 9 24 0 0 16 14 0 0 17 0 15 0 11 
