0 0 0 14 9 13 6 15 3 0 4 5 1 11 12 2 
3 0 0 0 7 0 5 16 0 12 1 11 8 14 15 13 
0 5 0 6 4 0 12 0 15 8 0 13 3 7 0 0 
13 12 10 15 11 0 0 0 2 14 9 7 0 0 4 0 
0 0 0 0 16 5 7 0 0 0 8 6 11 0 0 0 
9 11 0 8 12 3 15 10 0 0 0 0 16 4 0 6 
4 0 0 5 0 0 8 11 12 0 0 9 0 2 0 0 
15 0 0 0 2 0 0 4 0 0 3 0 7 13 14 8 
16 0 0 0 0 0 0 0 0 0 11 0 0 10 0 7 
12 14 11 0 0 6 16 0 0 4 0 8 0 0 0 0 
5 3 6 0 0 11 0 0 0 0 0 0 0 9 0 12 
0 13 15 9 0 0 0 0 0 3 0 12 0 0 8 0 
0 16 0 11 8 0 4 12 0 0 0 0 10 0 0 0 
0 7 5 13 3 0 14 1 0 6 12 0 9 15 11 0 
0 0 0 12 13 0 11 6 0 5 15 16 0 0 0 0 
8 0 0 1 0 0 0 5 11 7 0 0 0 0 0 16 
