0 0 0 0 12 0 14 8 0 10 16 13 0 0 0 0 
3 12 4 1 0 5 0 16 9 0 7 2 0 0 11 0 
16 6 9 0 0 0 3 0 0 12 0 15 7 0 0 0 
13 8 14 0 0 0 0 0 0 3 5 6 0 15 12 0 
0 9 0 16 0 0 11 3 0 0 0 0 0 0 7 0 
1 0 0 0 0 0 10 0 3 6 8 16 0 4 14 0 
5 0 6 8 0 15 0 0 0 0 0 1 0 2 3 12 
12 4 0 2 14 0 8 6 15 0 0 0 1 0 0 0 
10 5 8 0 3 0 0 12 0 13 0 0 0 16 0 2 
11 2 16 3 10 6 15 7 0 5 0 0 14 1 8 13 
4 7 0 0 0 11 0 9 16 0 10 0 12 0 0 0 
0 0 12 0 0 8 5 13 0 14 3 0 10 7 0 15 
0 3 10 0 0 7 9 0 5 0 0 0 0 13 16 0 
0 16 0 0 0 0 0 0 0 9 15 0 2 12 1 7 
0 0 0 0 8 0 16 0 6 0 13 0 0 0 10 0 
0 14 1 0 6 3 12 11 0 0 2 10 4 0 0 5 
