12 0 2 0 0 0 0 0 3 1 0 6 5 0 0 0 
0 6 1 0 0 0 5 16 0 0 10 9 2 0 0 3 
5 0 4 10 6 0 0 0 2 0 0 0 0 1 0 0 
3 0 0 0 13 1 0 12 0 7 4 0 0 6 0 14 
8 0 0 0 14 12 0 11 0 0 0 5 0 7 0 0 
13 14 6 11 16 15 0 0 9 0 0 0 3 5 1 0 
0 0 0 4 8 5 1 0 10 16 11 0 9 0 0 12 
0 0 5 12 2 0 4 9 0 6 13 7 0 0 14 0 
0 4 0 7 0 0 0 0 0 15 5 8 14 2 0 0 
11 15 9 0 0 0 0 7 6 2 16 0 0 10 4 0 
16 3 0 8 0 0 0 2 0 4 7 0 0 12 11 0 
0 0 0 0 11 13 15 0 0 0 0 0 7 0 8 0 
4 12 0 0 9 2 0 0 0 14 0 1 0 0 0 10 
9 0 8 0 1 0 0 3 16 10 0 4 0 14 0 7 
10 1 0 2 7 8 14 5 12 11 0 15 4 0 6 0 
15 0 14 0 10 4 0 0 0 0 0 3 0 9 2 0 
