0 0 25 23 0 16 0 24 2 0 14 0 0 0 20 13 0 0 6 5 0 12 9 0 15 
0 0 15 0 13 0 0 6 18 17 24 0 0 0 3 8 0 0 0 0 22 11 0 19 23 
0 0 0 3 0 15 23 13 0 5 0 0 12 0 0 24 9 11 16 0 0 0 0 7 21 
7 0 0 6 5 8 0 0 14 0 9 15 2 0 1 22 23 12 0 3 16 17 13 24 4 
0 8 0 24 0 0 12 0 11 20 16 22 0 0 0 14 7 19 15 0 6 2 0 18 0 
21 0 17 0 0 18 20 0 1 7 0 13 23 2 0 6 5 16 3 0 0 4 15 0 8 
2 0 4 8 0 0 0 3 0 0 20 0 10 9 11 0 0 0 14 0 0 5 23 1 0 
0 13 3 0 0 0 25 11 5 4 15 14 6 12 21 10 0 18 2 0 24 7 0 0 0 
0 0 0 0 11 21 0 0 0 0 0 5 7 0 0 19 0 0 0 12 0 0 2 22 0 
0 0 0 0 0 12 2 15 6 0 8 0 0 0 25 0 17 0 4 0 18 13 14 0 19 
3 0 1 0 0 20 13 0 16 6 25 17 9 19 14 23 0 24 5 0 0 18 0 0 11 
25 4 24 21 0 0 0 0 0 11 0 10 8 23 0 0 12 20 9 0 0 15 16 0 17 
20 0 7 0 9 23 0 8 22 0 2 16 11 0 0 0 15 0 0 0 1 6 4 5 0 
0 0 0 0 0 0 18 4 21 15 0 0 20 6 0 16 0 0 7 11 0 0 0 25 22 
14 0 0 13 6 0 0 0 25 2 0 1 0 0 0 0 0 0 8 19 23 9 12 3 20 
4 9 13 0 0 0 6 12 0 3 11 0 0 22 0 0 0 0 0 0 5 19 18 0 0 
0 0 22 0 12 13 8 1 0 0 10 0 0 15 5 0 0 4 19 23 0 0 0 0 14 
17 21 19 25 1 10 4 22 9 0 6 0 0 0 12 0 0 5 11 14 7 0 8 23 13 
24 0 0 15 0 2 0 0 23 0 13 0 0 18 9 17 3 0 10 16 4 21 6 12 1 
6 0 14 20 16 0 0 0 7 0 1 4 17 8 0 12 0 13 18 0 15 0 0 11 3 
8 0 0 4 18 11 0 0 0 0 19 2 0 14 7 9 21 3 24 0 0 10 0 0 12 
13 0 20 2 15 3 17 21 0 19 0 0 0 16 0 0 0 7 22 0 0 8 11 0 0 
9 22 12 7 3 6 15 18 10 0 17 11 25 5 4 0 16 0 23 13 19 1 0 0 0 
11 0 21 0 14 0 0 9 0 25 0 0 0 20 15 0 0 0 17 2 0 23 22 16 0 
19 24 16 0 17 0 0 2 20 23 21 0 18 13 8 0 0 10 0 0 0 25 5 0 0 
