2 4 0 0 0 0 0 0 12 1 7 5 14 10 0 0 
0 6 3 7 0 0 0 16 15 9 10 11 2 0 0 0 
0 1 0 9 0 0 4 2 8 13 14 16 0 0 6 0 
0 16 0 5 11 0 7 13 4 3 2 0 1 8 0 9 
16 10 12 0 0 0 0 0 14 0 0 13 0 0 0 6 
0 0 0 8 0 0 0 4 0 7 0 0 16 5 0 13 
0 0 11 15 2 0 10 0 1 6 0 3 0 0 0 0 
0 0 6 0 12 0 14 8 9 5 0 15 4 3 0 1 
0 0 0 0 0 2 15 1 0 8 0 0 10 0 0 7 
10 0 0 0 0 14 0 12 3 0 0 0 0 0 1 5 
0 0 16 0 9 7 11 3 0 10 13 14 0 0 0 0 
0 0 0 11 10 0 8 0 0 0 6 0 0 14 15 0 
0 0 15 0 0 0 0 14 0 0 0 0 13 0 2 0 
5 12 2 0 13 0 0 0 16 0 1 0 7 6 4 14 
0 0 1 3 0 6 16 15 10 0 0 2 5 11 9 12 
6 11 0 0 7 0 2 0 0 0 5 0 8 15 3 16 
