0 0 23 12 0 19 0 0 0 0 7 21 10 24 0 3 6 8 0 0 0 1 9 0 0 
8 0 21 14 0 24 11 17 0 9 5 0 0 0 16 0 0 7 12 19 3 10 4 0 13 
20 0 0 4 17 23 12 21 0 6 8 0 18 9 0 0 0 24 10 0 0 25 2 7 5 
0 5 7 10 24 8 0 2 15 0 1 0 6 0 11 0 21 9 0 25 0 0 0 20 0 
1 3 9 0 11 0 7 14 0 18 0 22 12 20 13 2 5 0 17 0 23 0 0 21 0 
0 8 0 18 13 0 5 0 0 0 0 6 24 3 9 0 23 21 25 20 0 0 0 0 0 
25 22 2 3 10 0 9 6 4 15 17 0 0 1 0 8 14 5 13 16 20 0 24 19 18 
0 6 0 0 12 20 8 7 0 0 0 0 0 18 0 17 0 15 0 0 13 0 0 16 3 
0 20 24 17 21 0 0 25 23 22 15 0 19 0 14 6 7 11 0 12 2 5 0 0 0 
23 16 19 0 7 10 0 1 0 13 0 0 0 21 8 0 0 0 22 24 9 15 0 0 17 
0 7 20 23 0 12 10 0 0 24 9 19 4 0 15 0 0 0 5 0 14 0 0 22 6 
2 0 0 11 4 0 0 0 9 0 0 13 8 5 10 25 0 0 16 17 0 0 0 0 0 
0 0 22 21 0 0 0 0 0 1 12 0 0 7 23 9 4 0 20 6 17 0 0 0 10 
6 0 0 19 0 0 25 0 5 4 22 0 0 0 0 11 0 13 0 0 0 2 18 3 0 
9 0 0 13 15 22 17 8 0 19 2 11 16 6 21 24 0 10 0 3 1 0 20 5 4 
0 0 0 0 0 15 19 0 17 14 18 8 0 16 20 0 10 0 24 23 25 22 0 0 0 
21 0 17 0 19 16 0 3 20 8 24 23 7 0 0 12 25 14 0 9 0 13 6 10 11 
10 0 18 25 23 4 0 0 7 0 13 0 0 0 17 16 11 6 0 0 15 0 3 24 2 
0 9 0 0 0 0 0 24 25 11 4 10 15 22 6 0 0 20 21 18 16 0 7 0 0 
0 0 16 0 0 5 0 0 0 10 0 0 3 0 0 0 0 2 0 0 0 9 17 0 19 
0 0 0 7 22 9 4 12 13 23 6 2 1 0 0 0 24 25 0 21 0 14 19 11 0 
0 18 12 0 0 14 16 0 8 0 0 0 0 0 22 0 19 23 0 10 6 17 1 0 25 
0 0 0 20 14 6 22 0 21 2 0 0 0 10 0 5 0 0 0 11 0 18 0 13 7 
11 23 0 0 0 1 0 10 0 25 0 7 13 12 0 14 22 0 6 0 4 0 0 0 16 
13 21 0 0 8 7 0 11 0 0 0 9 0 0 0 0 20 0 2 0 0 0 0 15 0 
