6 18 0 0 0 0 0 8 19 0 0 0 0 0 25 14 0 0 0 0 11 5 0 17 0 
0 0 19 7 22 3 0 1 5 0 0 0 0 0 18 0 11 0 17 0 2 24 20 0 25 
0 16 10 13 14 0 12 2 7 0 0 0 0 22 11 0 0 21 0 0 0 0 0 0 1 
0 17 11 0 8 0 21 24 0 9 23 4 0 12 2 5 3 0 0 18 22 0 0 0 0 
0 0 0 3 0 0 6 0 11 0 5 16 7 20 21 1 2 19 0 9 10 0 15 0 14 
8 6 0 17 18 1 0 21 3 5 0 0 22 0 0 10 13 0 0 0 16 19 9 0 0 
0 25 13 0 5 19 0 15 0 23 20 12 0 18 3 0 0 0 14 17 0 0 24 0 22 
0 0 1 0 0 14 18 25 2 12 0 0 24 21 17 8 6 9 23 0 0 0 0 10 0 
24 12 9 14 10 0 0 16 0 11 8 19 15 0 4 22 0 7 0 0 0 25 0 0 3 
7 2 23 21 3 0 24 20 0 0 0 0 10 13 1 11 5 0 0 0 18 12 0 0 15 
11 0 0 0 0 0 2 17 0 0 21 0 4 7 15 0 0 22 19 0 12 3 10 13 5 
0 20 0 0 25 16 0 18 0 21 12 13 0 0 0 3 4 10 2 0 14 11 22 0 0 
10 0 2 12 23 0 0 0 4 13 18 11 3 0 0 0 1 17 16 0 0 7 8 0 21 
3 0 14 0 0 22 10 12 1 0 6 0 0 0 8 0 0 11 0 21 23 0 0 24 18 
13 0 7 0 21 11 0 0 25 0 0 0 0 19 10 18 12 23 20 0 1 0 0 0 4 
12 0 0 23 4 8 25 0 22 0 14 0 0 0 0 0 0 0 0 0 19 0 13 3 0 
0 0 0 0 0 15 11 4 24 0 3 0 5 0 0 23 0 14 22 0 7 8 12 1 6 
18 0 0 10 11 7 0 13 0 20 0 0 6 0 23 0 0 12 0 0 0 0 0 22 24 
17 14 0 6 7 0 1 23 0 0 0 22 18 15 13 4 24 20 0 5 0 0 0 25 0 
0 13 22 0 15 2 3 0 0 17 7 21 0 4 0 25 0 6 0 0 20 18 23 5 10 
14 7 0 0 0 25 16 11 0 0 1 0 20 3 6 2 0 4 24 22 13 0 5 12 0 
0 3 0 24 13 21 0 10 15 8 4 18 0 9 0 0 0 1 0 16 0 22 19 0 20 
0 10 18 22 1 4 0 0 17 0 0 7 25 5 16 0 9 8 12 20 24 0 14 2 11 
19 8 0 20 0 0 5 9 12 0 10 0 0 11 0 7 14 0 13 0 17 0 0 6 16 
16 11 6 25 0 0 22 0 0 0 0 24 0 8 19 0 18 0 0 23 3 0 0 4 9 
