16 8 11 4 0 6 2 3 13 1 0 15 0 0 0 0 
15 9 0 0 4 0 12 16 0 6 0 14 13 1 2 11 
0 0 10 5 0 0 1 15 0 16 0 0 0 0 0 4 
2 13 0 6 0 9 10 5 0 11 0 0 0 16 0 12 
9 10 14 8 0 7 4 1 12 2 0 5 0 11 0 0 
0 0 0 13 8 0 5 10 6 0 1 11 7 0 0 0 
12 0 0 15 9 0 3 11 0 4 7 10 8 0 0 0 
0 0 0 7 15 0 0 14 0 0 0 13 0 0 0 0 
0 6 12 10 1 15 0 0 8 0 11 9 0 3 5 7 
0 0 0 0 0 0 8 12 0 0 0 0 0 4 0 14 
1 0 0 9 0 0 7 2 15 0 0 0 0 0 0 0 
0 3 16 0 0 14 0 9 0 0 13 0 0 0 10 8 
10 7 0 12 3 0 0 6 5 13 0 0 0 0 0 2 
0 0 0 0 0 0 15 8 0 7 3 0 14 0 0 1 
0 2 3 1 0 0 14 4 0 0 0 0 0 7 12 6 
8 11 9 0 12 0 0 7 0 0 6 2 4 0 15 0 
