0 0 0 15 0 0 0 11 8 13 1 0 0 12 0 2 
13 0 0 0 4 14 0 3 0 0 16 7 10 0 0 0 
4 12 0 6 7 0 2 0 0 9 0 10 8 0 1 0 
0 0 16 0 10 8 1 12 0 14 0 6 0 4 0 15 
1 0 12 3 0 0 0 0 14 16 7 9 0 10 13 8 
0 15 0 0 0 0 16 4 13 12 6 0 14 0 0 3 
11 14 0 16 12 0 13 0 0 0 3 8 7 2 4 0 
7 0 0 0 0 0 0 0 0 1 4 11 0 0 16 12 
12 2 0 0 11 0 0 0 0 0 0 0 1 0 5 0 
3 0 0 0 9 1 7 0 0 5 0 0 0 14 2 0 
0 0 11 5 0 0 14 6 0 0 0 3 0 0 15 0 
8 1 0 10 16 0 4 0 0 0 11 14 12 0 0 13 
6 11 1 0 0 2 5 16 7 0 0 0 0 13 0 0 
15 16 0 0 13 11 0 0 0 6 12 0 0 9 14 0 
0 13 0 0 3 0 0 9 11 0 0 1 0 16 12 0 
14 10 9 0 1 4 12 7 0 3 0 0 0 15 0 11 
