0 16 5 8 3 12 0 0 0 10 0 0 0 0 1 11 
7 0 14 2 1 10 0 15 0 3 8 0 9 0 5 6 
0 0 0 3 5 11 0 0 0 0 15 0 0 0 0 0 
0 0 4 1 0 0 0 0 0 0 14 9 0 3 12 0 
3 2 9 0 4 13 0 10 0 0 12 6 0 0 0 15 
1 10 0 0 6 2 0 0 0 8 13 0 0 0 14 0 
0 0 0 11 0 0 0 16 0 15 3 4 5 0 6 0 
0 0 0 6 14 5 0 1 0 2 16 0 4 0 3 13 
0 0 1 16 15 0 0 0 0 0 9 2 0 6 0 0 
0 0 3 0 7 0 1 0 0 0 11 8 0 0 0 0 
0 14 0 0 9 3 0 0 12 5 0 15 13 16 11 8 
0 9 13 0 0 0 0 11 16 0 10 3 0 14 0 0 
0 7 15 0 0 0 0 0 0 12 0 11 0 5 13 0 
4 0 0 9 0 15 8 12 3 0 0 7 2 1 10 0 
16 3 12 10 13 6 0 0 0 0 0 1 8 0 7 4 
8 1 0 0 0 4 0 7 0 16 5 14 6 9 15 12 
