4 23 9 0 3 19 0 13 0 0 0 16 0 1 10 11 17 25 0 6 0 0 0 8 24 
15 10 7 12 21 0 0 9 24 0 0 0 8 0 25 13 0 14 0 23 11 16 3 2 0 
14 0 0 0 11 25 12 1 0 3 9 24 0 23 7 22 2 0 21 0 0 17 10 0 0 
0 0 8 25 0 0 21 0 2 15 0 0 17 0 13 0 10 7 0 0 0 12 0 0 0 
0 0 0 0 0 11 0 0 0 0 0 12 20 21 2 0 24 3 18 0 0 0 23 0 0 
16 0 15 0 0 0 0 12 20 0 6 19 10 0 17 0 0 0 0 0 14 23 25 22 18 
21 0 10 3 12 22 18 4 0 25 11 7 0 0 0 0 0 0 6 2 15 1 0 20 0 
0 19 20 5 18 0 15 10 0 16 0 21 3 0 0 0 0 11 24 0 2 0 6 4 0 
0 0 22 0 0 6 9 11 21 7 2 0 24 15 0 3 16 20 4 0 0 5 0 10 17 
0 0 0 0 25 0 13 19 17 0 1 0 9 14 4 0 23 0 0 0 3 0 11 12 16 
11 0 0 15 17 21 0 6 0 18 25 0 0 7 9 20 0 0 0 1 4 0 8 0 10 
9 6 19 7 14 0 0 3 25 0 20 17 12 24 8 0 15 0 0 10 1 0 0 23 0 
20 0 25 22 10 0 0 0 0 0 0 13 2 11 19 0 0 4 17 3 0 15 7 16 0 
0 1 24 0 0 0 0 23 12 0 21 4 0 10 3 0 11 6 0 25 9 19 22 0 20 
0 4 23 18 13 0 2 0 0 19 15 1 22 0 0 21 8 0 5 0 24 0 14 17 11 
25 9 0 10 22 24 0 21 7 11 17 15 6 12 14 0 3 16 20 0 23 13 2 0 19 
12 0 0 0 7 0 4 15 0 0 8 0 0 19 0 0 0 0 0 17 0 3 16 25 0 
0 0 3 13 8 12 0 0 19 20 0 0 0 18 11 25 14 0 0 4 5 0 0 21 15 
19 0 0 1 16 8 14 5 0 6 3 0 0 25 20 0 0 15 23 0 0 4 17 24 12 
18 15 0 0 6 10 0 0 3 0 22 5 0 0 21 12 0 0 2 24 8 0 20 9 0 
0 14 0 21 15 18 0 0 5 0 0 3 19 17 0 0 1 2 25 11 20 24 4 0 23 
7 12 0 0 0 0 23 0 0 0 0 0 11 16 0 0 20 21 14 0 18 22 0 5 3 
8 3 0 0 0 0 0 0 0 21 0 0 0 0 0 17 12 5 0 15 7 0 13 0 25 
0 0 17 11 9 0 0 24 15 13 0 22 0 20 0 0 0 18 0 0 16 0 0 1 2 
0 0 0 23 19 14 0 7 0 0 0 0 0 0 5 10 9 0 3 13 0 0 0 0 21 
