0 14 9 0 0 0 0 16 0 3 15 2 0 4 0 0 
7 0 16 0 0 15 0 14 0 0 0 0 11 5 0 0 
8 4 0 3 2 0 6 0 0 0 7 13 9 0 12 15 
0 11 0 6 0 0 0 12 0 5 14 8 0 16 3 0 
0 7 2 14 0 0 9 0 16 8 10 5 0 0 13 0 
0 16 0 5 0 7 0 0 13 12 0 14 1 15 2 4 
11 0 13 0 0 0 0 6 0 1 0 0 0 0 0 0 
0 8 10 0 0 0 3 0 4 0 11 6 0 9 7 5 
15 9 0 8 6 0 14 0 7 0 0 0 0 13 0 0 
0 0 0 10 0 12 0 0 0 0 1 0 16 0 6 0 
0 0 1 0 0 0 0 5 14 0 13 0 0 0 15 9 
0 0 14 13 15 8 16 0 5 10 6 0 3 0 0 0 
0 0 0 0 0 16 0 3 6 0 12 4 15 0 11 13 
0 3 4 0 12 0 13 0 0 0 2 1 10 7 0 0 
13 0 12 0 0 6 1 4 9 11 5 0 2 0 0 8 
14 1 0 16 11 0 15 0 0 0 8 10 5 6 4 0 
