9 10 0 18 22 4 0 0 25 24 0 20 0 12 0 14 15 21 2 13 19 0 16 8 3 
6 0 19 0 0 8 0 0 21 15 11 0 23 0 22 0 0 0 20 10 0 0 9 0 24 
0 13 17 0 16 12 22 20 6 7 3 9 8 0 21 24 11 0 0 0 0 14 0 5 0 
0 12 21 20 8 1 0 0 23 9 0 10 15 0 14 17 16 0 0 0 2 0 11 0 13 
15 14 11 3 0 0 2 19 10 0 13 0 5 24 0 0 0 0 0 8 0 20 0 0 0 
0 11 0 23 10 0 0 21 22 0 6 13 9 8 12 15 7 0 0 18 24 2 0 17 5 
0 22 5 4 9 6 7 0 0 0 15 21 18 3 10 12 0 0 11 2 0 16 19 25 23 
0 21 0 2 0 20 0 0 17 19 0 24 0 0 0 0 9 0 0 1 0 0 0 0 0 
7 17 18 0 19 0 0 23 13 11 0 4 25 14 1 0 0 5 0 0 0 6 12 3 0 
14 3 0 12 1 0 0 15 0 5 16 19 2 0 11 0 25 10 6 24 22 21 0 13 20 
3 0 0 19 21 15 9 0 0 18 7 0 0 11 0 0 10 0 0 23 17 5 13 14 0 
17 0 0 8 0 0 23 0 0 0 10 5 0 21 25 16 13 20 9 6 4 11 0 0 19 
0 0 24 0 0 0 11 25 0 0 12 22 0 20 2 1 18 0 0 0 0 9 10 15 0 
11 0 20 9 0 0 0 0 0 0 19 23 0 15 0 0 0 24 0 4 0 0 22 2 0 
0 0 14 6 0 7 0 0 2 0 9 18 0 4 0 11 19 0 3 22 0 23 0 24 0 
0 24 15 10 17 23 0 22 18 0 25 0 0 13 16 0 0 0 1 0 6 0 5 0 0 
1 0 7 11 23 5 0 14 8 0 2 12 20 10 0 0 4 16 13 15 0 0 0 0 25 
22 0 0 14 0 3 6 0 0 0 8 1 11 5 4 0 21 7 24 20 12 10 0 0 2 
8 0 0 25 3 0 1 10 0 0 0 0 0 22 0 0 0 0 18 11 15 13 0 20 0 
12 6 2 13 0 0 19 7 11 0 18 0 24 23 0 0 22 3 10 17 0 0 0 0 0 
0 0 1 17 0 0 0 2 0 25 22 8 0 0 3 0 0 6 0 7 16 15 14 19 18 
0 0 0 0 0 17 13 6 0 0 14 0 0 18 0 0 1 8 25 12 0 0 0 23 0 
18 7 9 22 12 24 21 0 0 14 23 2 13 6 0 20 0 0 0 0 0 0 0 0 10 
0 8 0 0 0 0 15 9 12 23 17 7 10 25 0 0 2 0 22 0 0 0 6 0 1 
2 0 0 0 0 0 18 3 7 22 24 0 0 1 5 0 0 23 0 0 0 0 20 12 0 
