18 0 10 0 0 12 2 0 7 22 0 4 0 14 0 3 0 24 8 16 20 0 5 13 6 
19 0 0 14 0 0 0 0 13 0 17 0 22 7 0 18 0 21 0 0 3 12 11 2 0 
0 24 12 2 0 0 0 17 0 19 0 0 3 6 0 0 0 23 0 22 7 10 8 1 9 
16 0 3 0 20 0 0 0 1 18 5 9 25 12 0 13 7 0 0 14 23 0 0 22 0 
0 0 7 0 0 9 21 5 24 0 10 0 0 0 0 0 11 0 6 2 17 15 14 0 18 
13 10 0 9 0 0 0 1 0 14 0 15 4 0 0 25 22 0 0 0 0 0 20 12 0 
17 0 8 0 0 13 0 2 10 9 0 14 18 0 0 15 19 0 1 0 6 16 3 0 0 
0 15 1 23 3 17 7 0 0 0 0 2 11 0 8 20 18 0 4 0 19 21 9 5 10 
21 0 5 22 2 0 0 0 3 23 0 16 1 0 0 0 0 7 17 0 14 18 4 0 13 
14 0 0 0 0 20 4 8 25 5 0 3 10 13 0 16 0 2 0 11 0 0 0 23 15 
15 0 17 12 21 0 0 24 19 0 22 0 0 1 0 23 8 11 0 3 2 0 10 9 0 
22 16 9 0 0 2 0 20 0 0 0 7 12 0 11 0 13 1 19 0 18 0 0 21 17 
0 0 0 10 0 0 0 0 0 0 0 0 0 0 5 12 0 9 0 25 11 0 7 0 22 
8 14 0 0 23 0 22 7 0 0 0 17 9 0 0 0 2 0 5 10 13 0 0 15 12 
0 13 2 0 0 0 3 9 0 0 25 21 8 15 0 22 4 18 0 0 5 24 0 0 23 
0 23 6 15 12 0 0 0 18 4 0 5 24 0 1 0 25 0 2 19 0 8 21 3 20 
0 0 0 13 25 1 0 10 0 15 0 19 0 0 0 8 3 20 24 5 12 7 17 0 0 
0 0 0 3 7 0 17 0 2 24 15 12 6 0 0 21 0 4 0 0 0 11 13 18 25 
24 21 4 16 8 0 23 12 0 13 0 0 2 17 7 10 14 0 11 0 9 1 15 19 5 
1 0 0 17 10 0 0 16 20 8 9 11 0 4 0 6 0 0 13 7 24 0 23 14 2 
6 3 0 0 0 10 0 0 4 0 0 0 15 19 0 0 0 0 14 12 22 0 0 0 0 
0 0 22 4 0 0 0 18 17 0 6 13 7 0 0 0 5 19 0 0 21 0 12 20 8 
5 0 0 25 0 0 0 3 9 11 0 0 0 21 0 2 15 10 18 23 0 14 6 7 19 
11 2 20 0 17 0 14 0 0 12 4 0 5 16 23 7 0 25 3 9 15 0 18 0 0 
12 0 0 0 0 24 13 0 0 0 0 0 14 11 18 4 0 8 0 20 0 0 0 17 0 
