2 3 0 16 25 6 4 12 11 0 13 0 0 0 24 0 14 18 0 10 21 23 5 15 8 
4 24 23 9 14 21 1 0 15 0 0 5 0 11 2 3 7 0 0 0 0 0 0 0 0 
0 18 22 6 0 7 0 0 14 0 0 8 0 0 3 25 16 0 4 13 19 17 11 20 9 
0 0 7 13 0 5 3 0 0 18 10 0 20 16 0 0 0 0 2 1 24 14 0 0 0 
5 17 0 20 19 13 0 0 10 0 6 18 14 12 0 11 15 8 24 9 2 0 4 7 0 
0 0 25 0 8 0 0 0 0 1 4 0 0 24 11 21 0 9 0 17 12 6 15 0 0 
17 0 5 4 13 0 0 2 16 0 0 0 18 0 1 12 0 0 7 3 0 0 21 11 0 
12 0 6 0 15 25 24 10 0 0 0 0 23 5 0 0 2 1 11 4 3 0 13 0 7 
0 0 2 11 20 0 0 22 0 0 0 15 0 21 0 0 18 13 23 5 0 0 17 4 0 
21 0 0 0 0 0 5 0 17 0 9 0 0 0 8 15 0 0 10 0 22 0 0 0 0 
0 0 8 24 17 3 16 0 0 22 0 11 2 0 18 7 21 23 0 6 0 12 0 13 15 
3 0 13 0 23 1 0 0 25 0 0 9 24 0 21 18 0 20 15 12 0 11 0 0 19 
0 11 9 0 0 10 13 7 20 12 3 17 0 25 5 0 1 0 14 8 23 21 18 6 4 
0 2 4 0 7 0 8 17 0 11 15 0 13 23 14 0 5 16 0 22 0 0 0 0 1 
0 0 0 0 21 0 9 15 24 23 16 0 6 7 0 0 0 17 13 11 0 22 0 0 25 
0 21 0 0 2 0 10 13 6 15 24 0 0 0 0 14 0 0 1 16 0 18 0 8 5 
0 0 0 0 4 0 0 0 12 5 0 22 7 8 15 0 0 0 0 24 9 13 0 14 21 
13 6 14 18 3 0 21 0 23 16 5 0 25 0 0 20 0 0 8 0 0 0 0 0 0 
9 5 19 8 24 0 0 4 22 7 18 6 3 14 16 0 0 10 0 0 0 20 0 0 23 
0 0 17 0 22 0 0 1 0 3 12 0 21 2 0 5 9 7 0 0 0 16 19 10 0 
0 7 15 17 0 0 11 0 9 8 0 0 0 3 0 2 0 0 16 0 0 0 23 0 0 
8 12 24 0 0 0 0 6 0 13 14 0 5 22 0 9 4 0 0 20 0 0 25 0 11 
0 4 0 2 0 16 19 25 5 14 0 0 0 17 0 10 13 0 0 0 0 7 0 0 0 
0 0 3 0 0 20 17 0 2 10 11 0 15 0 6 0 25 12 0 0 13 4 14 0 0 
14 13 16 25 5 22 0 3 0 4 2 23 0 10 0 1 24 11 6 18 0 9 0 21 17 
