0 2 8 19 0 0 0 5 0 22 10 6 9 0 15 3 0 0 0 0 0 21 13 12 18 
12 10 3 13 0 1 14 4 15 8 0 0 0 19 22 0 18 6 0 7 5 23 0 0 0 
0 0 6 0 20 0 24 2 19 13 5 7 0 1 0 0 0 0 23 0 11 22 0 25 15 
0 0 0 0 0 10 11 0 21 6 0 13 24 23 0 17 0 0 22 0 4 8 19 7 3 
11 22 0 0 24 23 7 0 0 0 0 0 25 12 21 0 0 0 5 15 0 14 0 6 9 
0 4 24 11 12 0 21 22 0 23 14 0 0 0 0 0 5 0 13 0 7 9 3 2 0 
0 0 18 0 17 6 3 14 20 15 23 0 2 0 0 1 9 4 21 16 13 0 0 11 12 
0 13 2 0 3 4 17 9 0 5 12 21 0 16 11 0 0 22 7 0 0 0 23 20 19 
0 16 10 8 0 0 0 0 18 0 0 0 0 5 19 0 0 0 14 0 6 0 4 21 22 
6 21 9 0 0 19 13 16 2 10 24 0 0 0 0 12 0 11 0 25 14 0 15 5 0 
10 0 14 22 19 12 0 7 0 1 2 0 0 0 13 0 0 16 0 0 18 0 25 15 0 
17 23 0 0 25 13 4 0 9 19 0 0 7 18 20 14 0 12 15 3 2 5 0 8 0 
8 0 5 15 0 2 0 0 0 0 0 12 23 0 0 0 0 0 19 0 9 20 14 0 7 
2 0 0 0 0 3 0 8 25 0 0 15 1 0 0 5 0 0 11 24 16 17 22 0 0 
4 20 21 0 16 5 15 0 22 11 0 0 19 0 0 7 0 18 2 0 1 3 0 0 0 
5 19 12 6 0 21 0 20 11 16 0 2 0 0 14 0 0 1 3 4 23 0 0 17 24 
0 0 0 0 11 0 0 0 0 3 0 20 22 4 0 8 7 0 0 17 0 0 0 0 5 
0 24 1 4 14 0 23 0 0 17 16 0 0 0 5 11 0 2 10 9 20 13 18 0 8 
0 0 22 17 0 0 1 10 6 0 0 18 11 9 3 0 12 0 0 23 0 0 21 0 0 
0 0 13 10 0 8 0 0 14 0 0 23 0 0 17 19 0 15 16 22 3 4 0 0 0 
18 9 19 2 4 0 6 13 5 0 21 0 0 3 16 15 11 0 0 0 25 0 0 0 0 
13 14 16 25 0 17 10 18 0 0 0 0 15 0 0 23 0 19 6 1 21 0 8 0 20 
0 0 20 21 10 0 0 0 7 25 8 1 0 0 23 22 0 0 0 2 15 0 5 0 4 
7 11 0 0 6 15 8 24 1 0 0 0 0 20 0 16 14 25 4 21 22 0 17 0 0 
0 15 0 1 0 16 2 23 3 21 11 0 0 0 25 20 13 0 0 0 24 0 0 0 0 
