16 2 25 12 21 15 0 0 0 0 0 1 18 17 0 24 0 0 0 0 5 6 19 11 4 
11 13 3 0 0 0 0 14 21 0 0 5 0 0 4 0 19 0 6 0 0 0 0 23 24 
7 18 6 24 22 0 2 0 3 4 14 9 13 8 0 21 0 10 23 0 25 17 16 0 0 
0 0 0 19 15 0 16 13 10 6 0 25 0 0 0 0 0 0 0 5 0 12 21 9 0 
5 0 9 0 0 24 8 0 0 0 11 21 20 0 6 0 7 2 0 25 0 3 1 0 10 
0 0 2 7 0 16 20 8 0 19 0 0 0 0 0 1 0 0 22 3 15 9 0 10 11 
0 0 0 6 1 18 12 0 13 0 0 0 9 0 8 0 24 15 4 2 7 25 0 0 0 
0 3 17 25 20 7 0 9 0 11 0 0 16 0 22 8 0 21 0 10 0 0 5 0 0 
0 0 0 0 11 25 5 0 15 10 0 19 0 24 7 9 20 13 0 0 6 0 0 0 0 
9 8 0 0 0 6 0 1 17 22 5 0 2 0 10 7 23 0 0 16 19 14 0 20 21 
4 15 11 5 0 22 7 0 8 14 0 17 10 0 18 20 21 19 13 0 24 0 0 3 23 
23 24 0 0 0 21 1 15 2 5 0 20 0 0 12 25 11 6 7 4 16 13 18 14 17 
17 0 0 21 12 19 0 6 9 0 0 3 25 23 11 10 0 1 16 14 0 5 20 8 0 
0 0 7 14 0 0 11 10 16 0 4 24 1 15 0 0 18 0 2 8 0 22 6 21 0 
0 0 0 1 0 0 0 0 0 17 0 0 21 14 0 0 0 5 0 24 0 0 15 19 0 
14 9 0 0 0 8 0 7 19 0 23 6 22 0 0 11 0 3 17 0 20 24 12 0 0 
2 0 24 0 0 13 22 20 11 25 7 0 17 10 0 19 1 0 0 6 21 0 0 16 0 
13 21 0 22 17 23 10 16 0 0 0 8 24 11 0 0 0 0 0 9 0 0 3 4 0 
0 23 0 11 10 3 17 4 5 0 0 0 19 0 0 13 16 22 25 0 0 8 0 0 6 
6 0 0 0 0 14 9 21 0 0 0 2 0 5 16 0 4 24 8 0 10 11 0 0 19 
0 0 0 17 0 0 0 0 0 0 0 22 7 0 21 12 8 0 24 13 0 19 0 18 1 
3 11 4 0 14 2 0 12 0 16 0 0 0 0 24 6 9 0 10 15 0 0 25 0 8 
0 0 0 0 24 10 0 17 20 8 0 16 4 0 0 5 0 0 1 0 0 23 0 6 0 
22 0 8 0 19 0 0 24 23 0 17 0 12 18 20 0 25 0 21 11 0 16 10 0 15 
0 12 0 0 0 5 15 0 14 7 8 0 11 0 0 0 0 0 0 0 13 21 4 24 22 
