0 0 0 8 0 0 9 0 3 15 6 16 0 0 0 12 
0 0 0 0 15 8 0 0 9 10 0 0 1 3 4 2 
16 4 3 0 12 0 0 6 0 0 2 0 0 14 10 9 
0 0 0 10 0 0 11 2 0 13 14 12 6 0 5 0 
0 3 0 0 13 4 0 5 0 0 0 14 10 9 0 11 
0 1 9 0 0 0 14 0 0 6 0 15 0 7 2 4 
0 8 4 0 16 0 0 1 5 2 9 10 0 0 3 0 
5 0 2 0 0 0 12 0 0 3 0 13 14 1 0 0 
0 0 8 0 5 6 0 7 0 0 13 1 0 2 0 0 
0 6 5 0 0 1 0 12 15 4 0 3 0 0 11 0 
0 0 11 15 14 13 0 0 2 16 12 0 3 0 6 1 
1 2 16 13 11 15 0 9 0 14 7 0 8 4 12 0 
0 0 0 0 0 0 5 0 0 9 10 0 11 0 0 7 
0 0 10 0 0 11 0 15 0 8 3 4 0 0 0 0 
0 0 6 0 0 0 8 13 0 12 15 0 0 10 1 0 
3 0 14 0 10 0 0 4 0 5 0 0 0 8 0 6 
