0 0 14 0 0 0 7 0 2 6 9 0 3 0 5 10 
6 0 0 4 0 0 0 16 5 0 0 0 0 11 9 8 
0 9 0 0 11 0 0 0 4 8 16 0 0 0 0 1 
5 8 3 11 4 9 0 0 12 1 10 0 7 0 14 0 
11 0 0 0 0 0 9 0 0 4 1 0 0 0 0 0 
0 0 6 1 5 0 8 0 7 16 0 2 0 13 11 9 
0 5 16 0 0 15 13 0 14 11 12 0 0 1 0 3 
7 0 0 8 10 1 2 0 0 0 5 0 14 0 4 0 
0 0 0 6 0 0 0 0 8 5 0 0 9 2 0 12 
14 16 0 0 9 5 4 0 0 12 13 0 0 0 0 6 
9 0 0 13 12 0 15 6 0 2 4 16 8 0 0 11 
15 0 2 0 1 3 0 0 0 10 14 9 0 0 0 7 
0 14 11 5 0 0 12 0 0 7 0 0 0 0 1 13 
13 6 0 0 0 0 11 7 0 14 8 1 12 10 0 5 
12 0 4 3 16 6 0 9 0 13 2 0 11 0 0 0 
0 15 0 0 0 0 0 0 16 9 11 12 0 0 0 0 
