14 0 0 6 0 8 1 0 5 0 0 0 15 11 0 16 
0 0 0 11 12 5 10 14 15 0 0 6 0 13 7 0 
15 4 5 0 0 6 16 0 0 8 0 1 0 0 9 12 
7 1 16 0 11 0 15 2 0 3 0 0 0 5 6 0 
8 0 4 1 0 11 9 0 0 13 7 2 0 10 0 0 
0 0 0 2 4 0 0 0 0 10 14 9 11 7 1 0 
10 0 0 15 0 16 13 1 0 0 11 0 9 8 3 0 
0 12 7 0 8 0 0 0 0 0 1 0 13 0 16 4 
3 0 0 0 10 0 0 5 14 0 9 16 2 0 0 0 
0 0 0 8 2 1 7 16 0 0 4 10 0 0 0 0 
0 0 0 14 6 0 3 0 1 0 0 0 16 12 0 11 
0 16 2 0 14 0 11 9 0 0 3 13 0 0 8 0 
0 10 0 0 15 7 0 11 9 0 0 4 0 14 0 13 
6 9 13 0 1 0 0 0 2 14 15 11 10 0 0 7 
0 0 0 0 0 10 0 0 0 0 0 3 0 4 0 15 
4 0 15 7 0 0 6 12 0 0 13 0 0 0 0 9 
