12 17 0 7 0 19 0 8 23 1 0 3 20 10 2 0 0 0 0 25 0 0 6 0 0 
25 0 16 0 0 6 17 0 0 0 0 19 0 22 7 0 0 10 23 4 0 0 13 2 8 
0 10 21 19 0 0 0 0 24 0 5 0 0 0 0 0 20 11 0 13 3 7 9 16 15 
2 9 0 0 18 0 10 0 7 11 0 0 0 13 0 19 0 16 0 15 22 1 0 0 25 
0 4 0 1 22 2 18 13 3 25 0 0 0 0 0 7 0 21 0 0 0 19 20 0 10 
0 19 0 0 0 7 20 1 6 0 18 0 0 16 0 0 0 0 0 10 15 0 12 0 24 
9 0 22 0 0 3 19 0 0 13 1 21 14 24 11 4 15 0 16 0 2 20 5 0 18 
0 24 8 0 0 0 0 21 0 0 0 20 0 0 3 18 23 25 0 0 16 0 0 10 14 
0 16 0 0 0 11 4 0 17 0 19 0 0 0 0 0 24 20 0 0 1 0 0 3 0 
7 18 0 2 0 16 0 0 0 10 0 0 9 0 25 3 1 14 0 0 21 22 19 13 0 
8 2 17 0 25 0 12 0 4 0 22 0 21 11 0 5 19 9 0 0 0 13 23 20 7 
0 21 3 22 10 24 0 0 25 0 0 0 13 0 20 0 16 0 2 11 0 15 0 18 12 
23 0 0 4 9 0 11 0 8 22 15 7 10 0 6 13 0 3 0 1 0 0 0 25 0 
0 7 15 0 0 13 0 0 0 2 3 25 23 8 0 21 0 0 4 0 0 0 0 0 1 
0 1 18 11 0 21 15 9 0 23 14 16 19 0 5 0 17 0 0 7 6 0 0 0 0 
20 5 0 21 24 12 0 22 0 15 7 0 0 3 13 14 0 0 10 9 18 0 2 11 6 
18 0 9 23 16 8 24 3 0 0 0 0 0 6 0 0 0 1 22 0 4 0 0 0 20 
10 0 0 15 7 5 14 2 21 0 9 23 0 19 12 0 13 0 20 8 17 24 1 22 0 
0 8 0 17 2 0 25 0 11 7 4 0 0 20 24 0 12 18 0 3 5 10 16 14 0 
0 0 1 13 0 10 0 20 0 0 16 0 2 17 0 11 0 15 5 0 8 12 25 9 0 
3 0 20 0 17 23 2 11 14 24 25 10 8 0 0 12 6 0 0 21 7 0 22 15 16 
19 0 0 0 6 25 13 0 0 16 20 9 0 0 22 0 10 0 0 0 0 0 0 12 21 
11 22 0 9 4 0 21 12 0 0 0 13 0 15 1 0 25 24 7 16 20 0 14 0 2 
0 0 2 14 5 0 3 10 22 9 0 12 0 21 16 20 0 0 0 23 25 0 0 0 0 
0 25 24 0 0 0 7 0 0 0 0 11 0 18 17 0 8 4 0 22 13 5 10 1 23 
