0 6 13 1 14 7 2 11 0 0 8 0 0 0 0 0 
4 0 9 15 0 8 10 0 14 0 0 13 0 3 1 0 
12 0 0 3 0 9 0 0 7 0 0 10 13 0 2 0 
10 0 0 0 0 0 3 13 0 4 0 0 9 0 6 0 
15 0 0 0 0 13 0 12 0 14 5 0 0 11 9 7 
5 3 11 4 0 10 6 0 0 0 0 8 1 16 0 0 
0 12 0 0 9 0 0 0 16 0 13 7 10 6 0 0 
0 0 7 13 0 11 16 15 0 10 0 12 0 0 0 0 
0 0 15 6 0 0 8 0 12 3 7 0 14 0 10 0 
0 0 16 0 0 0 0 0 0 0 15 0 2 1 0 6 
0 2 0 0 0 3 13 10 0 0 0 0 11 15 0 0 
11 0 0 8 15 6 0 16 0 0 0 0 12 5 4 3 
2 0 12 9 10 0 11 6 15 0 0 14 3 8 13 0 
0 15 0 10 0 0 9 0 0 0 0 6 0 2 0 5 
6 0 3 11 13 0 0 7 0 2 0 9 15 0 16 0 
8 16 14 7 3 2 15 0 0 0 12 5 0 0 11 10 
