0 0 3 0 22 0 23 0 2 5 0 0 17 12 0 0 14 24 4 18 10 21 0 0 0 
0 0 0 10 19 8 6 18 0 12 21 0 9 15 0 0 20 0 5 16 3 7 13 22 14 
0 0 0 5 21 0 0 0 0 10 0 19 0 0 24 22 11 15 12 0 1 0 2 25 17 
0 23 0 13 12 22 0 15 11 0 10 2 16 0 14 3 0 19 0 17 5 0 0 0 0 
0 7 0 0 2 0 4 13 0 21 3 0 11 0 22 0 0 0 1 25 24 16 15 0 12 
16 3 8 19 25 0 1 0 22 18 9 0 0 0 0 0 12 10 11 0 21 0 0 0 13 
13 10 0 0 0 0 0 24 16 0 14 23 0 22 0 5 1 0 3 0 0 6 0 0 8 
0 0 5 1 0 0 0 0 0 0 24 8 0 0 0 14 0 7 0 22 16 2 0 19 25 
22 0 14 0 17 6 13 0 21 0 0 3 0 0 16 0 25 2 0 24 0 11 5 0 1 
6 0 0 0 0 0 0 0 0 25 0 17 1 21 13 0 15 4 0 0 20 0 10 14 22 
10 13 12 0 24 15 0 0 1 17 0 0 7 0 8 0 0 22 0 0 0 19 0 0 0 
14 0 17 0 8 9 16 25 6 0 19 0 0 23 0 24 7 0 0 0 18 13 0 21 0 
2 20 0 0 0 0 22 4 23 13 0 25 0 0 17 12 10 0 6 0 7 0 16 0 5 
7 25 0 0 5 10 0 8 18 0 0 0 0 0 0 16 2 1 0 15 17 0 23 0 24 
23 19 0 3 0 0 7 0 24 20 16 22 2 1 15 0 0 0 0 0 12 0 14 9 0 
0 14 9 12 20 3 18 22 5 19 0 0 0 8 23 7 0 21 2 10 0 0 24 0 11 
5 0 10 0 0 1 2 23 0 14 22 7 21 3 20 25 24 13 0 11 0 12 19 8 18 
0 8 0 2 0 0 0 11 0 0 12 14 24 16 0 0 23 0 15 0 22 1 0 10 21 
0 0 0 0 0 24 15 0 0 6 25 9 10 0 1 0 0 8 18 12 0 0 7 0 16 
24 4 25 0 0 21 0 0 0 8 0 11 13 5 0 1 22 20 14 0 0 15 9 3 23 
0 0 0 0 14 0 20 0 0 1 0 24 0 0 0 8 0 16 10 2 11 4 21 6 3 
0 5 13 0 0 2 19 6 14 16 0 0 0 0 3 15 18 0 22 9 0 24 0 0 10 
0 0 7 0 0 13 21 12 8 23 0 20 25 14 0 0 4 11 0 3 19 0 0 0 0 
3 2 21 8 0 4 0 9 15 0 0 0 22 0 0 20 0 0 23 0 14 17 0 13 7 
0 0 0 24 1 5 11 0 0 22 0 12 18 4 2 21 0 14 13 7 0 0 0 0 9 
