0 8 0 19 12 5 25 9 21 24 13 0 23 0 0 0 14 0 22 2 0 17 0 3 0 
23 25 1 0 0 0 0 0 7 0 0 4 0 0 20 0 0 0 6 10 15 0 18 24 0 
22 13 15 6 17 0 0 0 0 18 2 9 0 19 10 0 0 5 0 24 1 11 12 16 0 
0 5 0 14 0 13 0 16 2 11 0 22 24 0 6 0 18 0 12 8 9 25 23 0 4 
24 18 0 0 9 0 0 15 0 1 5 0 0 17 0 20 19 21 11 23 0 0 22 14 13 
0 0 0 20 13 0 5 0 0 8 0 6 9 25 16 0 0 19 0 11 14 0 7 0 0 
8 0 0 7 0 9 0 19 0 13 23 18 20 4 22 15 0 25 0 0 5 12 2 6 11 
0 22 0 4 15 2 0 0 10 3 0 8 19 5 14 0 0 0 0 9 16 0 21 23 0 
11 0 21 0 0 14 6 0 17 0 1 15 13 10 0 23 4 0 24 22 19 9 0 0 0 
25 9 19 10 2 4 16 18 0 0 21 3 0 0 0 5 20 6 8 0 0 0 15 1 17 
0 0 0 0 0 0 0 0 0 14 0 7 17 0 0 8 0 9 0 4 13 0 10 12 1 
0 0 0 0 22 0 1 13 0 7 6 10 5 0 0 0 21 0 0 12 23 15 20 9 0 
0 20 13 0 3 6 0 11 0 17 9 19 22 0 15 2 0 0 0 1 0 16 24 0 18 
16 0 24 9 7 8 15 21 0 0 0 0 4 23 0 0 0 0 0 0 0 14 3 0 0 
5 12 8 11 1 16 0 0 9 2 0 13 14 0 21 0 0 23 0 0 25 4 17 7 0 
13 0 9 16 0 0 8 0 0 0 22 0 15 0 23 0 10 11 17 0 3 0 14 20 12 
0 10 20 22 14 0 0 12 13 15 7 25 0 9 8 18 23 3 0 16 0 0 0 11 0 
19 15 0 5 25 11 0 14 0 16 0 0 0 21 4 12 0 0 0 20 6 0 0 13 22 
0 24 2 1 6 17 10 0 23 0 12 0 0 0 19 0 15 0 9 0 18 0 0 0 0 
12 0 11 8 18 0 9 0 22 0 24 14 0 0 0 21 5 0 0 0 0 23 0 10 15 
18 0 3 21 0 1 11 0 12 9 19 23 2 0 5 0 17 0 14 15 20 10 0 22 25 
6 2 5 0 23 25 0 0 14 10 0 0 1 15 17 22 0 18 0 0 0 0 0 21 0 
15 4 0 13 20 0 3 2 0 6 0 0 0 14 0 9 1 12 23 21 7 0 16 0 0 
14 0 22 0 0 0 18 0 16 0 0 20 0 0 9 0 0 0 0 6 0 2 0 0 23 
9 1 0 0 0 0 0 0 15 0 3 0 10 0 0 0 0 0 0 5 0 6 11 0 0 
