0 10 11 15 0 0 5 6 0 9 8 2 0 13 0 12 
2 0 1 14 16 0 7 11 13 4 15 0 6 5 3 8 
0 0 6 0 2 14 12 8 5 0 0 0 0 11 0 0 
3 0 8 0 1 0 0 0 14 11 6 0 9 2 0 7 
8 0 0 16 0 0 11 13 0 0 9 0 10 4 7 3 
0 0 0 0 8 0 2 0 10 0 0 0 0 0 0 0 
0 0 0 2 3 0 0 0 0 8 0 15 0 0 0 13 
0 3 13 0 0 6 16 1 0 14 7 4 0 12 2 9 
0 2 10 0 7 13 0 12 0 0 5 0 0 0 11 15 
9 0 15 0 6 2 8 14 0 0 10 0 0 0 0 0 
11 0 0 8 0 0 0 0 12 15 0 0 4 1 13 2 
5 0 0 0 0 16 0 0 9 0 1 0 0 8 0 6 
0 0 0 7 15 0 0 5 0 6 0 9 0 10 12 11 
12 5 0 0 0 11 0 16 0 10 4 0 0 15 0 1 
0 0 0 13 0 7 0 0 15 0 11 0 16 0 0 5 
10 15 9 0 12 8 14 0 1 0 16 0 0 0 0 0 
