0 22 0 0 0 4 0 25 12 0 0 0 0 8 21 14 5 15 0 6 0 19 20 9 24 
2 0 0 4 11 0 0 0 5 0 0 20 7 0 1 8 21 0 24 12 0 0 0 10 0 
12 0 9 21 19 0 0 10 13 20 11 5 0 0 0 0 1 23 7 25 17 0 0 0 0 
25 13 15 0 23 0 0 21 3 9 0 0 0 17 10 0 19 22 2 4 5 6 11 8 0 
0 5 24 0 0 22 0 7 17 0 13 0 0 6 0 0 0 20 0 11 23 21 0 14 12 
0 0 6 22 9 24 21 0 1 0 3 18 5 10 0 25 0 11 14 0 0 0 0 20 0 
23 0 11 19 10 6 22 20 25 18 21 0 0 12 0 1 8 5 16 0 13 14 3 0 0 
3 8 0 15 13 0 0 0 14 10 20 0 9 0 0 0 0 0 18 24 2 22 5 25 1 
0 0 0 0 0 0 0 16 15 11 0 0 6 19 13 22 0 4 0 0 7 0 10 0 8 
14 0 0 2 0 3 5 13 0 0 24 17 0 0 0 23 0 0 10 0 0 0 0 0 6 
4 0 22 0 8 0 10 0 0 17 0 25 0 0 23 7 9 24 12 14 21 0 19 0 15 
0 0 18 0 16 5 0 0 23 13 19 0 0 0 0 4 22 3 0 0 25 0 9 24 20 
5 0 1 25 0 19 4 0 0 24 8 0 20 13 0 10 2 21 0 0 0 0 17 0 14 
0 0 0 24 0 0 0 0 8 15 0 3 10 7 9 19 11 0 17 16 4 1 0 0 5 
6 19 13 0 15 21 7 3 9 12 0 4 24 0 0 20 18 0 5 0 0 8 23 2 22 
0 0 0 1 24 8 0 0 0 0 16 10 0 0 19 15 0 14 23 0 0 3 0 22 0 
0 3 0 6 0 0 9 14 10 0 1 24 17 0 0 0 0 0 8 0 20 12 7 15 13 
0 18 20 12 0 23 3 4 19 22 2 6 8 0 0 0 0 0 1 0 24 0 25 11 21 
0 0 2 0 22 0 0 0 0 0 0 9 13 0 11 24 25 0 0 3 19 5 1 0 0 
0 0 5 10 21 17 0 0 2 0 0 7 12 0 3 11 20 0 19 0 8 0 14 0 9 
19 10 8 0 1 0 6 0 0 0 12 0 14 0 0 17 0 0 0 21 0 23 0 5 11 
20 0 12 13 0 0 0 23 0 7 0 21 19 0 25 5 0 0 22 10 14 0 0 4 3 
0 0 7 9 0 13 0 19 0 14 0 11 23 4 0 12 0 0 0 20 0 0 21 1 2 
16 0 25 0 0 10 0 0 0 5 7 8 22 3 0 13 14 1 11 18 0 9 24 6 0 
0 17 3 14 0 0 0 8 21 0 0 13 18 0 24 6 0 0 25 0 16 20 0 0 0 
