1 3 0 0 12 0 0 7 0 0 6 0 10 14 11 15 
0 15 10 14 11 0 0 8 0 3 16 12 0 13 4 1 
0 2 9 0 0 0 0 0 0 0 0 0 8 5 0 0 
6 0 0 0 3 1 0 0 0 0 8 0 2 9 16 0 
0 0 0 10 0 12 8 0 6 1 0 4 0 15 9 5 
8 0 0 5 6 0 7 10 0 0 2 11 0 0 0 13 
0 9 6 3 0 11 0 0 12 14 0 13 0 10 2 0 
2 13 0 0 14 5 16 0 0 0 0 0 11 0 3 6 
0 0 0 6 0 14 0 16 0 0 0 15 0 0 0 9 
9 0 4 7 0 0 0 11 2 5 14 0 0 1 0 12 
3 1 12 0 0 2 0 4 0 7 13 0 14 11 10 0 
5 0 11 16 0 0 0 0 0 9 4 0 0 6 0 2 
0 0 3 0 0 0 0 5 14 0 0 2 0 8 13 11 
10 5 14 0 9 0 0 1 0 6 12 8 15 16 0 0 
0 0 0 0 0 0 14 0 0 4 0 0 12 0 0 10 
4 0 0 11 0 0 12 3 0 0 9 1 0 2 6 14 
