0 0 0 0 0 0 0 1 8 13 0 0 0 0 0 0 
10 4 12 2 0 6 9 13 14 5 16 0 0 3 7 1 
0 5 15 0 0 0 0 12 0 0 10 4 0 0 0 0 
14 0 0 8 3 2 0 0 0 0 0 15 0 0 0 13 
12 3 0 9 0 0 0 0 0 0 7 5 13 6 15 0 
0 0 4 0 0 15 0 8 6 0 9 0 0 10 0 2 
11 13 0 5 0 12 0 0 10 15 3 0 0 14 0 9 
1 0 6 10 9 0 0 5 2 0 12 13 0 4 8 7 
7 10 13 0 12 0 0 0 0 0 0 14 0 0 2 0 
0 0 5 0 16 8 0 6 0 0 0 2 7 0 0 0 
2 0 16 0 0 0 0 15 13 3 1 0 8 0 9 0 
15 8 9 0 2 0 13 4 11 12 5 0 0 0 0 6 
0 0 0 0 6 1 8 14 0 0 0 0 11 7 16 15 
8 16 0 12 7 13 0 0 0 6 0 0 9 2 0 5 
0 2 0 15 0 0 0 0 5 4 0 16 6 1 13 0 
0 1 11 0 5 0 16 0 15 7 14 9 0 8 0 0 
