0 0 14 0 0 0 6 13 9 0 8 15 0 0 1 0 
13 0 0 6 8 0 4 10 14 0 0 3 0 16 0 7 
9 16 3 0 0 7 0 0 13 1 0 0 8 0 0 14 
1 0 8 7 0 3 9 14 0 12 2 0 0 11 15 6 
0 0 6 0 9 0 0 8 3 11 12 0 0 14 0 0 
3 0 0 8 0 0 0 15 0 16 5 0 0 0 0 9 
0 0 4 0 7 0 0 0 0 2 0 1 0 6 8 13 
5 0 0 9 10 6 16 12 0 14 13 8 4 0 3 0 
0 0 11 12 0 8 14 0 5 10 3 0 0 9 13 15 
0 0 5 0 0 0 2 9 11 0 14 12 0 0 0 4 
0 10 0 15 4 13 5 0 8 0 0 0 0 0 7 12 
6 0 16 0 0 0 0 7 0 4 0 13 5 8 14 0 
0 6 0 0 2 0 10 0 16 8 7 0 0 13 4 0 
0 0 0 0 12 14 0 5 0 0 0 0 0 10 0 0 
0 1 9 0 0 0 11 6 0 0 4 2 14 0 16 5 
0 0 0 0 3 0 0 0 0 0 10 0 9 15 12 1 
