0 4 10 0 3 0 0 0 9 0 15 0 11 6 5 13 
0 6 0 0 0 0 13 4 7 0 0 0 3 0 0 0 
1 13 14 5 16 2 8 0 11 10 0 4 0 0 0 0 
2 0 11 3 7 5 9 0 0 0 0 0 8 0 10 4 
0 9 4 6 0 0 5 10 0 11 0 0 14 0 15 3 
14 0 0 0 0 0 0 16 0 0 13 3 2 0 1 7 
0 1 5 0 0 7 0 13 0 0 6 0 9 12 0 0 
0 2 12 10 9 0 0 3 15 0 8 7 0 0 6 5 
0 0 15 12 0 0 0 0 0 0 1 0 0 0 0 0 
8 0 0 0 12 0 3 0 0 5 0 0 0 0 0 0 
0 0 7 0 5 0 10 14 0 6 0 16 0 0 11 12 
0 0 6 9 0 16 7 0 3 12 2 15 5 0 13 10 
10 5 1 0 0 0 11 0 4 0 7 0 6 0 2 0 
0 11 0 14 1 3 0 7 0 16 0 9 10 0 12 0 
9 8 16 4 13 14 0 0 12 0 10 2 0 0 0 0 
0 0 3 15 10 0 0 2 6 0 0 0 13 5 0 14 
