13 15 11 0 0 0 0 9 8 1 6 0 0 0 0 0 
0 8 2 4 5 0 6 0 0 10 9 12 0 0 0 0 
0 0 0 0 2 10 0 1 0 15 0 4 5 0 14 0 
0 0 0 1 0 0 4 0 2 5 0 7 0 0 0 0 
0 1 0 0 6 0 0 0 4 0 0 3 13 0 0 2 
0 16 9 10 4 1 0 14 0 13 0 0 0 8 0 0 
11 13 0 0 0 12 3 0 5 6 0 1 4 9 16 14 
0 3 0 0 13 16 5 7 0 0 8 9 1 0 0 15 
7 0 0 0 9 4 10 2 0 0 15 5 0 14 12 0 
0 4 0 0 0 0 0 0 12 0 0 11 9 16 5 3 
1 0 0 12 14 0 11 0 0 9 0 13 2 10 0 4 
0 0 0 9 12 3 8 5 6 0 0 16 15 7 11 0 
14 9 0 0 10 0 15 0 0 0 0 8 11 2 0 0 
8 0 0 11 0 9 0 4 15 0 1 6 10 0 0 0 
0 6 4 15 16 0 0 0 0 0 5 10 8 0 7 0 
16 0 7 0 0 8 1 12 9 0 4 0 0 0 0 0 
