1 0 11 4 18 16 0 15 0 21 0 17 8 3 24 10 0 0 0 0 0 12 6 9 2 
14 0 0 5 0 9 6 4 0 0 22 12 19 0 13 23 0 18 15 21 3 0 1 0 25 
0 24 19 16 2 0 0 0 13 0 14 23 0 7 18 6 3 0 12 1 0 8 5 11 4 
23 3 0 25 0 0 0 0 0 0 4 6 2 20 0 0 16 24 0 0 22 0 0 7 0 
0 0 0 0 12 18 24 0 0 3 0 0 0 10 0 0 7 14 13 25 21 23 0 0 0 
0 7 24 0 14 21 20 0 8 0 12 0 16 4 15 0 17 6 0 18 0 19 0 25 10 
0 0 0 12 0 0 0 0 5 0 2 0 11 0 0 22 9 19 3 0 0 20 0 0 18 
0 0 23 0 0 12 18 10 0 16 0 0 24 0 0 20 13 5 0 2 4 3 8 6 11 
0 6 18 3 11 19 0 2 0 0 8 0 10 23 14 0 0 25 4 0 1 22 12 5 24 
0 19 0 13 5 0 22 0 0 0 0 21 3 0 20 12 0 0 0 0 23 2 0 14 0 
7 0 0 8 0 2 11 0 1 24 0 22 0 0 0 0 0 4 19 0 0 16 0 13 0 
0 0 12 0 19 0 0 0 25 0 6 15 13 0 4 24 10 2 16 14 0 0 0 0 1 
15 0 16 6 9 13 8 0 0 4 0 14 21 24 0 1 11 17 0 0 2 25 22 0 12 
3 0 14 0 0 0 0 0 18 0 17 19 23 5 0 0 0 0 0 0 0 0 11 24 6 
0 0 25 0 0 0 10 5 0 0 1 11 0 8 16 0 0 0 9 0 0 21 17 0 0 
0 0 3 19 8 6 15 20 10 11 23 0 0 0 0 0 12 13 24 0 5 0 0 22 21 
5 17 1 9 23 25 21 24 3 0 16 0 4 0 22 0 20 0 0 7 12 6 0 10 19 
0 0 0 21 22 4 0 0 9 7 19 8 0 0 0 14 1 3 0 16 0 0 0 15 0 
10 11 0 7 0 0 19 1 12 0 0 0 9 0 0 18 0 23 21 0 25 0 0 4 0 
0 0 0 18 24 0 14 22 16 23 10 3 0 21 25 19 0 8 6 0 0 7 0 1 0 
0 0 15 11 20 8 16 23 21 0 0 4 17 25 0 0 0 0 22 13 6 1 0 0 0 
13 16 0 14 25 0 0 0 20 6 21 0 22 0 0 0 0 12 1 19 0 11 0 8 7 
17 4 2 0 6 0 1 11 22 0 0 7 0 19 0 9 15 16 25 0 0 13 0 21 5 
0 0 8 10 21 0 0 25 24 12 0 16 0 0 11 0 14 0 0 0 17 0 0 0 22 
22 9 0 24 3 14 4 19 17 13 0 0 18 1 8 2 0 21 11 23 0 0 25 0 0 
