0 0 12 18 10 2 0 1 0 7 0 0 4 0 0 0 0 21 14 0 17 0 9 22 3 
0 17 3 0 0 18 0 15 24 19 22 20 0 12 0 25 0 0 16 0 13 7 1 0 11 
13 0 0 2 8 14 23 0 21 0 9 3 7 1 17 0 0 0 10 19 6 5 24 20 0 
19 0 6 0 16 4 0 17 0 3 0 18 8 5 0 23 0 22 13 7 0 25 15 0 0 
0 20 0 25 5 0 0 0 10 16 15 0 6 14 0 2 0 0 0 0 0 21 0 23 19 
11 0 0 0 0 21 1 4 0 8 0 0 3 20 0 0 19 0 0 0 22 0 7 12 0 
22 0 0 0 0 13 0 10 11 0 14 8 0 4 9 0 2 20 0 16 0 0 19 0 6 
20 0 0 0 0 19 7 18 25 0 12 0 0 0 22 0 0 9 0 0 0 0 17 3 4 
15 19 0 8 9 3 0 0 14 12 23 0 0 17 10 4 0 0 0 1 0 24 25 16 21 
3 13 4 23 0 0 6 0 16 0 24 0 1 0 15 0 0 25 21 12 0 0 0 8 14 
0 9 0 10 11 0 0 16 0 14 0 17 0 0 0 0 12 23 0 6 0 20 0 24 25 
24 21 0 4 0 10 0 11 1 0 5 0 12 13 0 8 3 2 0 0 0 6 0 0 7 
17 0 25 19 6 0 2 13 0 5 0 4 14 0 16 20 1 0 0 9 0 0 10 0 0 
12 0 23 0 0 0 21 0 0 18 25 0 0 0 19 13 0 0 0 11 5 1 8 4 2 
2 0 0 0 15 0 0 6 12 23 0 1 0 3 24 16 21 10 0 0 18 14 11 0 9 
18 0 8 11 0 0 10 0 9 13 1 21 17 19 12 0 4 3 6 2 0 0 0 5 0 
5 0 0 0 12 22 8 3 0 11 0 9 15 0 13 1 0 0 0 18 21 0 4 7 0 
16 0 0 3 23 6 12 0 4 0 0 11 0 7 0 0 5 0 0 20 8 22 0 0 0 
10 25 0 20 0 16 0 7 0 0 3 0 0 22 4 0 24 0 12 8 11 0 0 0 17 
0 4 7 9 1 23 17 0 0 24 10 0 0 0 6 0 22 0 25 0 0 12 20 0 0 
14 22 0 12 0 17 0 0 0 0 6 0 13 24 7 9 8 5 2 0 16 0 0 0 1 
0 3 2 17 19 0 0 9 0 22 0 0 21 0 5 12 0 0 0 4 24 23 14 0 8 
0 10 21 0 0 12 25 8 0 0 11 14 18 23 1 19 16 17 0 0 7 4 5 6 13 
25 23 0 1 7 0 0 0 0 0 4 22 19 0 8 6 0 0 3 0 2 17 12 0 0 
0 0 0 13 4 11 0 24 0 6 17 12 0 0 3 10 0 0 0 0 9 18 21 0 22 
