0 7 9 22 0 0 0 0 0 14 5 0 20 24 0 0 18 0 0 21 0 3 0 2 0 
0 11 8 5 0 0 24 22 12 20 15 2 7 0 0 0 0 0 0 0 17 14 19 1 18 
0 0 18 16 24 1 21 19 17 0 0 25 0 9 0 0 15 0 6 22 13 8 7 0 11 
1 0 0 17 14 15 0 0 0 0 0 0 19 16 18 0 20 5 24 0 0 9 0 12 0 
15 0 25 12 4 9 0 0 0 18 14 8 0 13 0 19 2 23 17 0 20 0 0 0 16 
5 0 0 14 0 2 0 0 22 10 0 15 0 11 0 21 9 0 19 4 18 0 24 23 0 
21 0 0 0 0 24 0 12 0 9 0 0 5 0 0 0 0 15 0 13 0 2 0 11 0 
2 24 0 9 0 0 1 14 3 0 8 13 4 0 0 0 10 7 18 12 25 0 0 19 0 
0 13 0 15 6 0 23 7 0 21 9 3 0 0 19 24 22 20 2 0 5 0 0 0 17 
0 12 19 3 23 25 16 15 0 11 20 24 2 22 0 6 8 1 5 0 9 10 0 0 0 
14 15 0 0 8 0 22 0 20 16 0 23 0 0 0 5 0 6 13 24 0 4 11 3 0 
7 0 24 21 9 0 14 4 6 8 11 10 0 1 22 0 3 0 0 0 12 18 5 17 20 
0 0 3 0 17 0 7 1 13 15 19 14 0 0 0 4 0 12 22 0 0 0 21 8 24 
23 19 22 0 0 0 11 0 0 0 0 0 0 3 2 0 21 0 20 17 0 0 9 6 14 
4 25 0 6 0 0 0 17 0 0 0 18 0 0 8 7 14 9 10 0 0 0 0 13 22 
0 17 6 0 0 0 18 3 1 25 0 11 14 0 0 9 13 16 0 0 19 23 2 0 4 
16 0 0 1 0 20 19 0 15 24 23 0 0 0 9 12 25 0 4 3 0 17 8 14 0 
9 0 23 0 5 22 12 2 0 4 0 0 0 19 0 0 0 11 0 0 21 0 13 18 15 
25 0 0 4 2 21 0 10 8 23 13 0 3 12 1 22 19 0 0 15 0 11 20 0 0 
8 0 21 0 13 0 0 0 9 0 22 7 0 0 15 2 5 0 0 20 0 0 10 0 3 
0 9 15 8 19 0 4 20 24 7 2 12 11 0 0 0 0 0 1 0 22 5 0 0 25 
3 0 0 11 0 0 0 0 0 22 0 19 0 7 20 25 24 10 15 0 0 13 0 9 2 
0 1 14 0 21 13 15 0 0 0 6 0 0 25 0 0 12 0 0 9 24 19 16 20 0 
0 0 20 0 18 19 10 25 0 0 24 9 0 0 0 14 0 2 8 0 3 0 0 0 0 
0 2 13 25 12 0 0 21 5 1 18 0 0 0 10 0 16 0 0 19 11 0 0 0 0 
