3 0 10 0 8 5 0 1 9 0 14 16 12 0 0 6 0 25 13 20 0 4 0 21 0 
20 16 6 25 0 13 14 0 17 10 11 21 23 9 0 0 1 0 7 19 0 0 0 12 0 
0 0 0 11 0 16 0 4 8 0 7 13 22 3 0 5 0 23 9 0 0 6 20 0 15 
5 0 0 21 0 0 12 23 19 0 25 0 4 0 6 10 8 15 2 3 1 17 16 0 9 
0 0 23 4 0 0 0 0 0 0 10 1 0 8 2 16 0 0 11 12 0 13 24 3 7 
16 8 0 18 6 0 19 15 21 0 0 0 0 12 4 0 0 0 20 0 24 1 0 23 13 
0 13 0 10 14 0 9 8 11 17 0 19 0 5 0 3 4 0 12 6 18 0 22 20 0 
22 23 19 12 15 0 13 18 3 20 0 2 0 0 1 0 0 0 16 0 5 0 4 8 0 
0 0 7 17 0 0 0 0 0 5 8 0 0 0 14 23 0 0 0 15 0 3 19 25 2 
0 20 24 5 3 10 0 16 25 4 22 0 13 7 0 0 0 1 8 2 0 0 0 15 14 
0 17 0 22 25 19 24 21 0 12 0 4 14 23 0 13 0 5 15 8 0 0 1 6 11 
0 5 0 23 0 0 15 0 7 0 2 12 0 1 10 0 21 17 4 0 19 14 0 22 0 
0 4 11 8 0 0 0 22 0 14 0 0 17 0 18 0 3 7 0 0 9 0 12 13 23 
24 1 2 13 0 25 0 5 4 3 6 0 0 11 0 12 0 0 0 23 10 15 8 0 18 
7 12 21 0 10 0 11 0 0 23 13 15 8 19 22 25 0 0 0 9 0 0 0 0 24 
11 0 5 15 24 0 0 0 2 22 0 0 21 0 12 20 0 0 0 0 0 0 0 0 0 
10 0 0 9 23 4 0 19 24 0 0 0 0 0 0 17 0 0 0 11 0 20 0 0 0 
8 0 0 19 0 0 25 0 13 0 20 11 2 14 9 15 23 3 0 4 0 24 10 17 22 
0 0 0 0 1 17 0 10 0 0 0 0 3 0 7 0 0 8 0 0 15 0 0 0 0 
17 7 0 3 22 11 0 0 0 0 18 8 0 10 23 21 0 0 14 24 13 0 9 0 1 
0 9 8 16 0 3 10 17 0 0 1 23 0 25 0 0 2 12 0 7 4 22 0 24 0 
19 0 17 2 7 23 0 24 0 6 3 14 10 15 13 0 20 0 0 25 11 8 18 9 12 
23 18 0 0 5 0 16 25 0 2 21 0 0 0 8 0 11 0 3 0 0 0 7 0 17 
12 3 13 0 0 20 0 11 1 0 0 0 18 0 0 0 15 0 0 0 16 25 14 2 0 
0 10 20 0 0 0 8 9 15 0 0 0 16 0 0 0 0 0 17 14 0 0 0 19 0 
