4 3 0 1 0 0 7 8 0 11 14 0 0 0 16 0 
10 0 0 14 0 0 9 13 0 0 0 0 0 4 0 0 
0 0 9 8 3 0 10 0 4 0 7 0 14 13 11 6 
0 0 12 0 0 0 0 14 15 0 8 10 1 0 3 0 
0 0 5 12 2 11 8 0 0 0 15 0 0 1 0 0 
11 16 8 10 12 6 15 0 0 0 1 0 9 7 4 0 
0 0 3 15 0 4 13 10 0 0 9 0 0 5 0 0 
0 0 0 4 16 0 1 0 14 0 12 6 11 0 10 0 
0 13 0 0 5 8 0 2 0 0 0 0 15 0 0 0 
5 0 0 0 11 13 0 0 0 12 3 15 6 0 7 0 
3 0 4 0 7 1 12 6 0 0 10 8 16 0 0 0 
12 8 7 0 0 0 16 15 11 13 2 0 4 0 5 1 
0 0 15 0 13 0 0 11 2 0 0 7 8 0 12 9 
0 11 6 0 0 0 4 0 12 0 0 0 0 16 0 3 
0 12 0 0 10 0 6 0 8 0 4 3 0 0 15 0 
0 10 0 7 8 3 2 0 0 0 11 1 5 0 14 0 
