2 0 7 14 0 11 0 16 10 0 9 0 4 0 0 1 
5 0 12 10 1 0 0 0 4 0 0 7 15 0 0 9 
6 0 9 4 2 0 15 0 1 0 5 14 11 7 3 13 
3 0 0 0 7 0 4 9 0 0 0 2 14 0 0 0 
0 0 14 0 0 0 16 15 0 0 10 3 0 0 0 0 
8 0 10 0 6 9 0 0 0 14 1 0 0 0 2 0 
0 0 0 16 12 0 2 5 15 9 0 0 0 0 0 10 
0 2 13 0 4 8 14 0 12 0 7 0 1 0 0 15 
12 3 0 0 0 4 0 2 5 0 13 0 6 9 7 0 
0 4 0 0 0 0 1 0 7 0 14 0 0 0 13 0 
0 0 0 13 16 0 12 0 9 0 8 0 2 0 0 0 
0 7 8 2 5 0 11 0 3 0 0 4 16 10 0 0 
0 0 5 8 0 0 0 0 0 0 0 15 9 13 0 0 
13 10 0 0 14 12 0 4 0 7 0 9 0 1 15 8 
15 0 3 0 13 16 0 0 6 8 2 1 10 5 14 0 
1 14 0 0 15 0 0 8 0 10 0 0 0 11 16 6 
