0 12 0 0 25 0 2 7 18 11 0 15 17 6 3 9 16 13 0 14 0 23 0 0 1 
15 9 7 18 1 14 19 5 0 25 0 22 10 0 20 0 24 17 6 0 0 0 0 0 21 
0 19 0 10 8 21 0 0 12 0 0 14 0 24 13 2 0 0 0 3 5 0 4 0 15 
0 0 21 13 0 0 15 24 0 0 23 0 0 11 0 8 12 18 0 4 0 20 25 7 0 
0 6 0 0 23 0 16 4 0 8 0 9 0 25 2 7 0 0 0 0 18 0 11 0 10 
0 0 22 25 0 0 0 11 21 0 5 0 9 0 0 0 19 2 0 13 4 24 16 0 7 
19 13 5 14 2 18 0 0 4 0 3 25 0 22 0 16 20 0 24 0 0 15 9 0 17 
0 0 0 0 0 23 13 0 25 0 12 2 0 0 0 0 0 4 0 0 0 5 19 8 0 
18 0 15 7 12 0 24 0 9 14 19 0 16 17 8 0 23 0 11 1 13 3 0 0 0 
8 3 20 0 17 19 22 0 0 0 0 6 0 21 4 5 14 0 7 9 0 0 0 0 11 
25 0 0 0 0 0 5 8 7 16 14 0 18 0 17 0 21 11 0 2 0 0 0 23 0 
0 21 18 6 0 25 0 9 0 0 13 0 0 0 0 4 0 15 0 0 0 1 0 2 0 
0 8 0 22 16 0 20 10 2 18 9 0 24 1 0 0 7 6 14 0 0 4 13 5 0 
0 1 0 0 0 0 0 13 11 6 7 0 22 2 16 18 0 3 0 24 0 21 15 20 25 
11 5 0 0 0 24 3 21 1 22 6 4 15 19 25 0 0 0 20 10 0 17 0 0 12 
10 16 19 0 4 11 6 14 0 21 20 0 25 0 0 0 13 0 0 0 0 18 0 15 0 
0 17 3 0 5 1 25 0 8 0 10 24 0 13 19 12 18 0 15 20 0 11 23 9 0 
1 0 0 24 22 0 18 0 0 19 0 0 3 15 6 10 9 25 16 21 0 0 17 0 13 
0 0 0 8 18 0 9 0 10 2 22 12 0 7 0 17 4 0 0 6 20 0 0 0 0 
12 7 6 0 15 3 4 17 0 13 16 18 0 0 9 0 0 8 0 0 0 10 21 24 14 
0 23 10 12 0 7 0 19 14 0 0 0 0 0 18 20 1 0 0 0 3 8 0 25 24 
0 25 0 2 24 0 21 16 0 23 11 0 0 4 10 14 3 19 0 0 0 9 0 0 0 
4 0 14 15 0 2 8 0 0 20 25 0 0 12 0 21 0 5 9 0 16 0 1 11 0 
0 20 0 17 0 9 10 25 3 0 0 0 8 0 21 15 0 0 4 0 19 6 0 12 5 
0 0 8 0 3 0 12 0 15 5 17 7 19 14 0 0 0 0 0 0 0 0 20 10 0 
