12 0 0 0 9 0 0 16 15 7 11 0 10 0 0 0 
10 0 0 0 3 12 0 0 4 0 5 14 0 0 0 0 
15 0 11 0 0 4 5 0 0 0 0 0 16 0 14 13 
0 1 6 0 0 0 0 11 0 9 3 10 12 5 0 0 
6 16 0 4 10 0 0 12 0 0 13 0 3 0 5 0 
0 0 8 0 0 3 7 0 6 11 0 0 9 15 0 10 
5 11 0 9 0 16 2 13 7 0 4 3 0 14 12 0 
0 10 3 0 5 0 0 0 0 16 12 15 0 0 2 6 
14 0 10 0 16 13 0 0 0 15 9 0 2 1 8 0 
16 0 9 0 0 0 12 2 1 0 7 0 6 10 3 5 
0 0 0 0 0 7 0 5 0 0 16 13 15 0 0 0 
1 12 0 0 0 0 0 9 0 6 10 2 4 16 13 14 
0 5 12 0 14 9 15 0 10 0 0 0 0 13 4 0 
2 0 0 0 13 10 0 8 0 0 6 0 0 11 0 3 
9 0 13 8 0 0 6 0 14 3 0 0 0 2 10 16 
0 0 16 0 0 0 11 0 0 0 8 0 0 6 15 0 
