7 25 15 9 0 0 17 2 0 0 14 24 0 3 4 0 5 19 6 23 18 0 13 16 0 
23 17 0 16 0 12 6 9 0 18 11 22 5 13 19 10 0 8 21 0 24 0 2 15 3 
0 6 0 0 8 5 0 0 0 1 2 10 0 0 9 0 14 24 0 0 22 0 20 23 0 
11 0 21 0 12 0 25 0 23 0 0 6 8 0 0 16 3 0 20 0 0 5 14 19 0 
13 0 10 14 0 21 0 0 0 0 0 0 20 15 25 2 7 12 0 18 8 0 4 0 0 
0 0 23 10 20 13 5 21 0 0 18 11 0 19 0 0 0 15 0 7 6 1 3 0 0 
2 0 13 0 14 0 16 0 0 0 6 0 0 0 0 19 0 9 0 5 0 0 0 24 8 
5 7 0 17 18 11 8 23 0 0 4 0 13 2 20 0 0 21 0 0 15 16 0 22 0 
0 12 0 0 0 25 0 10 19 0 17 9 3 21 8 0 20 13 23 4 0 18 0 0 14 
0 0 22 19 21 6 0 0 0 12 15 0 0 0 10 0 11 0 16 0 4 0 0 25 23 
0 24 17 0 0 1 15 13 4 3 0 0 0 22 21 0 0 6 10 14 0 0 9 20 11 
8 0 0 0 0 14 12 19 20 11 25 23 0 0 13 4 0 7 1 15 17 3 0 0 0 
0 19 16 4 23 0 0 18 6 21 0 12 1 11 24 5 13 0 0 8 0 14 0 0 0 
0 1 0 21 15 10 24 0 8 25 19 0 0 0 0 0 0 20 22 0 0 0 18 13 5 
25 0 0 0 11 2 23 0 22 0 8 0 0 0 15 21 0 16 18 12 0 24 0 0 0 
0 0 4 23 0 18 20 0 11 9 24 8 15 0 0 0 0 25 14 16 0 0 1 0 6 
17 0 0 11 10 0 14 0 21 6 0 0 9 0 23 0 1 5 0 24 13 19 8 0 2 
0 0 9 18 0 0 3 0 7 0 12 13 4 6 14 15 2 22 19 0 0 21 0 0 0 
0 3 0 0 0 0 2 12 0 17 0 0 11 16 0 9 6 23 0 10 7 0 24 0 0 
0 21 0 0 2 23 13 5 0 0 3 0 0 0 17 0 8 11 4 20 9 22 0 14 0 
0 23 0 0 17 24 0 0 13 0 1 20 0 8 11 0 15 10 0 3 21 4 0 0 22 
15 0 0 7 3 0 4 17 0 0 9 21 0 0 0 24 0 14 0 0 1 2 0 6 13 
0 4 8 13 0 9 0 1 0 0 5 15 0 0 0 0 16 0 11 19 0 0 0 0 18 
20 0 0 22 0 7 0 8 0 23 10 3 17 25 0 13 4 1 0 21 14 9 0 0 0 
10 14 5 1 0 3 0 6 25 15 13 0 0 0 0 0 12 0 9 22 16 0 0 0 0 
