6 0 0 15 0 7 9 0 1 13 2 3 0 4 0 12 
10 1 0 11 4 6 0 0 0 0 12 7 0 0 0 0 
7 0 0 0 0 0 15 3 0 0 0 0 6 0 10 2 
0 0 14 3 0 0 1 0 0 6 0 4 9 8 7 5 
0 0 16 9 2 0 11 0 15 12 14 0 5 3 1 0 
0 0 6 0 0 0 0 1 0 2 0 0 16 14 4 0 
3 0 1 0 0 0 0 0 4 0 7 0 0 0 15 0 
0 0 0 13 0 3 0 0 0 0 0 5 0 0 0 0 
8 11 15 0 1 0 3 0 0 5 0 2 0 7 0 4 
0 3 0 5 0 0 2 15 0 8 0 0 0 0 16 14 
9 12 7 10 8 0 13 14 0 0 6 15 1 0 5 0 
14 0 0 4 16 9 12 0 11 0 0 1 0 0 0 8 
16 0 0 1 3 2 0 10 12 0 0 0 7 13 0 9 
12 0 11 6 9 0 7 0 2 0 5 0 0 16 0 0 
15 7 3 0 0 0 0 0 13 0 4 0 0 5 12 1 
0 0 0 2 0 0 5 12 7 0 8 16 4 11 6 15 
