5 0 1 0 0 0 0 3 0 6 14 4 10 9 12 0 
0 10 9 3 6 4 0 0 7 12 0 5 0 0 0 8 
0 6 12 7 0 0 0 0 0 2 8 1 0 0 3 11 
0 0 0 0 5 0 0 7 0 0 0 0 16 13 0 4 
9 7 14 0 0 0 13 0 11 4 15 6 0 8 0 3 
0 15 0 0 0 5 0 0 0 0 0 0 0 1 0 0 
0 0 16 0 3 0 9 8 0 0 2 0 0 0 7 15 
0 4 0 0 0 0 7 14 3 16 5 13 12 6 10 9 
0 0 0 0 7 13 4 1 0 8 16 9 0 12 15 10 
10 12 6 15 0 9 0 0 0 0 0 0 0 14 0 0 
0 8 13 0 0 0 2 0 4 0 0 14 0 7 0 6 
7 0 0 5 8 0 0 12 13 0 10 0 1 3 0 0 
0 0 0 2 0 1 15 0 10 9 6 0 7 16 8 12 
13 0 0 0 11 16 3 0 0 0 0 0 0 10 9 5 
0 0 0 9 14 6 8 0 0 15 1 0 0 0 13 0 
0 0 10 0 12 7 0 9 2 13 4 0 0 15 14 0 
