0 13 0 0 20 0 22 15 0 16 8 0 0 18 0 0 0 21 25 0 3 0 11 5 0 
12 5 0 21 22 25 1 0 0 0 0 14 15 13 24 0 17 0 16 0 4 0 9 0 18 
2 16 7 0 0 0 24 4 20 21 22 25 5 6 23 14 0 0 8 0 12 0 15 17 0 
6 24 0 0 0 13 2 18 0 12 21 7 0 19 0 0 0 1 20 0 14 8 16 0 0 
10 14 0 0 0 6 0 17 23 0 0 20 0 2 0 5 13 7 15 12 0 1 0 0 0 
0 11 6 14 24 0 25 23 18 0 7 21 19 0 0 17 8 16 9 13 0 0 0 4 0 
3 23 0 0 0 0 4 0 0 13 12 0 17 0 0 6 0 18 0 22 0 0 10 16 9 
0 0 1 0 17 0 0 16 24 6 0 15 13 4 0 0 0 5 0 0 20 0 0 0 8 
0 21 20 16 0 1 0 19 12 0 2 5 9 0 6 11 15 0 0 0 13 23 18 0 14 
0 15 0 0 0 0 14 5 11 10 16 0 18 8 3 20 21 25 0 0 0 0 6 0 22 
0 1 0 0 0 19 18 12 2 0 9 6 0 0 0 0 0 0 0 0 0 22 5 20 0 
0 17 2 0 9 4 0 0 15 7 0 10 8 24 0 0 18 0 22 16 19 0 14 0 23 
0 0 0 0 6 11 10 22 17 23 19 3 20 15 0 0 5 8 0 9 0 24 1 0 0 
7 3 16 0 23 8 5 25 0 0 1 18 22 0 0 4 0 24 19 0 0 21 12 0 0 
22 18 0 0 10 20 21 13 16 24 0 0 2 0 0 15 0 14 0 3 0 0 0 9 0 
0 0 18 6 13 5 8 0 0 22 25 16 0 12 21 0 0 2 7 0 0 10 0 0 0 
17 0 14 9 2 16 12 10 0 4 18 22 6 20 0 0 3 23 11 21 7 0 0 1 0 
0 0 12 8 1 0 20 3 25 0 0 0 11 0 10 0 0 17 5 0 21 0 0 0 4 
0 25 10 11 5 21 0 14 6 15 3 13 7 0 8 12 0 0 18 4 23 0 0 19 0 
0 0 0 7 21 0 0 9 1 11 15 19 24 17 2 0 20 0 13 25 8 0 22 0 5 
4 9 0 23 3 0 0 7 8 18 20 2 25 5 0 0 0 0 24 1 0 14 21 13 6 
1 0 0 0 16 0 0 0 4 5 0 0 21 3 22 18 25 0 0 0 0 0 0 15 0 
20 0 0 24 15 0 0 6 0 25 17 0 10 16 0 0 2 4 21 0 0 7 0 12 0 
25 0 0 18 0 0 16 21 0 0 13 4 12 0 14 7 0 0 0 10 0 0 23 8 20 
21 6 0 12 14 0 15 20 0 0 0 0 0 0 0 0 11 0 0 8 0 0 0 0 0 
