0 0 0 12 7 2 0 10 9 1 0 0 0 14 6 8 
7 0 1 0 8 6 0 0 0 0 0 0 15 16 0 5 
0 11 0 2 14 1 5 0 13 3 6 0 0 0 0 7 
0 5 0 0 0 0 0 11 10 0 0 0 0 2 0 1 
0 8 0 0 0 0 10 9 0 0 11 13 1 0 15 0 
0 0 11 3 4 0 0 8 1 6 14 0 0 5 0 2 
14 16 0 15 1 3 13 0 12 0 2 0 0 10 11 9 
9 0 0 5 0 0 0 0 0 0 3 10 14 13 4 12 
0 0 0 0 0 7 0 15 11 14 0 0 0 0 0 3 
0 3 5 14 0 0 11 0 0 15 0 4 12 0 9 0 
15 0 7 0 0 0 14 0 0 9 0 0 0 6 1 0 
11 0 0 4 0 5 0 0 0 12 0 0 0 15 14 10 
1 0 12 0 0 0 0 2 14 0 9 6 3 0 0 0 
0 0 3 11 0 12 8 14 7 10 0 16 0 9 2 4 
2 0 0 9 0 0 3 4 5 11 8 15 0 0 0 0 
16 6 14 0 11 0 0 0 0 0 4 12 10 8 7 0 
