0 8 17 6 0 1 0 24 3 4 0 0 20 0 0 0 0 0 12 21 0 0 18 16 0 
25 7 3 22 10 0 0 0 0 0 23 0 11 0 0 18 0 16 0 1 0 0 14 19 20 
18 0 2 0 13 0 10 0 7 0 3 0 12 0 1 0 0 0 0 24 0 23 21 0 25 
0 19 9 21 0 23 11 0 0 0 17 18 0 5 0 2 14 0 0 0 6 0 3 12 1 
0 0 15 20 1 0 0 0 0 13 21 0 2 0 25 3 0 4 0 7 10 0 17 0 24 
0 18 13 10 0 15 0 19 0 0 25 0 14 0 21 22 0 11 24 8 7 0 6 0 0 
24 0 0 0 12 11 0 10 0 0 9 19 0 13 20 0 0 0 21 0 18 3 0 0 0 
7 0 20 0 8 0 24 0 13 5 4 16 22 11 0 0 0 1 0 2 15 10 19 0 0 
19 16 1 0 0 0 23 0 17 0 15 0 0 0 0 6 0 18 0 3 11 0 13 5 4 
6 0 0 15 0 8 4 12 0 14 0 7 0 0 17 10 0 13 0 5 0 0 0 22 23 
12 0 25 0 2 0 0 0 15 21 20 1 6 22 3 0 7 0 0 11 0 0 16 0 0 
8 6 0 13 21 9 12 7 0 1 14 4 25 17 11 0 0 23 0 18 0 15 0 2 22 
9 0 10 19 0 20 0 23 11 0 7 21 13 16 0 0 0 22 0 12 0 17 0 25 3 
1 3 0 0 0 22 25 4 8 0 5 0 19 15 0 0 0 21 10 6 0 18 23 0 12 
14 0 0 7 0 3 5 0 0 16 10 23 0 12 0 0 0 19 25 4 0 21 11 6 9 
0 0 8 12 25 0 16 0 14 11 19 0 7 20 4 17 22 0 0 0 0 0 0 0 6 
22 9 0 0 15 0 0 0 0 0 0 13 0 23 0 0 6 2 0 19 12 11 0 0 8 
0 0 4 24 0 0 0 0 0 23 0 0 1 0 0 0 0 8 0 0 3 16 9 14 0 
2 1 6 18 17 24 13 0 4 19 12 11 3 21 0 7 16 25 5 14 23 20 22 10 0 
21 13 7 3 0 0 0 20 22 6 24 0 0 0 0 4 0 0 0 0 5 19 2 0 17 
0 24 0 1 0 0 0 0 5 0 16 0 9 0 0 11 13 6 4 17 0 0 7 8 14 
20 0 0 2 5 6 14 16 0 7 8 0 21 0 15 12 0 24 0 22 0 13 0 0 11 
13 0 0 14 0 4 0 0 0 15 11 12 10 0 22 0 5 0 0 25 0 2 0 0 18 
0 0 0 0 0 13 0 1 23 25 2 17 5 0 0 0 18 15 19 20 24 9 12 21 10 
17 25 12 0 0 19 22 11 20 18 0 3 0 0 24 0 21 7 2 0 16 0 0 0 5 
