3 10 0 5 0 0 12 9 6 8 0 16 4 2 0 7 
7 0 12 0 0 3 6 8 9 0 11 4 16 13 0 0 
8 6 0 0 0 0 16 4 0 14 15 0 10 0 0 1 
0 0 0 0 10 7 13 0 1 0 5 0 3 8 0 6 
0 13 0 0 0 0 0 1 0 2 0 0 0 4 16 3 
5 12 0 0 16 0 0 3 15 0 0 0 0 0 0 0 
1 14 0 4 13 0 0 0 10 0 6 0 0 15 0 0 
0 0 0 3 0 6 0 11 12 0 0 0 1 9 0 0 
10 3 0 0 0 16 2 6 0 0 14 12 8 0 13 9 
0 0 0 0 1 0 0 10 16 0 0 13 12 0 3 4 
0 0 0 14 0 12 8 0 0 3 0 0 0 0 0 15 
12 0 0 0 5 0 0 0 11 1 9 0 2 16 10 0 
0 8 0 12 3 14 10 0 5 7 16 0 0 6 0 0 
0 7 0 0 6 15 0 0 2 0 12 14 11 0 5 0 
14 2 6 10 0 0 5 16 13 0 0 15 0 0 0 12 
0 5 4 15 7 0 11 12 0 0 10 0 0 3 2 0 
