9 0 0 0 7 0 0 4 3 10 12 0 0 22 5 1 0 6 13 0 0 16 0 0 17 
0 0 6 15 0 7 0 0 0 25 16 0 0 0 0 0 19 23 24 4 0 0 0 0 0 
0 0 0 21 0 0 0 9 23 0 25 17 14 0 6 11 0 5 20 0 19 3 0 7 1 
18 3 19 16 0 5 0 0 0 20 21 0 0 1 0 25 8 22 7 0 23 6 2 14 0 
0 12 23 0 24 22 6 1 13 21 15 20 7 0 10 16 0 18 3 2 0 11 0 0 0 
5 20 14 0 0 0 10 12 1 0 0 21 0 9 0 0 25 3 0 17 0 7 22 0 6 
16 13 0 0 2 21 0 0 4 18 5 0 0 6 0 19 20 0 0 0 0 0 0 0 10 
24 0 0 12 0 0 0 0 6 22 17 18 1 8 0 13 0 0 2 16 0 0 14 5 4 
0 0 3 19 6 17 7 2 0 15 10 0 16 4 22 0 24 12 0 9 18 0 21 1 0 
15 4 10 1 23 0 0 0 14 16 13 25 0 0 20 6 0 0 18 21 17 19 12 9 0 
0 15 0 0 12 0 13 16 22 9 6 0 17 5 1 0 0 10 0 0 0 14 0 0 0 
22 0 16 13 18 0 0 8 20 24 3 15 19 0 7 12 0 2 6 0 0 0 0 0 0 
23 17 24 0 3 25 19 0 0 11 0 0 4 0 0 14 0 0 0 0 2 0 0 6 0 
0 0 1 0 11 0 4 7 0 3 14 0 9 13 0 0 18 15 0 22 20 0 0 0 0 
14 0 0 0 4 1 0 0 18 17 2 11 10 23 16 0 5 8 0 24 0 22 0 0 0 
4 18 11 25 13 0 17 0 7 6 0 1 0 10 0 0 0 21 0 20 0 0 24 3 0 
0 16 0 24 1 0 2 0 0 0 22 0 0 0 21 7 3 19 0 13 8 0 10 0 14 
0 0 0 6 15 3 20 0 24 12 0 16 8 7 14 0 0 0 0 0 5 17 0 4 9 
17 0 5 0 0 16 22 10 0 14 11 13 0 0 18 24 0 0 9 0 0 1 0 0 0 
0 0 7 22 14 0 15 18 0 0 0 0 24 0 23 8 6 17 0 5 13 25 19 0 16 
0 24 15 5 0 11 0 0 0 13 7 0 0 0 0 17 4 0 25 0 14 8 16 19 0 
7 0 13 10 25 6 0 0 0 0 20 0 0 11 9 0 12 16 5 0 24 4 0 18 15 
6 19 12 8 20 15 21 0 0 0 24 0 18 16 2 0 14 1 0 7 10 13 0 25 0 
2 9 17 23 16 0 3 24 10 5 1 0 0 0 0 0 0 20 8 19 0 12 0 0 0 
3 11 0 0 0 0 0 0 16 7 0 0 6 14 0 10 0 0 21 15 9 0 1 23 2 
