0 0 0 2 0 12 0 11 0 5 0 6 13 0 0 0 
0 0 14 3 8 0 16 0 15 2 0 0 12 0 11 10 
15 0 0 1 2 0 0 0 16 3 9 0 0 6 0 0 
7 0 11 0 13 4 0 6 10 14 8 0 0 3 0 0 
0 8 0 0 0 15 5 3 1 0 11 0 0 0 0 0 
0 7 6 0 14 0 11 0 2 0 15 10 3 0 13 16 
0 12 0 15 4 1 0 0 0 7 14 0 10 0 8 0 
13 1 9 11 0 6 0 10 3 4 16 8 15 0 0 5 
6 0 15 13 0 3 0 0 0 16 7 9 5 0 0 0 
1 0 5 10 0 0 0 0 0 0 2 4 0 14 0 0 
8 4 16 12 9 2 0 0 0 0 0 1 0 0 3 6 
11 0 7 0 0 0 1 0 8 0 0 0 0 0 0 13 
3 0 0 8 0 7 6 15 9 1 0 14 0 10 0 2 
2 15 0 5 11 9 0 0 0 0 10 0 0 13 0 0 
14 0 0 0 0 0 0 16 7 11 3 0 8 5 0 4 
0 16 4 0 0 10 8 0 5 13 0 0 0 0 0 0 
