8 0 0 0 0 0 6 21 0 14 25 10 19 20 0 7 9 0 16 0 2 17 0 0 0 
0 14 15 9 6 8 2 19 10 0 16 0 0 0 11 25 20 22 17 3 21 0 24 12 13 
0 0 20 0 2 0 3 0 0 0 0 0 24 0 9 21 0 0 0 0 16 25 0 0 1 
0 25 0 5 0 0 0 0 22 16 17 13 12 2 8 0 0 0 6 0 20 0 0 0 19 
12 11 0 0 0 13 18 25 0 20 3 0 14 23 0 0 1 5 24 0 0 6 8 0 0 
20 18 6 14 4 0 17 0 0 23 0 19 21 8 12 13 0 0 11 0 9 2 0 0 0 
5 0 0 17 9 0 0 11 0 24 0 4 0 13 18 3 16 6 0 0 0 22 0 8 21 
25 0 23 21 0 0 0 0 14 8 24 0 22 10 0 18 5 19 4 17 0 0 13 0 7 
2 19 0 0 8 0 0 7 0 13 15 16 0 0 14 9 0 10 22 0 0 0 0 17 23 
0 0 0 3 0 10 12 1 0 0 0 0 11 25 5 23 8 0 2 7 19 16 0 0 0 
14 8 0 19 0 21 22 0 20 1 12 3 2 17 7 15 0 13 5 18 24 0 25 6 0 
1 4 0 0 21 9 8 13 24 18 0 6 15 19 22 0 17 0 10 16 5 0 7 0 3 
17 23 18 2 0 0 7 4 25 12 21 9 0 0 0 0 3 24 0 0 0 13 10 0 0 
0 0 7 6 0 0 0 2 11 15 13 0 0 0 0 1 0 21 0 9 22 0 0 19 16 
0 0 0 15 0 0 10 0 3 0 0 23 25 0 0 0 11 7 0 19 12 8 1 0 2 
0 12 2 7 1 16 0 0 21 0 0 0 0 0 3 20 0 25 0 24 15 0 23 0 0 
19 21 17 0 0 0 13 14 7 0 0 0 16 11 15 0 10 3 1 0 0 9 2 20 6 
22 0 14 0 20 1 0 17 0 0 0 25 4 24 6 0 18 0 0 0 0 12 16 0 5 
0 6 5 0 0 0 4 8 9 2 0 0 20 0 0 0 14 0 15 0 18 0 21 0 25 
13 0 8 0 15 6 0 0 12 25 0 0 0 14 17 5 2 0 0 11 0 0 0 1 0 
0 0 0 0 0 0 20 18 0 5 8 0 13 21 25 0 0 4 14 0 3 11 9 16 24 
18 5 16 20 25 0 0 10 0 0 4 0 0 0 19 24 7 23 9 0 13 21 0 0 12 
6 0 3 8 0 12 21 0 0 0 0 20 0 16 2 17 0 0 19 0 23 0 15 0 22 
0 1 4 24 0 0 25 0 13 9 0 14 0 0 0 16 22 18 21 0 10 19 0 0 8 
0 15 9 0 19 11 0 23 8 0 0 0 7 22 0 2 25 0 0 0 0 1 0 0 14 
