25 0 16 13 20 0 8 0 14 17 0 10 5 9 11 0 12 7 0 6 1 0 0 18 0 
0 5 0 23 0 0 0 0 0 0 16 0 6 0 12 4 17 8 13 0 0 20 10 11 0 
0 21 0 0 0 0 0 12 0 0 14 17 0 4 19 25 24 22 23 2 8 3 7 6 5 
0 3 0 1 14 9 10 6 23 24 0 0 20 7 0 5 18 16 15 11 21 0 4 0 0 
4 6 0 11 2 18 0 0 7 3 0 8 23 22 21 0 19 1 0 0 25 12 0 14 0 
5 0 6 0 7 0 0 8 9 18 11 0 3 0 0 0 16 2 0 4 17 1 15 0 0 
12 0 3 19 0 1 17 11 0 2 0 0 0 0 20 0 0 0 5 0 18 0 14 16 0 
0 14 18 20 8 0 0 16 19 5 22 6 0 0 0 12 15 13 24 0 11 4 2 0 3 
16 2 0 21 13 6 0 7 3 0 0 9 15 8 0 11 22 0 10 0 20 5 0 25 12 
0 11 0 17 0 24 0 20 0 0 0 2 16 0 13 0 23 14 3 7 10 6 8 0 0 
0 0 0 0 16 14 2 9 0 6 0 0 0 0 23 0 0 25 19 0 0 15 0 1 8 
0 15 0 8 1 0 11 0 17 22 5 24 9 0 16 7 0 18 12 0 0 14 0 0 4 
0 0 0 0 23 19 18 0 0 21 0 0 12 0 0 15 14 0 0 13 0 16 0 0 0 
14 17 0 0 3 4 0 0 0 16 0 11 0 19 0 23 8 0 2 9 24 0 0 7 10 
6 0 19 0 21 15 25 23 0 0 17 14 18 2 0 1 0 4 16 0 3 9 12 0 0 
0 25 10 14 0 13 3 18 4 8 0 5 17 0 9 0 6 0 7 0 0 22 0 0 23 
24 0 8 16 18 2 1 25 0 0 23 22 0 13 6 0 3 0 4 0 0 0 0 15 17 
0 0 5 0 0 7 24 19 15 23 0 0 0 14 0 16 0 20 0 0 0 0 0 0 21 
0 7 0 0 19 0 0 5 6 9 20 16 11 0 4 8 0 17 0 23 0 18 1 24 0 
0 23 0 22 0 16 0 17 0 14 19 0 24 15 0 0 0 0 1 18 0 8 3 5 7 
0 9 0 6 12 0 0 0 25 20 7 15 0 16 17 19 2 0 0 24 0 11 21 8 0 
0 16 24 0 0 8 7 3 0 0 0 18 0 11 0 9 0 12 0 25 0 0 22 0 0 
0 0 0 2 0 11 0 0 0 13 3 4 19 23 0 20 0 10 6 15 12 24 16 0 0 
20 8 0 0 0 12 0 24 0 0 0 0 0 25 22 0 0 0 0 16 0 0 0 0 15 
0 0 11 0 0 0 23 0 16 0 12 20 0 0 5 0 4 0 0 22 9 19 0 10 18 
