16 0 0 15 0 14 4 0 0 0 0 5 3 0 0 0 
11 0 0 5 2 0 0 0 0 0 0 3 0 13 0 9 
13 0 0 4 7 0 16 0 0 8 6 0 0 11 0 14 
9 14 0 0 11 6 0 0 0 0 13 2 7 0 0 0 
0 0 11 0 1 15 9 16 0 0 2 13 5 7 3 4 
10 0 9 7 3 11 0 14 16 1 0 4 0 0 0 6 
4 15 0 2 5 0 0 0 0 0 0 0 0 0 11 1 
0 0 14 0 0 4 0 10 0 0 0 6 0 15 0 0 
0 3 0 0 4 0 5 1 10 6 0 0 13 0 16 15 
0 4 0 0 0 12 13 7 0 0 9 15 1 0 6 0 
0 16 0 13 0 9 0 0 0 2 0 0 0 4 0 3 
0 2 1 0 6 16 3 0 5 13 4 0 12 0 14 7 
0 0 0 16 0 0 1 5 2 4 14 11 0 3 15 0 
0 6 0 0 15 0 11 0 13 0 8 0 16 5 4 0 
0 12 0 0 13 0 14 0 0 0 7 16 0 0 8 0 
0 11 4 8 16 10 6 9 15 3 0 0 0 0 7 0 
