0 0 5 19 21 7 14 6 0 2 0 0 23 0 10 0 0 0 0 0 0 0 0 0 0 
24 0 0 7 0 25 0 0 0 13 0 19 1 20 0 0 0 5 0 21 14 0 4 9 0 
0 18 1 23 0 0 0 0 19 0 0 25 0 0 22 0 0 0 0 16 12 20 7 0 13 
14 0 22 13 11 12 15 0 0 0 9 18 0 0 24 3 0 0 0 0 10 0 2 0 0 
0 20 0 0 25 0 0 0 18 0 6 0 8 13 2 0 0 23 12 0 22 0 0 15 24 
3 5 18 0 0 10 17 9 25 0 22 24 0 4 11 1 0 0 16 2 13 7 0 14 12 
0 0 6 0 22 0 23 15 1 0 16 2 7 8 19 0 4 13 10 17 21 0 0 0 20 
0 10 17 16 0 0 6 5 0 0 13 1 0 0 12 0 22 9 14 0 19 0 3 2 0 
15 25 0 24 8 4 0 13 16 0 3 0 14 0 21 18 5 7 6 0 11 23 10 1 17 
1 13 0 0 19 14 0 2 0 7 0 0 0 17 0 8 0 0 21 0 6 0 0 4 0 
18 14 0 25 12 13 0 7 9 1 0 4 15 0 8 6 16 0 2 23 24 11 22 0 21 
5 17 16 0 20 0 25 0 0 19 0 21 13 6 1 0 11 0 3 0 15 12 9 0 14 
0 15 0 0 24 0 0 18 0 0 0 0 0 0 14 0 0 12 20 0 4 2 1 0 7 
0 3 13 0 9 11 24 12 15 10 19 0 0 5 17 21 0 14 0 4 16 0 0 0 23 
0 0 0 4 0 0 0 0 0 14 0 0 9 0 0 25 15 10 0 0 0 8 13 0 19 
25 0 0 18 0 16 22 20 2 5 7 17 12 0 0 4 0 0 0 0 23 3 0 0 0 
0 0 3 0 5 0 0 0 0 18 0 9 16 0 20 7 12 25 19 15 2 4 14 0 10 
10 19 24 20 4 17 0 0 0 15 0 0 0 14 0 5 0 21 0 0 25 0 0 0 8 
7 16 9 2 0 0 12 25 10 3 0 0 19 24 4 0 0 0 0 0 0 21 0 0 1 
12 0 0 0 17 19 4 21 14 9 0 0 10 0 25 16 20 0 0 0 7 13 0 24 0 
20 2 25 0 0 0 21 14 8 0 0 0 18 0 0 10 6 24 13 5 3 0 0 11 4 
19 0 10 0 0 15 0 4 3 0 11 0 21 0 5 12 17 0 7 0 0 14 0 13 0 
23 0 14 5 0 0 10 0 0 11 8 13 24 16 6 0 21 4 25 18 9 0 0 12 0 
0 0 0 0 0 6 9 19 12 0 23 10 20 2 3 15 14 0 11 22 5 0 0 0 0 
22 0 0 0 16 18 13 17 5 0 15 14 4 25 9 0 1 3 0 8 0 10 0 0 6 
