0 0 13 22 0 19 12 23 24 0 8 16 9 6 0 0 10 0 0 18 1 4 11 15 2 
0 18 7 2 6 4 15 10 0 8 0 1 25 11 0 0 19 22 5 3 0 14 0 12 0 
24 16 23 0 15 0 17 14 3 0 0 0 0 10 0 0 0 7 11 9 25 13 0 0 0 
0 14 0 0 17 0 13 2 0 7 0 0 0 18 0 23 0 0 15 16 0 10 8 0 9 
0 0 0 9 10 0 0 0 5 11 15 13 14 0 23 20 0 24 8 0 19 17 3 7 0 
1 21 24 0 0 23 3 0 0 25 0 15 0 17 19 8 5 20 0 12 2 18 6 9 0 
22 17 8 3 4 0 9 13 1 0 7 25 0 0 5 15 11 0 23 2 0 0 0 0 0 
0 0 0 12 2 0 16 0 10 24 0 8 0 0 0 3 25 14 7 0 0 5 0 0 4 
0 0 16 0 0 0 0 5 0 14 0 0 23 0 2 4 22 0 6 1 7 0 10 0 3 
0 15 5 0 0 12 0 4 21 0 11 0 10 14 0 17 0 18 16 0 0 0 0 23 0 
16 5 0 18 0 0 0 0 0 23 1 0 3 0 0 0 7 0 2 8 21 9 0 4 17 
23 0 0 0 8 0 0 0 17 9 0 14 0 25 0 22 1 19 3 11 10 15 2 16 24 
17 0 22 14 11 10 0 18 25 15 12 0 0 2 8 0 16 0 20 4 6 0 0 13 0 
15 0 10 0 0 0 4 8 0 0 0 17 0 19 11 0 6 21 0 14 20 22 18 5 0 
4 24 0 19 0 0 22 0 16 0 0 0 15 0 0 10 17 25 0 13 11 23 0 14 8 
7 22 0 0 12 14 24 9 2 0 3 6 17 5 13 19 4 8 21 0 16 0 0 18 10 
0 3 1 0 16 0 0 0 0 10 18 21 0 0 0 2 14 0 0 23 0 20 0 0 0 
0 8 0 0 23 0 0 0 0 0 20 2 11 16 15 0 0 1 12 0 0 0 5 17 21 
0 0 0 0 0 21 5 0 0 17 25 23 0 0 14 18 0 16 24 10 0 8 0 0 0 
0 0 0 0 0 11 0 16 23 3 0 4 0 0 12 0 9 0 0 5 0 7 0 1 19 
20 11 15 0 24 0 0 0 14 22 0 9 8 0 0 0 0 0 10 0 13 19 4 0 0 
0 7 3 21 0 0 23 25 8 0 24 11 12 0 0 0 15 2 0 0 0 6 0 0 0 
0 2 17 0 1 0 0 21 12 0 14 0 0 7 25 11 0 0 19 0 18 0 0 24 0 
14 0 0 5 22 0 11 24 0 20 2 18 0 15 0 9 13 0 0 17 8 25 7 21 23 
0 4 0 23 13 15 6 0 0 0 0 0 0 3 17 0 8 5 14 0 12 2 0 11 22 
