2 0 5 0 3 4 6 8 0 0 12 0 0 0 10 22 0 21 0 0 1 23 0 0 13 
1 0 23 0 0 0 0 5 9 0 0 0 13 8 0 0 18 6 0 7 0 17 15 0 0 
14 0 0 0 7 22 13 21 0 0 0 1 6 18 0 0 0 4 0 23 0 0 2 0 8 
8 0 0 16 6 20 10 0 19 1 0 2 24 23 21 9 11 17 14 13 3 0 5 0 0 
4 0 13 21 0 0 0 16 0 0 0 14 9 20 0 1 0 19 0 3 18 22 11 10 0 
0 17 0 23 0 0 14 12 0 2 18 3 20 7 4 6 0 11 5 0 13 25 0 0 16 
9 0 1 0 12 0 3 0 0 15 0 17 0 25 19 2 20 13 0 14 0 0 0 23 0 
0 0 6 0 0 16 22 0 0 0 0 0 0 0 2 8 10 23 0 0 20 5 17 18 15 
7 14 0 18 24 25 0 17 0 13 23 6 10 0 0 21 22 0 9 19 12 0 8 11 1 
0 2 0 0 0 23 19 18 11 0 5 13 22 0 1 4 0 0 15 16 0 14 0 0 3 
19 6 0 0 0 0 0 20 23 0 0 8 14 0 18 0 12 0 24 0 0 0 13 21 2 
0 0 0 14 4 13 0 0 12 0 1 7 11 19 9 0 0 8 0 17 5 0 0 15 0 
0 21 20 24 13 10 7 0 0 3 0 0 5 6 23 11 19 0 16 22 8 1 18 9 0 
15 18 16 0 9 1 0 0 5 19 0 10 17 3 13 0 0 20 23 4 0 12 24 22 25 
0 0 0 8 0 0 15 4 22 25 0 0 0 0 20 0 3 9 0 21 0 0 0 0 7 
5 0 0 17 15 0 25 13 0 10 8 18 1 0 11 0 7 22 0 2 16 21 20 14 23 
0 23 10 0 14 11 17 0 0 22 20 24 3 16 0 0 0 0 0 6 9 0 0 2 0 
11 0 2 12 21 15 18 0 0 4 17 0 25 13 0 0 0 0 1 5 0 6 0 0 0 
6 3 0 25 0 0 0 14 8 5 0 15 23 0 0 0 24 10 0 11 0 0 12 0 18 
0 7 22 0 18 0 0 24 0 0 19 0 0 0 6 0 0 0 3 8 15 0 0 17 0 
24 19 0 0 0 0 0 0 0 20 0 23 18 14 25 0 8 5 0 0 17 0 22 3 11 
17 0 9 0 0 19 16 0 0 0 0 21 4 0 8 3 0 0 0 0 7 15 0 0 20 
16 4 7 0 0 5 0 9 24 0 10 0 15 0 22 0 13 2 17 0 0 0 0 0 14 
18 0 0 0 0 8 4 22 0 11 3 0 2 5 0 15 0 0 10 0 0 16 19 0 0 
21 0 8 15 5 14 23 3 17 18 6 0 0 12 0 19 4 0 22 0 0 10 1 13 0 
