7 6 0 8 18 0 11 0 15 0 0 0 22 20 1 13 0 0 0 0 19 3 0 0 17 
9 4 0 3 0 1 0 0 0 0 5 0 0 0 0 16 0 0 0 0 0 25 0 0 20 
24 0 0 10 22 2 18 12 0 0 21 9 0 15 0 0 20 0 11 0 13 7 16 0 4 
20 5 0 0 11 0 0 0 0 0 0 19 4 25 0 24 17 14 6 0 1 15 22 18 0 
0 0 13 1 0 0 0 0 5 0 0 18 24 11 0 22 0 0 4 0 0 0 14 0 0 
1 0 0 6 24 16 0 0 0 18 19 0 0 0 0 0 0 4 0 0 14 0 0 12 11 
23 7 5 11 20 8 21 13 12 0 1 0 18 2 16 0 0 0 0 0 0 0 0 17 0 
13 25 0 0 16 15 22 0 23 0 14 0 8 7 11 10 21 17 18 0 6 2 9 20 0 
0 22 0 21 0 0 14 0 9 19 0 0 25 24 0 0 1 2 23 3 7 0 4 16 5 
2 0 0 4 0 0 6 0 1 0 0 20 9 12 10 19 22 0 16 0 0 0 18 0 21 
22 19 0 0 0 24 12 5 0 21 6 8 23 0 0 25 10 16 14 0 17 11 0 2 3 
25 0 0 0 0 0 3 11 10 0 18 1 0 0 0 0 19 0 0 21 0 0 20 0 7 
0 10 0 0 0 0 25 15 0 14 20 7 2 16 0 0 9 0 0 8 0 18 0 0 13 
18 0 0 15 23 7 20 8 2 16 17 24 10 0 0 1 4 0 13 11 12 21 0 14 9 
21 14 4 16 0 9 0 6 0 23 0 12 0 22 15 0 7 20 0 17 10 19 0 0 25 
0 0 10 14 0 0 0 0 17 15 0 23 0 0 5 9 24 21 0 0 0 4 0 0 0 
8 21 0 18 0 23 9 19 7 0 25 15 20 14 17 4 0 0 22 16 5 1 3 0 0 
4 0 1 0 25 21 0 0 0 3 9 10 0 6 0 0 0 8 0 0 18 0 23 19 0 
3 11 0 9 5 25 0 0 6 0 22 21 16 8 2 0 0 0 0 0 0 20 17 13 0 
0 0 0 13 15 18 0 16 0 0 4 11 19 0 12 0 2 1 0 0 0 22 21 8 0 
0 13 22 23 7 10 0 21 0 8 12 2 11 0 14 17 0 3 19 24 25 6 0 9 18 
12 0 0 17 4 13 0 18 19 0 24 25 0 0 0 21 0 6 8 23 22 14 10 3 16 
0 15 0 20 0 12 5 3 0 6 0 22 13 0 19 18 0 9 0 0 0 0 0 0 0 
16 0 19 24 0 22 23 25 0 9 0 3 17 0 0 0 13 0 0 4 20 0 0 15 0 
6 0 9 0 0 0 17 0 24 1 8 16 0 10 0 12 0 11 20 22 21 0 13 7 0 
