0 9 0 6 0 16 0 13 2 11 8 7 0 0 3 5 
0 11 0 0 4 9 0 14 1 6 0 0 0 7 0 12 
3 14 0 16 0 0 0 8 0 0 0 4 0 11 0 6 
0 0 0 0 0 0 0 0 10 0 0 3 16 8 0 0 
8 0 15 13 0 0 1 0 14 10 0 0 12 0 5 11 
1 0 9 0 0 0 0 5 8 16 11 0 2 13 4 0 
7 4 0 0 8 0 11 0 0 0 0 6 10 1 16 14 
11 0 0 10 0 0 0 12 4 0 0 0 0 6 9 0 
15 8 0 3 1 11 0 0 0 0 2 0 14 9 6 13 
0 0 0 0 0 0 0 7 16 8 0 0 0 0 0 10 
0 0 10 0 0 0 8 16 0 3 0 15 0 4 7 1 
14 0 0 7 0 0 13 0 9 4 1 11 0 0 8 0 
0 15 3 9 7 10 0 0 0 0 0 8 0 12 14 2 
0 12 0 8 14 2 6 15 0 0 16 1 0 0 13 3 
13 0 6 0 0 0 4 0 0 0 0 14 0 0 0 8 
16 7 14 1 13 0 0 0 0 12 0 2 15 5 11 0 
