9 0 0 13 1 0 0 16 15 5 14 2 0 7 0 0 
11 1 0 0 15 0 0 14 6 3 0 4 0 8 10 0 
0 0 2 0 10 0 0 6 0 7 0 0 0 0 1 14 
0 0 0 16 0 0 0 9 8 1 0 12 3 0 13 0 
0 0 0 9 12 0 0 0 0 0 2 0 0 5 0 0 
0 0 0 15 0 9 0 5 0 0 0 0 0 14 2 1 
1 13 5 0 2 15 0 4 0 12 8 6 0 0 16 10 
14 8 11 2 3 10 16 0 0 0 0 5 7 0 6 12 
3 9 0 0 5 0 11 0 0 6 12 0 0 0 0 0 
2 15 0 4 6 0 0 0 0 0 11 0 0 0 0 9 
6 0 13 10 4 0 9 12 2 0 0 0 5 0 0 8 
0 0 0 5 13 0 8 0 10 0 3 0 0 0 11 6 
0 3 0 14 16 4 0 0 12 15 5 0 1 6 0 7 
5 0 0 0 0 0 13 8 0 0 1 3 10 0 0 16 
7 0 0 12 9 6 0 3 16 10 0 0 14 0 5 0 
8 16 10 11 0 0 12 1 0 13 0 0 4 3 0 0 
