0 0 0 6 0 0 15 12 7 18 0 20 0 0 0 3 0 11 0 0 0 0 0 17 1 
20 12 0 0 11 24 0 13 0 22 8 19 0 0 0 0 15 4 16 18 0 3 5 23 0 
15 0 18 0 0 2 4 16 17 10 0 0 0 0 22 0 20 0 0 0 25 24 0 0 19 
4 16 0 3 25 14 0 0 0 19 21 24 18 17 15 12 2 8 22 6 9 0 0 11 0 
0 23 0 14 0 0 11 0 6 20 9 12 13 4 0 0 1 0 0 0 18 0 0 22 15 
11 0 20 9 12 0 10 0 0 23 1 16 15 22 4 24 0 0 0 0 0 2 7 3 0 
2 8 15 7 19 6 0 4 20 0 0 0 9 18 0 0 0 13 1 0 24 0 21 25 22 
17 0 0 25 0 0 0 0 0 21 7 11 24 2 12 20 3 15 0 23 5 0 0 4 6 
0 0 0 0 6 17 0 0 0 7 20 21 0 23 0 25 9 0 18 4 0 15 13 12 0 
23 0 0 0 1 0 16 15 24 0 6 0 10 13 25 0 0 17 7 12 20 11 0 18 9 
18 0 0 0 9 7 5 0 0 6 0 0 0 0 8 23 0 20 25 1 11 17 0 16 3 
5 19 4 0 0 0 0 0 0 0 0 2 0 16 9 6 0 22 0 8 0 0 0 0 0 
3 0 16 0 0 0 25 0 12 4 13 23 1 15 5 0 19 0 0 24 0 8 18 14 7 
0 24 0 0 21 18 13 23 0 16 17 25 0 7 11 0 0 14 0 3 0 0 0 5 0 
0 0 0 12 13 3 21 22 0 8 0 18 0 0 0 5 7 16 11 17 1 10 0 0 0 
0 0 0 0 8 0 20 0 0 0 16 7 0 0 0 0 22 3 0 14 13 0 25 10 21 
0 0 5 16 3 0 24 7 0 9 25 0 12 19 13 1 0 10 17 20 15 18 4 6 23 
25 0 0 18 24 16 0 21 0 0 15 0 11 8 10 19 6 5 0 9 0 0 2 7 12 
0 0 1 0 0 0 22 0 0 17 0 5 6 3 0 0 24 0 0 2 16 20 0 8 11 
22 14 0 13 10 15 0 6 0 0 18 0 0 20 0 0 0 0 4 11 0 1 0 0 5 
0 5 3 2 0 19 6 8 10 12 4 15 0 25 0 0 23 18 0 0 21 13 11 0 0 
9 10 14 21 23 0 0 24 0 0 22 13 16 0 2 11 0 0 0 0 4 5 0 1 0 
0 4 0 0 15 22 0 0 3 11 23 0 8 0 0 0 5 0 20 21 2 0 10 0 0 
0 0 0 22 20 21 0 25 0 0 0 0 5 0 19 0 0 0 2 10 23 12 0 15 0 
12 17 0 19 18 0 0 5 16 13 0 0 0 11 20 8 0 0 0 0 7 14 0 0 25 
