0 0 10 0 0 13 8 5 0 0 2 6 1 0 0 12 
16 0 0 0 10 3 6 2 8 5 7 0 15 0 11 0 
5 11 0 13 0 7 0 1 0 0 9 10 3 0 0 8 
2 8 0 0 0 15 0 0 0 3 4 13 0 6 0 0 
0 10 7 6 0 11 0 0 16 0 0 0 14 0 0 2 
0 4 0 9 13 0 7 0 2 12 15 0 8 10 3 0 
0 16 12 0 0 1 2 0 5 0 10 0 0 7 13 0 
15 0 0 2 0 0 0 12 7 0 0 9 4 5 1 16 
12 6 0 0 8 0 0 7 15 0 0 2 0 11 4 10 
3 15 1 0 0 0 0 0 4 6 0 16 0 0 0 9 
0 0 0 11 16 0 0 13 0 1 14 7 12 0 6 0 
9 14 8 0 0 0 0 0 0 0 0 0 16 0 7 15 
0 1 16 0 0 0 0 15 0 2 0 8 0 3 0 7 
0 0 0 0 7 12 0 0 6 10 0 0 0 0 0 1 
0 0 9 0 1 0 10 0 3 0 0 0 0 14 0 4 
6 7 15 0 2 0 3 0 0 14 12 0 10 9 0 13 
