2 0 0 7 0 10 4 8 9 0 0 13 15 3 5 16 
0 16 0 5 3 12 13 0 0 15 0 0 0 0 0 0 
0 14 0 15 2 0 0 0 0 11 0 0 0 0 0 0 
4 13 0 0 0 15 0 0 0 3 12 6 9 2 8 10 
1 0 14 0 0 0 0 0 13 0 0 0 0 11 9 15 
5 9 13 0 0 7 0 2 0 6 0 3 0 1 16 12 
12 8 0 0 1 11 5 0 4 0 16 14 0 0 0 2 
0 7 6 10 8 13 0 9 0 12 0 15 3 4 14 0 
0 12 3 6 0 0 0 11 0 0 13 1 0 0 10 4 
9 4 0 8 5 0 10 0 0 0 0 11 12 0 6 3 
0 0 5 11 4 0 0 7 3 0 0 9 13 14 2 8 
0 0 2 0 0 0 8 0 12 0 0 0 0 0 0 0 
6 11 0 0 10 0 0 0 0 0 1 7 2 13 0 9 
15 0 8 0 0 0 0 0 6 0 9 0 16 0 1 14 
14 0 0 9 0 0 0 0 11 0 3 0 0 0 12 6 
0 3 0 13 9 6 1 0 0 0 0 0 0 8 15 7 
