9 0 24 11 23 18 0 0 15 0 21 17 0 25 0 0 13 0 16 8 0 0 7 3 6 
15 0 0 16 8 0 21 0 5 0 0 0 0 0 3 19 10 12 17 23 0 20 22 0 14 
19 7 0 0 0 6 0 0 8 0 20 0 0 10 0 21 0 1 18 0 4 0 0 0 0 
0 0 1 13 22 24 0 20 0 3 4 23 0 8 0 6 15 0 11 0 25 19 0 21 0 
0 0 0 0 0 11 0 0 0 16 12 0 0 0 15 0 4 0 3 25 0 17 0 5 0 
0 3 12 7 0 1 15 21 19 8 14 0 10 0 2 0 20 0 25 13 18 24 0 0 17 
0 9 0 0 0 0 6 24 17 2 18 13 0 12 0 15 0 0 8 7 0 0 0 20 23 
22 18 0 4 2 0 23 12 20 0 0 0 8 16 0 9 0 11 0 0 0 0 6 14 15 
0 0 14 0 24 0 0 3 16 13 15 0 20 0 17 1 0 4 0 0 5 21 11 0 0 
6 17 0 15 0 0 0 11 14 0 1 0 0 0 0 24 21 2 0 18 0 16 0 0 0 
0 15 0 0 0 12 13 0 0 5 3 0 22 11 0 14 25 18 1 20 6 2 0 0 0 
25 0 11 0 7 0 0 19 6 0 8 16 0 20 5 0 2 0 21 0 24 0 0 9 0 
24 6 0 0 20 0 16 17 0 9 19 0 21 2 0 13 0 0 0 5 12 0 0 0 11 
1 10 16 17 3 0 20 18 0 11 6 7 25 0 9 0 0 0 15 0 14 8 5 0 21 
0 0 5 0 13 21 3 0 25 24 17 12 4 1 0 8 11 16 9 6 10 18 0 19 20 
12 23 0 24 0 4 25 15 0 0 0 0 0 19 0 0 7 5 0 0 0 0 21 18 8 
0 0 0 0 0 3 8 0 18 12 9 0 14 15 21 11 0 22 0 24 0 13 0 10 19 
0 13 9 0 0 0 2 16 0 0 24 8 0 17 22 18 0 15 14 0 23 3 0 6 5 
4 0 8 3 0 23 10 1 7 0 25 0 12 0 16 20 9 0 2 0 15 0 0 0 0 
0 16 22 0 0 0 17 0 24 19 23 0 6 3 20 12 8 25 10 0 0 0 0 0 0 
3 21 18 9 17 15 0 0 4 25 22 0 0 0 6 7 0 8 24 11 19 0 0 0 0 
0 0 15 0 0 17 12 0 0 0 7 20 9 21 25 2 16 0 0 1 22 0 0 11 0 
0 25 7 6 0 0 0 8 0 18 0 1 0 4 19 0 5 17 13 0 0 9 14 0 24 
13 0 0 0 0 16 24 0 1 20 0 0 2 18 0 25 14 0 0 0 0 7 0 0 3 
11 0 23 0 1 19 7 0 21 14 0 3 17 24 12 0 18 0 20 15 0 5 0 4 25 
