5 3 0 0 0 0 24 0 0 13 0 16 23 20 4 8 0 0 0 17 1 0 22 9 0 
0 24 0 0 0 0 20 8 9 0 0 0 0 21 22 0 13 25 0 0 4 17 15 0 16 
9 25 17 0 4 0 0 0 5 21 0 19 1 8 0 12 6 11 16 0 24 23 14 20 0 
0 23 0 20 16 22 0 17 4 6 0 5 11 7 9 0 14 24 1 0 12 0 18 0 3 
13 1 0 10 14 3 0 0 23 16 24 17 25 0 0 0 9 22 0 4 19 5 0 7 0 
7 6 0 0 3 2 0 0 16 24 5 0 0 0 21 0 8 17 22 25 0 1 0 12 0 
0 0 0 0 0 13 18 10 17 5 0 0 9 0 15 3 4 0 0 0 20 0 25 24 22 
22 0 0 0 2 0 0 12 0 0 4 8 16 1 0 0 20 0 0 0 0 18 23 14 17 
19 10 20 0 0 6 22 0 15 0 3 0 0 0 11 0 16 14 12 0 5 0 8 0 4 
0 0 0 11 5 25 0 0 0 0 12 0 0 10 14 21 0 1 0 0 0 0 0 3 19 
0 0 3 16 0 0 14 25 0 0 7 0 15 0 13 1 21 0 11 0 22 2 0 0 0 
0 0 2 0 20 4 1 23 13 0 8 0 10 3 17 24 19 16 9 18 25 6 7 5 12 
0 0 25 0 0 18 0 20 0 7 0 0 0 0 0 4 0 13 0 14 0 0 0 15 0 
14 9 19 0 15 24 12 16 3 17 1 0 18 5 6 10 22 0 0 7 8 4 11 0 0 
0 17 0 18 13 0 21 6 0 0 25 2 0 4 0 0 0 15 8 5 0 3 0 1 0 
0 7 0 0 17 0 0 4 0 0 9 0 2 11 0 16 10 0 0 12 18 24 13 0 0 
0 8 23 0 10 21 16 13 22 0 19 15 0 18 0 17 0 0 0 0 6 14 1 4 7 
15 11 4 0 0 9 0 0 20 0 0 22 0 23 1 0 5 0 13 21 0 12 2 16 10 
24 2 0 13 25 12 0 19 6 0 0 10 21 0 7 14 15 23 0 0 9 0 20 8 0 
0 0 0 0 0 0 10 2 0 14 0 0 0 0 8 0 0 18 0 6 0 19 0 0 0 
23 14 16 17 11 20 13 0 0 0 15 1 0 0 0 0 24 9 3 0 0 0 0 21 8 
4 19 0 0 0 17 0 22 0 8 0 0 3 0 5 0 23 12 0 16 0 20 0 0 0 
0 0 10 0 7 23 9 1 0 0 0 24 0 0 18 5 11 0 15 0 0 16 3 19 14 
3 0 0 0 22 0 0 15 25 10 0 12 8 16 23 0 18 21 0 1 11 0 4 6 0 
0 15 24 0 0 0 6 3 0 4 0 11 7 9 19 22 0 20 10 0 2 0 0 23 25 
