10 3 14 12 0 7 0 11 6 20 13 0 0 15 0 21 5 0 4 16 23 0 0 18 0 
0 25 2 0 9 0 10 0 0 0 18 23 21 0 0 17 3 0 0 7 12 4 15 0 0 
23 7 16 19 0 13 0 4 0 0 3 5 0 9 17 14 20 0 0 0 0 0 10 1 25 
17 0 0 1 0 19 0 0 0 0 20 0 2 0 22 24 23 0 0 0 0 6 7 0 0 
13 4 0 18 5 23 12 17 0 0 0 6 7 0 14 1 9 0 15 0 0 0 0 2 3 
21 10 0 13 18 0 14 8 5 0 6 1 0 0 23 20 0 11 7 0 17 19 0 24 0 
11 0 1 0 12 24 3 6 0 0 15 0 0 0 18 4 19 0 9 23 0 0 8 0 0 
0 23 0 0 4 22 13 25 11 0 12 2 19 8 21 0 0 5 0 3 0 16 0 0 0 
0 0 0 0 15 0 1 23 7 12 0 10 14 4 0 25 6 21 0 13 0 0 18 0 5 
0 0 3 0 0 0 0 19 18 2 22 9 0 25 0 0 0 1 12 0 11 13 0 15 21 
0 0 0 14 0 16 8 0 12 6 2 0 0 17 20 0 15 9 21 11 0 0 0 0 0 
15 0 5 0 19 0 0 2 0 23 14 0 0 0 25 22 13 16 10 4 0 0 1 0 0 
0 24 13 0 11 0 0 14 0 22 0 0 1 12 4 2 0 17 0 6 20 0 0 21 0 
2 9 6 10 0 0 7 0 4 1 23 0 24 21 8 5 0 0 19 25 0 18 16 0 14 
22 21 7 0 0 25 17 9 10 15 0 16 0 13 0 18 0 0 1 0 0 12 0 4 0 
9 8 24 0 0 0 22 0 13 18 10 19 0 20 2 7 0 4 25 0 0 3 5 0 6 
0 0 0 0 13 0 0 0 23 0 24 0 9 22 7 3 0 6 0 0 4 15 0 0 0 
16 20 0 0 0 2 9 0 0 0 5 21 0 0 0 12 17 0 0 19 18 8 0 0 22 
0 0 0 6 14 0 0 0 3 19 4 0 16 23 13 8 0 0 5 20 0 25 0 12 7 
4 1 0 5 2 0 0 7 24 0 0 0 0 18 3 9 0 10 13 15 0 0 21 20 19 
5 0 18 11 10 0 0 0 0 7 17 3 23 0 0 0 0 8 2 0 0 14 12 9 20 
1 0 0 0 0 3 19 0 15 5 0 24 0 0 12 0 4 0 22 18 10 17 0 23 16 
0 13 19 24 22 9 0 12 2 14 0 20 0 5 0 16 25 0 0 17 7 0 11 0 15 
0 17 0 15 20 0 0 24 0 0 0 0 11 2 0 19 1 0 0 9 0 5 0 0 0 
7 0 12 4 0 6 23 16 17 0 21 0 22 0 9 13 10 15 0 0 3 1 0 0 18 
