1 6 0 0 14 7 3 0 2 8 0 0 15 16 0 0 
0 16 0 11 8 0 10 15 0 6 5 14 12 0 1 0 
0 0 7 0 2 0 12 11 0 0 4 0 6 0 0 5 
0 0 13 4 1 0 6 16 0 0 11 0 8 10 0 2 
0 0 15 1 0 12 13 0 16 2 0 0 0 5 0 0 
0 0 8 0 6 11 9 0 0 13 0 0 0 4 15 16 
0 0 14 0 0 16 0 0 6 0 3 7 2 0 0 9 
0 3 0 0 0 0 0 0 0 11 0 0 13 0 12 0 
14 11 0 0 9 15 0 0 0 0 0 0 0 8 0 0 
10 7 5 9 0 13 1 0 0 15 12 0 0 0 16 0 
0 1 6 8 5 2 14 0 0 7 0 13 11 12 0 15 
0 0 3 0 0 0 8 0 0 0 0 0 1 9 0 6 
8 0 1 0 0 6 0 2 12 5 0 0 0 7 0 0 
0 0 10 14 0 3 11 0 8 0 1 0 0 15 4 12 
7 0 0 0 12 1 0 9 0 0 15 6 10 13 2 0 
5 0 9 0 10 0 15 0 0 4 7 2 16 6 0 1 
