0 20 10 0 0 7 3 19 0 0 4 8 12 25 5 6 16 24 0 0 1 0 0 0 0 
21 18 12 0 0 6 5 24 25 22 0 10 0 23 16 1 0 8 17 0 0 7 2 0 9 
0 0 0 0 17 9 0 21 14 10 2 18 24 3 15 0 12 4 7 0 16 23 0 0 0 
13 0 0 0 16 2 0 15 0 4 0 0 0 0 22 18 0 0 9 0 0 5 24 0 11 
24 25 14 7 5 8 0 0 0 0 11 9 0 0 19 0 2 0 0 0 13 0 6 0 0 
2 5 0 10 21 11 23 0 0 0 0 25 7 19 6 0 0 0 18 0 8 15 0 1 0 
0 0 23 6 0 0 19 9 13 16 0 2 0 0 0 0 25 0 0 15 10 0 4 0 5 
7 0 3 17 0 5 0 0 18 12 20 16 0 0 11 0 23 0 1 22 2 0 21 0 0 
0 16 0 0 0 0 15 0 22 21 0 23 1 0 0 7 0 0 2 11 0 0 0 0 12 
25 0 11 1 0 0 0 2 17 0 0 0 0 24 4 9 0 0 0 16 18 0 23 13 22 
19 22 0 5 11 16 10 17 6 0 0 3 18 21 0 14 0 2 0 0 4 0 1 0 0 
16 14 13 0 0 4 0 0 15 1 12 20 0 2 0 0 0 25 0 0 24 0 17 0 0 
0 0 1 15 0 24 0 0 20 13 6 0 11 8 7 5 18 0 0 17 0 0 0 2 19 
0 0 24 8 0 19 0 0 0 3 14 5 17 16 0 0 4 7 11 1 0 6 0 18 15 
0 0 0 20 2 18 0 23 12 11 0 19 15 0 0 0 21 16 10 0 0 0 5 0 0 
14 12 0 0 6 23 0 0 0 0 0 0 3 0 21 0 20 5 16 0 22 0 0 9 0 
8 0 0 0 7 21 1 0 0 18 0 15 13 0 0 10 14 0 0 6 0 4 0 16 24 
0 13 0 4 3 0 11 16 0 5 19 14 6 12 1 21 8 18 24 9 15 0 0 23 0 
10 24 0 21 20 14 25 12 0 0 0 0 0 9 0 15 1 0 4 0 5 13 3 19 0 
5 0 16 9 0 15 4 13 19 20 7 24 0 0 0 12 0 3 0 2 21 0 11 6 0 
23 0 9 0 0 0 16 4 3 0 0 0 19 0 0 20 11 21 0 10 0 17 18 0 0 
11 0 0 0 10 0 24 1 21 0 18 22 0 17 20 2 15 9 0 0 3 19 13 0 0 
18 3 17 0 0 0 0 6 5 15 25 21 8 0 0 19 0 23 0 4 20 2 0 10 16 
0 6 19 12 8 17 2 0 0 9 0 1 4 0 3 16 0 13 5 18 0 21 14 0 25 
0 4 21 0 0 20 18 0 0 0 16 13 2 0 0 0 0 0 0 3 11 8 15 0 23 
