9 0 0 20 0 11 7 3 0 18 6 2 10 12 0 0 4 0 14 5 0 0 23 17 0 
2 19 0 0 0 13 0 0 0 9 14 11 16 5 20 0 12 0 0 0 0 0 1 6 4 
17 11 0 0 25 14 19 2 10 0 3 23 7 13 0 1 0 15 18 16 20 0 22 0 12 
0 15 0 0 6 8 0 0 4 0 17 9 0 18 25 23 20 0 0 21 0 0 0 0 0 
0 23 13 0 14 24 0 0 25 0 4 1 0 15 8 17 9 0 10 6 11 0 19 0 0 
10 0 7 0 0 0 23 0 0 12 22 8 0 14 13 0 11 0 0 3 0 15 0 25 0 
11 0 12 22 0 15 3 0 0 19 9 5 20 4 0 0 0 0 0 10 7 18 8 0 0 
0 0 0 2 23 17 6 25 21 0 18 0 3 1 19 0 5 13 8 9 12 10 11 0 20 
8 0 0 0 5 0 4 0 0 0 7 0 12 0 0 20 0 6 0 0 0 19 21 0 0 
0 9 24 0 19 0 0 0 0 0 0 17 6 0 10 0 23 0 0 0 2 14 13 0 0 
3 0 0 0 0 0 0 16 2 0 19 20 0 6 14 0 0 8 0 0 1 24 5 18 23 
0 0 0 0 18 0 10 0 0 17 0 0 0 21 1 14 0 16 0 15 0 13 3 9 2 
16 0 8 0 0 0 20 21 0 0 0 0 15 0 0 0 6 0 3 2 0 0 7 11 0 
15 1 0 4 9 25 12 6 0 8 24 0 0 10 5 18 17 0 23 0 22 20 14 16 21 
14 0 25 23 21 18 24 0 0 3 0 0 4 7 0 22 0 0 0 0 0 17 15 0 0 
0 0 0 0 0 12 0 0 6 10 0 13 0 0 0 0 2 25 15 17 0 23 16 0 22 
6 0 0 11 15 0 25 17 0 7 16 10 0 0 0 21 19 0 1 18 0 0 0 20 0 
0 22 16 8 0 2 1 9 3 15 12 0 23 0 18 6 0 10 5 20 24 25 17 4 11 
19 25 17 0 12 21 0 0 13 0 0 15 1 0 22 16 14 0 9 23 8 0 6 3 0 
20 0 23 9 7 16 0 0 19 24 25 21 5 0 0 0 22 11 13 8 18 0 10 12 15 
13 0 0 0 1 0 11 0 0 5 0 22 21 0 16 12 3 0 6 25 0 0 0 0 0 
0 0 0 0 0 0 9 10 0 23 0 4 0 0 0 0 16 20 0 1 21 0 25 0 13 
22 0 20 16 2 0 0 8 17 14 0 6 0 25 0 5 0 0 0 0 10 0 24 15 9 
23 10 19 12 8 0 2 22 0 25 0 7 24 20 11 0 0 0 21 0 5 3 18 14 0 
25 5 21 17 11 0 0 0 0 1 0 0 9 0 0 8 10 14 24 0 16 0 12 2 0 
