4 0 0 0 0 5 0 0 0 6 8 10 3 0 1 2 
0 1 0 0 0 15 10 8 2 4 0 11 14 16 0 0 
0 0 0 11 2 12 6 0 0 0 14 0 4 13 8 7 
8 0 0 0 0 0 0 4 7 12 0 16 0 9 0 0 
0 5 7 0 4 0 0 0 15 0 11 14 0 0 16 0 
16 14 4 0 0 0 0 0 6 5 0 3 0 11 0 9 
0 0 15 0 7 16 11 12 0 9 0 0 0 14 2 0 
11 0 0 0 15 9 0 0 0 7 12 0 8 0 0 0 
0 0 0 15 0 13 0 0 0 14 5 1 9 10 12 0 
12 0 0 0 1 11 9 0 0 15 7 0 0 8 0 0 
13 0 1 0 0 14 16 0 8 0 0 0 2 5 0 0 
10 0 0 0 12 8 0 15 0 0 0 13 11 0 4 1 
2 4 3 10 0 7 13 1 14 16 6 8 0 12 9 15 
14 7 0 8 0 6 15 3 0 0 2 0 13 0 11 0 
0 15 0 0 16 0 0 0 12 0 3 7 1 0 0 10 
0 13 0 0 0 0 0 0 0 0 4 15 7 3 0 0 
