0 0 0 13 12 0 0 0 14 8 19 0 16 0 6 3 23 0 5 25 1 9 0 11 7 
0 0 16 0 8 17 9 0 24 22 0 0 0 15 10 13 0 11 0 20 0 2 0 3 0 
6 24 5 25 11 7 0 20 16 0 0 14 22 3 4 0 0 0 1 9 10 12 0 18 21 
2 1 0 4 23 25 6 0 11 0 0 13 0 24 7 0 21 0 14 16 0 0 0 0 17 
17 0 3 0 9 12 15 0 0 0 0 5 23 0 11 0 19 0 6 22 0 0 16 14 0 
18 2 0 23 0 0 21 4 20 12 11 9 5 0 0 0 13 19 0 10 0 15 17 0 24 
10 0 0 5 0 2 11 0 25 19 0 0 0 0 0 22 3 9 21 0 0 4 13 8 12 
11 12 0 9 22 16 13 0 15 10 0 0 0 17 24 0 4 0 2 18 3 0 7 0 0 
0 0 0 0 16 18 0 22 0 23 0 0 4 0 19 0 0 0 24 1 0 11 0 0 0 
4 8 0 24 13 0 0 0 0 17 10 18 0 0 1 11 16 0 15 23 25 0 2 19 22 
5 0 4 0 0 8 18 0 0 0 0 0 6 10 17 0 0 0 20 0 23 16 12 24 0 
12 0 0 0 0 3 10 19 0 9 0 0 11 0 14 6 5 0 0 24 2 7 1 0 18 
19 18 1 7 0 22 0 0 0 6 20 3 13 2 12 14 17 15 25 0 0 0 0 5 0 
24 16 23 0 10 0 0 0 4 11 1 0 9 25 5 0 2 8 12 0 0 0 0 17 0 
9 22 17 6 2 0 25 7 0 14 24 0 19 0 0 0 0 13 0 11 0 3 21 20 0 
0 19 0 0 0 11 16 0 0 24 0 0 0 0 0 23 0 14 0 0 7 0 4 0 0 
25 0 2 16 6 0 5 0 7 20 8 11 15 0 21 0 0 18 0 0 19 0 0 0 0 
21 3 9 1 18 14 0 8 0 0 0 23 7 0 20 0 0 0 11 2 0 24 15 0 16 
0 5 0 0 0 6 23 3 18 0 0 0 0 0 13 19 22 0 4 15 0 25 0 9 2 
8 23 11 14 17 13 0 0 0 0 0 0 24 0 0 0 0 0 0 21 0 0 0 0 6 
23 9 14 18 7 15 8 11 10 2 5 0 0 16 0 0 0 0 0 6 12 21 19 4 0 
0 13 25 21 4 0 22 0 9 0 0 0 2 0 15 16 8 0 0 0 17 6 0 0 1 
15 0 0 2 0 20 14 0 0 16 0 10 17 1 23 0 0 0 22 0 24 18 25 13 0 
0 10 8 0 5 0 0 0 0 7 0 0 18 4 0 0 25 0 19 12 15 14 0 23 3 
1 11 24 0 3 0 0 25 6 5 13 0 0 12 0 15 20 7 0 0 0 10 22 2 9 
