8 2 6 0 7 10 0 0 5 0 14 0 0 0 3 16 
3 0 15 12 0 4 14 0 11 6 0 0 0 0 0 1 
10 4 0 0 0 11 0 0 12 0 0 0 0 0 9 6 
0 1 0 7 0 0 0 6 3 0 0 8 15 0 0 11 
6 13 0 16 0 1 3 11 0 2 0 4 9 0 0 0 
0 0 0 0 10 15 13 0 0 11 0 14 0 0 4 12 
0 12 2 0 8 0 9 0 0 5 16 1 0 0 0 15 
0 0 8 0 6 16 0 0 0 0 0 0 0 1 0 0 
16 7 12 15 13 6 11 1 4 8 2 0 5 9 14 0 
0 6 11 0 2 0 15 0 0 0 5 3 1 0 0 4 
0 10 3 8 9 0 16 0 0 12 6 0 0 0 0 13 
0 0 0 2 3 12 0 7 0 0 0 0 0 6 10 0 
13 15 4 0 14 0 6 0 10 0 0 16 12 2 0 0 
0 0 0 6 0 0 10 0 0 0 1 0 4 0 0 0 
7 0 0 0 0 9 1 12 2 15 4 5 8 13 6 0 
12 0 0 10 4 0 5 0 0 9 0 6 14 0 0 7 
