0 10 0 11 6 0 3 5 0 0 7 1 0 0 16 15 
16 0 0 6 14 10 0 0 0 0 13 0 0 4 2 0 
15 1 3 7 0 0 0 13 0 2 5 0 10 14 0 11 
0 0 0 14 0 0 0 11 0 0 10 0 0 5 1 0 
0 2 16 0 1 11 6 14 15 0 0 0 0 7 0 0 
0 0 0 3 0 0 13 0 6 12 0 0 0 11 8 16 
1 0 7 12 10 3 0 0 2 4 16 0 9 6 13 0 
5 0 0 0 0 12 16 0 0 11 0 13 2 0 0 10 
4 0 0 10 0 0 1 0 5 7 0 8 0 9 6 0 
0 7 0 0 3 16 0 6 13 1 11 14 0 0 0 0 
0 6 0 0 0 14 0 0 0 16 0 0 7 0 15 2 
0 0 0 0 0 0 0 0 10 0 0 2 11 0 0 13 
6 0 0 0 0 0 14 7 0 0 0 16 0 0 0 12 
7 0 2 15 0 0 0 0 14 8 0 9 5 16 11 0 
12 0 8 1 0 0 0 16 4 10 3 15 6 0 7 9 
0 16 11 5 0 0 9 0 7 0 1 12 14 2 4 8 
