20 14 21 23 0 0 8 0 0 11 1 24 0 15 25 18 13 2 3 0 7 9 0 0 0 
0 0 15 11 0 0 0 0 2 0 14 0 6 17 16 0 0 23 7 0 21 25 24 22 0 
3 6 12 0 25 0 23 17 0 0 0 11 21 0 20 22 0 9 0 0 5 14 1 0 0 
1 9 0 16 17 0 21 0 0 18 0 22 0 4 3 6 0 5 12 0 13 23 19 0 15 
0 2 0 19 0 25 13 0 0 15 0 0 9 23 0 14 11 0 17 21 10 0 8 0 0 
0 0 0 12 4 0 10 8 0 0 0 0 13 21 15 0 0 0 0 24 18 1 23 6 0 
13 0 0 6 24 0 1 21 0 0 16 2 7 5 23 0 0 0 20 3 11 4 0 14 0 
2 0 17 21 19 4 0 6 0 24 0 1 0 20 18 0 12 22 8 0 9 7 0 3 0 
0 1 3 20 11 0 12 23 25 0 0 0 0 10 0 0 0 0 13 7 24 0 21 5 17 
0 0 0 8 5 2 11 0 0 7 0 3 12 14 24 0 0 15 6 17 0 0 0 16 20 
10 8 20 0 16 12 22 11 0 9 18 25 5 0 0 15 17 14 0 0 0 0 2 0 0 
11 17 13 5 0 19 0 16 14 0 0 0 0 2 21 0 0 3 10 18 20 0 9 0 0 
6 4 0 14 21 0 15 0 5 0 0 0 24 0 19 13 8 11 0 0 0 0 0 0 25 
0 23 19 0 2 0 0 3 24 25 0 0 0 0 8 12 4 6 0 0 0 0 0 15 0 
25 0 24 0 15 0 0 7 1 0 6 12 14 0 17 23 0 0 0 20 0 10 22 0 13 
0 18 0 24 3 0 0 1 11 8 0 14 22 19 13 0 5 17 2 0 15 6 4 10 7 
7 13 0 0 0 0 2 0 6 5 0 0 16 0 0 0 3 0 0 14 0 18 20 25 19 
19 0 2 0 0 10 0 18 17 14 0 0 25 24 0 0 7 20 0 16 22 13 0 9 0 
14 22 0 15 0 21 0 19 12 0 0 0 0 3 0 9 18 0 0 13 17 0 0 8 0 
5 0 11 0 8 0 16 13 7 0 21 0 4 0 2 0 15 0 19 0 0 0 0 12 23 
0 21 0 0 0 14 7 0 0 12 11 5 0 16 0 3 0 0 0 10 8 19 0 0 24 
0 11 0 1 0 0 19 15 23 0 8 13 18 25 10 24 0 0 4 0 2 0 3 21 5 
0 0 0 0 18 0 24 22 8 13 2 0 0 0 0 17 0 7 0 5 23 11 0 0 9 
12 19 5 0 0 17 0 2 0 0 0 7 0 6 0 20 21 8 15 0 25 16 18 0 22 
0 24 0 0 20 0 5 25 21 0 15 19 23 22 0 0 6 0 0 0 0 0 10 0 14 
