0 0 0 0 11 0 6 0 9 12 0 0 0 0 0 21 16 15 5 0 0 1 19 23 0 
0 0 0 0 0 0 16 8 0 11 13 0 0 0 19 12 4 14 0 0 0 0 21 0 0 
21 0 0 3 0 0 25 22 0 0 0 8 0 20 14 0 0 0 9 18 15 7 16 0 2 
18 0 0 9 24 0 13 0 4 21 0 0 23 11 5 2 3 8 19 0 0 0 0 25 14 
16 0 0 12 15 0 17 0 0 2 9 6 0 10 0 1 0 23 22 11 13 24 0 3 5 
0 16 10 20 0 0 8 5 22 4 0 0 19 1 23 14 0 7 0 2 0 0 0 13 17 
9 2 0 5 25 0 10 0 23 6 0 14 13 0 0 20 12 0 4 0 0 16 18 0 0 
6 0 13 1 21 19 15 0 0 0 7 18 0 0 25 0 0 9 0 16 22 0 0 24 10 
11 0 22 4 0 17 0 0 13 3 0 0 0 0 0 0 24 1 6 19 23 14 0 20 25 
0 0 0 23 14 1 18 16 0 7 11 17 0 2 0 0 0 0 0 0 0 4 0 0 0 
4 23 16 0 0 0 0 25 18 8 12 13 0 0 0 15 0 0 1 21 7 2 3 0 0 
0 0 0 7 2 9 0 0 10 16 4 0 20 21 0 17 0 19 18 23 6 15 25 8 1 
0 0 21 6 9 0 0 0 7 0 0 15 0 0 0 0 13 16 24 8 14 0 20 0 0 
0 18 5 19 3 0 0 0 0 13 0 11 6 0 8 0 20 10 2 0 21 0 17 16 24 
0 0 0 8 22 21 12 0 0 0 2 19 1 0 16 11 9 3 25 5 10 13 0 0 18 
10 0 0 0 7 0 0 2 0 17 19 0 0 0 18 13 22 0 14 4 0 0 24 6 3 
22 0 0 13 4 0 20 0 0 0 21 0 0 5 0 0 23 24 12 25 2 17 7 1 0 
0 0 12 0 5 0 1 6 25 9 0 4 0 0 0 19 0 0 8 0 16 23 14 22 21 
0 15 25 17 1 0 5 0 24 19 14 23 22 13 0 9 7 21 11 0 0 20 0 10 0 
19 0 18 14 8 3 7 23 21 0 0 20 10 16 12 0 2 6 17 0 0 0 0 15 0 
7 11 0 22 0 5 9 0 16 0 20 12 3 0 0 0 21 0 0 14 0 0 0 17 23 
17 0 14 0 6 0 0 21 11 20 15 0 0 0 13 0 0 0 0 9 25 0 0 18 12 
8 25 4 18 0 15 2 0 0 24 0 0 0 19 0 3 0 0 0 0 9 22 11 14 20 
23 12 3 15 0 6 22 10 17 0 0 0 0 0 0 24 0 5 7 13 0 0 0 2 0 
0 0 0 0 16 4 0 12 0 23 18 22 2 24 17 0 0 11 10 20 3 0 13 7 0 
