0 0 0 0 4 0 11 0 14 0 9 7 0 15 0 0 
0 15 0 0 6 16 12 0 10 0 0 0 0 3 7 0 
10 14 0 0 2 15 5 7 6 0 3 4 11 0 0 0 
0 7 0 12 0 0 9 0 0 5 0 0 14 0 0 0 
0 0 0 0 0 0 0 0 0 10 11 0 0 7 8 6 
8 0 0 0 7 0 10 0 0 3 6 9 12 0 13 15 
0 5 0 0 0 0 13 12 0 15 0 14 10 2 0 1 
0 10 0 14 11 4 0 0 8 2 0 0 0 0 3 9 
0 16 8 0 0 10 0 2 0 0 0 0 13 0 12 3 
9 0 13 0 14 12 15 6 0 0 10 16 0 0 4 0 
0 3 7 1 5 9 0 0 0 6 0 0 15 0 0 0 
0 12 4 10 0 0 0 0 0 0 0 1 0 0 14 0 
2 6 14 0 0 5 1 8 16 0 4 0 0 0 15 12 
12 0 10 0 0 7 4 16 9 0 5 3 0 11 0 14 
5 0 11 15 0 0 14 9 7 8 0 2 0 4 1 16 
0 4 9 3 12 0 2 11 15 0 0 0 8 10 0 0 
