0 0 17 25 0 20 21 0 23 2 11 14 0 0 0 9 1 13 12 8 10 5 4 0 0 
0 0 18 0 0 0 24 14 0 12 20 0 17 0 23 3 10 22 0 19 15 0 0 6 1 
21 10 0 0 0 0 0 0 0 0 5 0 0 0 16 0 14 6 0 0 0 0 22 0 19 
0 0 3 0 8 0 0 17 4 22 0 0 0 12 25 11 0 0 18 0 14 16 13 23 2 
6 0 5 14 19 7 0 0 8 0 3 1 10 22 0 0 0 16 4 2 0 0 0 21 12 
16 0 13 0 0 15 22 12 18 8 24 17 0 0 20 14 0 25 3 4 11 0 0 10 9 
0 19 14 0 21 0 0 24 17 23 0 22 18 6 11 0 0 20 0 0 4 0 12 13 8 
10 3 0 0 0 1 6 20 0 25 13 5 4 0 0 12 15 0 0 9 23 0 0 0 0 
17 0 8 24 15 0 0 2 0 14 16 3 12 23 0 0 0 7 13 18 0 0 25 0 20 
0 1 0 0 20 13 0 0 16 5 0 0 0 0 14 19 22 0 11 0 21 3 17 0 0 
22 4 0 0 18 0 8 19 7 11 0 23 6 5 0 0 16 12 14 0 0 10 0 0 0 
0 0 0 16 25 0 9 23 22 0 0 0 3 13 4 8 0 0 0 0 18 0 2 17 0 
0 24 0 0 14 2 0 21 20 15 0 19 8 0 10 0 0 17 22 0 0 12 0 0 5 
13 12 19 0 10 0 0 25 24 16 0 18 21 11 0 1 0 23 0 20 9 8 0 7 3 
0 0 0 17 7 0 5 0 10 0 0 0 16 15 0 18 4 0 0 25 20 0 0 0 0 
0 0 7 0 16 0 0 0 0 18 0 0 0 0 17 25 0 0 10 0 12 0 24 9 4 
15 13 10 0 17 0 0 0 0 4 19 16 7 0 12 22 0 3 23 0 25 6 0 11 0 
1 0 0 0 9 14 0 0 0 24 10 0 0 0 0 13 19 11 21 6 7 23 15 16 0 
3 8 0 0 0 0 0 0 0 10 1 11 20 9 13 5 17 0 0 16 2 21 0 0 22 
18 0 23 0 0 19 0 0 0 0 0 6 25 0 15 0 0 0 20 7 0 1 3 5 10 
0 0 21 0 0 22 16 0 14 7 25 9 0 19 3 17 20 4 8 11 0 18 0 2 15 
14 22 0 7 0 9 0 4 0 0 23 13 0 21 0 0 18 19 0 5 3 0 10 0 25 
2 0 0 0 3 0 11 5 0 21 4 12 14 16 0 23 25 15 0 10 22 0 0 0 0 
11 0 0 0 4 0 0 8 13 6 2 0 22 20 0 21 0 9 1 0 16 14 0 0 0 
9 0 0 10 0 0 23 3 2 0 18 15 1 17 8 16 13 0 7 22 6 0 0 12 21 
