0 10 11 1 24 23 0 5 17 12 0 0 0 0 15 19 0 16 22 14 0 0 0 7 0 
22 0 0 14 9 0 16 11 0 0 0 5 4 19 21 13 0 6 7 12 20 2 23 0 1 
0 23 0 0 0 4 0 0 22 0 14 20 12 0 11 0 8 0 0 18 15 0 16 17 10 
0 0 16 21 20 14 18 0 0 6 0 8 3 0 0 2 4 15 11 0 0 0 24 19 0 
0 4 2 0 18 21 0 0 0 0 6 24 0 17 0 0 1 23 20 0 9 11 0 14 0 
0 11 18 10 12 20 0 0 16 5 0 14 0 0 17 0 19 2 3 24 0 0 25 9 4 
24 17 0 15 14 22 0 10 0 1 20 4 13 3 0 0 9 18 5 0 2 12 7 6 0 
23 0 0 0 4 2 0 0 25 0 0 0 0 12 0 14 11 0 15 13 21 0 20 18 0 
9 1 0 0 0 0 13 12 11 18 0 0 5 0 16 23 7 21 8 0 0 0 0 24 0 
21 0 0 0 25 15 4 17 0 14 0 0 18 24 0 0 6 10 12 1 19 0 8 5 0 
20 0 0 9 3 1 21 24 0 2 7 17 15 4 25 12 10 0 0 19 0 16 0 0 14 
1 0 0 24 19 0 22 0 20 25 23 0 0 0 0 9 5 3 17 11 4 0 18 12 0 
14 0 25 0 0 6 0 0 15 0 19 0 11 0 3 0 20 4 0 8 0 17 0 0 9 
0 8 22 4 0 11 17 0 0 10 0 6 9 0 0 0 0 0 0 21 25 0 15 23 2 
17 0 6 13 11 0 9 4 7 0 24 16 21 22 0 15 0 25 18 23 0 20 0 0 0 
0 0 14 0 0 0 0 1 0 0 0 0 20 5 0 0 0 0 0 0 13 25 6 11 15 
0 16 9 0 0 0 23 15 0 22 0 0 0 6 24 5 0 0 0 0 7 0 0 20 8 
18 7 0 20 22 17 5 19 6 16 21 0 0 9 0 0 15 11 25 0 0 0 1 0 12 
0 0 15 12 0 0 10 0 14 11 0 23 1 0 2 8 0 7 4 0 16 9 5 0 24 
0 3 0 0 1 7 0 21 0 4 16 0 0 0 19 0 0 20 0 9 14 18 0 0 17 
2 21 0 0 0 5 7 16 3 19 4 1 22 0 6 0 0 13 14 0 11 8 9 15 0 
0 0 0 0 0 0 0 23 1 17 0 0 24 14 0 4 16 0 0 0 5 0 0 0 20 
0 0 1 22 0 13 0 0 0 20 0 0 0 8 7 0 23 0 10 6 0 24 2 3 0 
4 20 0 18 0 0 0 22 2 0 0 15 0 0 5 0 25 12 0 0 1 0 17 16 0 
0 24 0 17 0 8 0 25 10 21 0 12 0 16 20 11 0 0 1 0 0 22 13 0 23 
