0 12 0 5 0 14 0 0 0 0 9 4 0 2 0 15 
0 0 0 0 0 0 0 8 12 15 0 3 14 0 16 0 
1 2 0 16 9 0 15 0 5 0 14 0 0 7 8 4 
0 0 15 14 0 0 2 0 0 0 7 11 0 5 0 0 
0 3 12 0 8 0 4 16 10 14 1 6 0 0 5 0 
0 16 0 1 0 0 0 0 9 3 12 5 0 10 0 8 
0 0 7 0 12 0 10 0 0 2 11 0 1 0 3 0 
2 5 0 10 0 0 0 1 4 0 0 13 0 0 0 12 
5 0 8 13 14 0 0 6 2 0 0 0 0 3 11 16 
0 1 2 15 0 0 0 10 0 4 16 9 0 0 6 0 
0 0 14 0 0 11 0 4 0 8 15 0 0 12 0 10 
0 0 0 6 0 12 0 0 3 0 0 14 0 1 0 7 
8 0 1 0 4 16 6 9 0 11 5 2 12 0 0 3 
0 13 0 0 5 2 12 14 0 10 0 0 0 11 7 1 
0 10 6 2 15 0 0 7 0 1 3 12 0 0 0 0 
11 14 0 0 0 0 0 13 7 0 4 16 0 15 0 0 
