25 8 0 6 13 0 9 15 14 2 0 18 0 3 12 0 11 4 0 0 19 24 0 20 16 
11 5 0 0 0 0 0 0 0 0 2 0 25 0 0 9 0 8 19 0 0 13 0 17 3 
17 0 14 0 4 13 1 18 0 22 19 0 7 24 0 0 5 20 0 0 15 25 0 21 0 
15 18 0 16 21 7 3 19 0 17 0 0 11 9 0 0 2 13 23 22 4 12 0 10 6 
0 0 10 20 0 25 0 24 11 0 0 0 4 17 13 0 0 0 0 0 7 0 0 0 2 
2 0 5 0 1 17 7 22 9 0 25 13 0 14 21 11 15 23 18 0 3 0 12 4 10 
0 0 0 0 25 0 0 13 23 18 0 15 20 0 0 0 8 22 1 0 0 0 7 0 0 
0 0 0 21 0 11 0 0 24 25 12 2 17 1 10 7 0 3 0 19 0 6 18 8 13 
0 0 0 13 0 0 20 12 5 6 0 7 9 0 0 2 25 0 10 0 14 11 0 1 0 
9 16 0 11 0 10 15 3 0 1 0 0 0 0 5 0 13 17 0 0 23 21 0 0 22 
23 10 0 0 15 0 0 7 0 21 0 0 0 6 17 1 18 0 2 25 20 0 0 0 0 
0 0 18 0 0 0 0 0 22 0 0 10 0 0 11 0 19 0 17 0 0 23 0 14 15 
0 0 8 0 16 2 0 0 0 3 0 12 0 5 0 23 0 0 0 15 0 18 0 22 25 
0 0 22 19 0 23 24 0 25 0 4 9 8 0 18 16 0 0 6 0 12 7 0 0 0 
5 0 3 14 7 15 0 20 19 4 16 23 0 0 0 8 0 0 22 21 0 0 0 6 1 
1 0 0 24 10 12 17 2 20 0 0 19 0 11 4 14 22 6 0 23 0 0 16 7 9 
0 0 0 2 5 3 0 0 21 7 0 1 0 0 0 13 0 18 0 11 10 19 0 24 20 
0 11 20 18 9 16 0 10 15 0 0 21 0 7 14 4 3 19 0 8 1 17 5 0 0 
0 23 6 15 8 0 19 14 4 5 0 0 0 0 16 10 0 0 21 12 0 0 3 11 18 
0 0 0 0 0 1 11 6 18 0 5 22 0 0 24 15 7 0 0 0 25 0 0 13 8 
12 19 0 4 11 0 21 0 1 0 0 20 0 0 2 0 6 15 0 5 0 22 13 25 0 
0 1 21 0 0 0 0 11 12 0 0 4 0 25 9 0 20 0 16 7 0 3 24 0 0 
10 0 0 22 18 19 13 25 0 15 1 0 12 0 0 0 23 11 0 4 8 16 0 0 14 
6 14 9 5 20 4 8 0 0 24 15 17 0 19 0 22 0 25 0 0 11 1 0 12 23 
0 15 25 3 0 0 0 0 0 0 0 11 22 0 0 0 10 12 8 0 0 4 2 18 21 
