0 12 0 0 0 0 15 0 16 4 0 0 0 14 0 7 
0 5 0 0 0 14 0 0 0 0 0 0 0 0 4 0 
3 2 10 16 0 12 13 0 15 6 0 7 0 1 0 11 
11 14 0 0 0 8 16 7 0 1 0 9 10 0 12 3 
12 0 0 4 16 0 0 0 0 0 11 2 0 3 1 0 
0 0 3 8 0 4 0 0 6 0 16 0 11 13 0 0 
16 13 2 0 0 7 11 15 0 3 4 12 0 9 0 0 
0 10 6 11 12 0 3 1 0 0 7 8 0 0 0 2 
10 0 7 2 6 0 0 0 0 0 0 14 0 0 0 15 
14 15 11 0 7 16 4 13 3 0 0 0 0 0 0 0 
0 0 0 0 0 0 0 0 10 7 0 16 0 0 11 5 
13 16 12 5 0 0 2 0 0 0 9 6 14 7 0 0 
1 11 0 10 0 0 7 0 0 0 6 0 2 0 0 9 
0 9 0 0 0 6 8 12 0 11 1 0 3 0 14 16 
0 3 14 0 11 2 10 16 7 0 0 13 1 0 0 6 
2 0 16 0 9 1 5 0 12 8 0 0 0 11 13 0 
