5 11 1 12 9 0 0 0 0 16 0 0 15 10 0 0 
0 0 0 6 10 0 14 5 15 0 12 0 0 0 0 16 
8 0 0 0 3 0 0 15 14 9 0 10 0 1 0 0 
0 0 0 0 0 0 12 0 0 1 13 0 0 5 8 9 
0 0 11 0 6 0 15 3 2 12 0 9 5 7 0 0 
0 0 8 0 0 0 0 13 0 15 0 7 6 12 3 11 
6 0 15 0 0 2 8 0 0 3 0 11 9 16 0 0 
0 0 0 1 11 4 10 12 5 0 16 6 2 14 0 15 
0 0 0 0 0 0 0 4 1 0 9 0 8 6 11 12 
0 0 5 0 12 14 0 0 3 11 0 15 13 2 16 0 
16 13 4 11 15 0 6 1 0 0 0 0 10 3 0 14 
0 0 9 0 0 10 0 0 0 4 6 0 0 0 5 1 
13 0 0 0 0 3 4 0 0 6 8 0 11 9 0 2 
4 0 0 0 0 0 0 6 0 0 0 0 0 0 0 3 
0 0 0 8 0 15 13 0 9 2 0 0 0 4 0 0 
0 1 6 0 2 12 16 9 4 0 10 3 14 8 7 5 
