0 0 0 0 0 14 10 6 15 0 0 0 11 0 0 1 
0 0 14 3 2 0 0 0 4 13 1 9 0 0 0 6 
10 7 0 0 4 0 0 13 0 5 0 0 0 0 0 12 
1 0 11 6 7 9 0 8 16 0 0 0 14 4 0 0 
14 0 1 15 0 13 12 7 8 10 11 3 16 0 4 9 
0 2 0 0 8 0 0 15 0 12 5 16 0 14 1 0 
0 0 0 0 0 0 2 14 0 15 9 13 12 0 6 0 
0 5 0 9 6 0 16 1 14 4 0 0 15 0 3 0 
0 8 6 16 10 3 0 4 13 0 12 11 0 0 0 15 
9 0 0 0 15 12 0 0 0 8 0 1 6 0 11 0 
0 14 15 0 9 0 13 11 0 0 0 0 0 12 0 2 
0 10 4 0 14 0 0 0 0 9 0 15 0 0 8 13 
3 15 7 4 1 0 0 0 9 16 14 0 8 11 13 5 
0 11 0 0 0 0 0 0 0 6 8 0 3 1 0 0 
0 0 10 0 0 5 14 0 0 0 13 4 0 0 0 16 
6 0 0 12 16 0 0 0 0 0 0 5 2 0 0 4 
