11 0 0 22 4 0 14 9 0 18 7 2 6 0 0 17 0 21 16 0 8 0 0 20 5 
0 25 0 0 18 23 0 12 13 24 22 10 17 21 0 0 0 3 0 14 0 1 7 0 0 
0 0 20 24 23 16 0 2 11 0 14 13 0 0 19 22 0 0 0 8 0 4 12 0 18 
3 0 21 2 6 0 0 0 0 7 0 0 9 18 0 5 23 0 0 12 14 19 11 0 22 
0 0 0 9 0 4 21 22 0 0 0 0 23 0 11 10 0 0 18 24 25 17 0 0 0 
0 0 0 0 0 18 11 6 0 0 8 4 7 0 10 13 22 1 9 16 0 0 0 0 0 
0 14 0 8 0 10 0 0 0 1 11 0 0 17 22 19 0 25 23 20 24 3 0 7 2 
1 24 10 0 16 20 0 0 0 0 0 0 0 19 21 15 11 0 0 0 0 5 9 13 0 
0 17 0 0 0 19 0 13 24 9 20 0 16 23 0 0 0 18 12 4 10 15 22 0 0 
0 0 0 0 13 0 4 0 0 14 15 6 0 9 5 7 3 24 0 10 12 16 1 0 20 
0 23 0 0 5 0 0 0 0 0 0 0 0 14 0 11 0 0 0 0 1 0 0 0 0 
6 18 0 12 0 0 19 11 0 0 13 16 10 22 0 14 15 20 24 0 0 21 4 23 17 
20 4 17 0 11 0 12 0 0 0 3 25 24 7 23 16 19 22 1 5 0 0 2 8 9 
22 0 0 1 10 2 17 24 23 3 6 19 20 5 0 8 12 4 25 9 15 0 0 0 13 
13 0 0 14 3 0 6 4 9 10 0 0 11 0 0 18 21 23 2 7 20 24 16 22 25 
10 0 23 0 8 22 25 0 0 0 9 3 5 0 24 0 0 0 0 0 7 11 17 6 0 
0 0 11 0 25 0 9 20 0 8 0 23 0 16 13 0 0 0 0 6 3 22 21 0 10 
14 0 0 16 24 15 13 18 0 17 10 0 21 0 0 1 0 8 0 11 0 2 5 0 23 
0 20 3 18 0 0 16 0 4 0 19 0 8 11 25 24 0 0 5 0 13 0 0 0 1 
9 0 0 13 0 11 3 0 7 0 0 0 12 0 14 0 0 0 22 0 18 0 8 0 0 
0 9 0 0 0 1 18 0 0 4 23 0 14 0 20 0 0 0 0 22 0 0 25 12 0 
23 0 0 17 12 0 0 16 22 0 21 0 25 1 7 2 24 11 0 13 19 0 0 0 0 
16 0 6 11 14 21 7 0 0 13 18 0 15 0 4 23 20 0 10 0 22 0 3 2 24 
21 2 13 0 0 0 8 0 5 0 0 11 0 6 3 9 0 17 0 25 16 0 10 1 0 
18 0 0 25 19 0 24 3 6 0 0 0 22 0 0 21 0 12 4 15 23 0 0 0 7 
