8 0 21 9 25 20 0 19 0 4 0 24 12 0 0 0 5 2 0 14 7 0 18 0 17 
0 4 0 0 0 9 25 3 0 0 15 0 17 0 0 0 16 7 0 8 0 1 0 0 23 
17 19 23 16 0 0 0 2 8 21 3 18 0 22 0 6 0 0 9 4 0 24 0 12 15 
2 0 10 0 0 14 12 0 0 0 4 21 0 0 0 1 3 0 23 13 0 0 0 5 0 
0 0 0 14 15 0 0 24 6 0 25 8 0 1 9 19 17 0 0 18 2 3 0 13 4 
0 10 14 0 0 18 0 11 0 17 0 0 0 0 0 23 0 0 0 0 0 13 22 24 5 
0 0 11 0 7 0 0 1 0 19 16 10 14 0 3 22 8 0 5 15 17 2 23 0 25 
19 5 0 15 12 0 13 14 2 0 0 0 1 8 25 0 20 0 21 6 0 9 4 18 7 
4 2 0 0 0 0 5 20 0 0 9 23 0 13 21 18 0 0 0 0 15 0 3 11 0 
9 20 0 23 17 22 4 16 3 6 11 7 0 5 18 13 0 0 0 2 0 21 12 14 19 
10 8 25 11 4 23 0 0 0 0 20 16 0 17 0 2 0 0 6 0 0 15 13 7 22 
0 24 0 17 0 0 0 0 10 22 0 0 0 0 11 16 0 0 0 0 0 0 2 0 0 
12 6 5 1 3 0 0 0 13 2 19 9 22 0 0 17 0 23 7 11 0 0 0 0 20 
22 9 0 0 0 0 0 7 15 0 21 0 0 0 13 0 0 0 25 20 4 17 0 16 11 
7 16 15 18 13 11 17 6 0 25 12 2 3 24 0 0 22 5 14 10 0 0 0 0 0 
20 0 4 0 21 0 0 5 12 24 2 0 0 18 15 14 0 0 1 0 19 25 16 0 9 
14 12 0 0 0 25 0 13 0 16 0 19 23 0 0 0 0 15 8 24 0 7 11 0 2 
23 15 9 8 19 0 6 10 14 0 0 0 0 0 16 20 0 0 4 0 0 22 5 0 21 
3 0 7 24 5 0 0 0 0 9 1 0 21 12 20 25 0 16 0 0 0 4 0 6 14 
25 1 0 13 2 0 0 22 0 0 0 0 11 0 5 0 21 0 19 0 0 12 10 0 18 
6 23 12 7 0 5 22 17 16 18 8 3 0 20 0 21 0 14 0 1 25 0 19 0 13 
0 25 18 4 9 0 11 12 0 15 0 0 0 21 23 0 6 0 0 0 0 20 0 0 3 
0 22 0 0 0 0 0 0 24 0 10 0 19 6 12 7 0 8 18 25 0 0 1 9 0 
0 21 8 0 11 6 9 0 0 10 0 13 25 16 22 0 12 0 20 3 0 14 0 15 0 
0 14 19 3 0 7 0 0 21 0 18 1 0 0 17 0 23 11 22 0 0 0 0 0 10 
