16 12 5 0 0 15 0 0 10 0 7 13 3 0 0 6 
0 14 13 15 0 16 0 0 0 2 4 0 0 7 12 8 
6 2 1 0 7 3 14 5 0 0 8 0 10 0 0 0 
10 11 0 8 13 6 0 0 16 1 0 0 4 5 14 0 
0 16 6 0 0 0 0 0 8 0 0 1 5 0 0 0 
9 0 8 0 0 0 0 0 3 0 0 14 16 0 11 0 
4 0 3 0 0 0 10 0 13 12 11 0 0 0 0 1 
0 0 11 0 0 0 3 0 7 0 5 0 15 0 0 0 
5 8 0 6 12 0 9 0 1 0 14 11 0 15 0 0 
0 1 10 3 5 0 0 0 4 0 0 0 6 12 13 14 
0 0 12 16 0 10 15 0 0 0 13 0 7 0 4 5 
0 0 14 0 6 1 4 2 12 16 0 0 9 0 8 3 
12 3 0 10 15 4 6 0 2 0 0 0 0 0 5 0 
0 6 0 0 9 2 0 0 14 0 12 4 8 10 3 0 
0 0 0 1 14 7 0 10 0 13 0 0 12 0 0 0 
14 5 0 0 0 8 0 0 15 10 0 0 1 0 16 0 
