0 19 20 0 0 0 5 0 0 11 16 25 0 22 2 0 15 17 0 18 1 3 0 23 4 
0 9 0 4 23 0 15 24 0 6 0 5 21 3 17 0 0 0 0 0 13 25 2 16 0 
21 5 0 0 0 0 0 16 14 22 1 20 6 0 19 0 2 11 0 0 7 12 0 0 9 
0 0 13 0 8 25 7 1 17 0 12 0 0 0 0 0 22 0 6 0 14 11 0 21 10 
10 1 11 22 15 4 21 0 13 2 0 14 0 7 0 23 25 0 0 3 0 0 19 0 0 
9 12 0 8 2 1 0 20 25 0 23 0 0 4 0 13 10 3 14 0 11 0 0 0 0 
19 0 3 0 24 0 0 5 0 4 0 0 0 0 25 9 16 23 0 17 20 10 0 22 18 
0 17 7 0 20 13 19 0 18 0 14 0 9 21 0 0 0 12 1 0 3 2 23 25 0 
13 0 15 0 25 0 9 0 0 0 0 0 1 16 0 8 0 19 2 0 12 6 4 0 5 
0 23 0 10 0 11 16 0 15 12 0 22 17 8 3 5 0 20 18 25 21 19 0 9 24 
24 15 22 0 5 0 20 25 11 0 0 0 0 17 23 1 0 18 0 0 9 0 0 0 0 
4 20 0 0 10 12 1 13 0 8 19 21 3 0 0 15 0 2 16 22 0 0 0 11 0 
11 0 1 9 19 0 3 15 22 5 25 0 0 0 14 24 17 21 0 7 4 0 0 0 0 
3 0 0 7 0 0 17 0 0 21 10 8 11 24 0 0 0 13 0 9 0 15 5 0 16 
8 0 16 0 0 2 14 4 0 9 6 0 0 20 1 3 23 0 0 0 19 22 0 0 0 
0 0 2 1 0 0 12 0 6 0 0 9 0 5 0 21 0 22 17 0 10 0 25 4 19 
0 7 0 0 9 0 0 19 2 1 0 0 0 0 12 0 0 0 24 0 0 20 22 0 11 
17 0 0 20 0 0 0 23 10 25 18 1 0 19 0 2 11 9 3 0 15 0 0 5 0 
12 0 0 16 0 5 0 0 9 17 24 23 14 0 13 20 0 0 7 0 0 0 0 6 0 
0 0 19 13 22 0 18 0 16 14 17 0 0 0 21 6 4 0 0 0 0 1 0 0 0 
0 10 9 15 13 7 24 8 0 0 22 0 0 14 0 0 0 0 12 21 25 23 11 2 6 
25 21 0 14 0 0 10 2 4 18 0 13 19 1 0 0 5 0 0 0 0 7 20 0 3 
22 11 23 0 0 0 0 0 12 0 21 10 0 18 15 16 3 0 25 2 5 4 0 8 1 
0 24 12 0 16 14 0 11 1 0 5 0 25 23 0 0 0 7 22 13 18 0 0 0 0 
0 0 8 0 0 0 0 0 0 23 7 2 0 0 6 10 9 14 20 0 22 0 15 13 17 
