25 0 0 5 10 22 3 12 20 0 0 19 0 0 4 0 21 17 11 9 0 7 16 2 23 
20 0 0 7 0 21 0 0 14 0 0 0 12 0 0 0 0 5 0 0 15 1 0 0 0 
0 21 1 9 12 2 0 6 8 13 0 0 7 0 25 0 20 24 4 3 0 11 14 0 18 
19 0 17 0 6 10 1 0 7 4 0 0 3 5 11 12 23 0 0 0 0 22 0 25 0 
11 0 14 0 0 16 24 0 0 0 0 2 0 17 20 0 0 0 1 0 0 12 10 0 0 
0 17 0 0 14 18 22 20 0 16 10 21 19 0 0 0 11 15 13 0 0 0 1 0 12 
18 0 7 12 16 0 4 0 0 0 0 22 0 11 13 24 2 3 9 0 8 0 0 0 0 
0 0 0 0 13 7 2 17 0 23 0 20 0 0 16 0 0 0 0 0 22 9 0 0 5 
0 19 0 0 0 8 0 13 0 12 3 0 0 18 0 0 5 0 6 22 16 25 17 20 0 
0 4 5 0 0 11 0 3 1 6 23 7 2 12 8 17 0 10 16 0 19 0 18 0 13 
0 12 0 23 21 20 13 7 16 0 1 25 22 3 0 19 0 8 0 24 11 2 0 5 6 
0 8 0 16 22 24 0 11 0 0 18 23 0 9 14 6 0 20 3 0 0 10 0 0 0 
0 20 9 25 0 0 0 0 6 10 0 13 4 2 0 0 15 0 23 0 7 0 3 0 19 
1 2 0 14 3 5 18 4 22 0 0 0 0 0 17 21 9 11 0 0 0 0 0 16 8 
15 6 0 10 0 0 23 0 21 0 19 0 20 0 12 13 16 0 0 4 0 17 0 18 9 
0 15 10 1 2 12 25 18 17 0 0 0 0 0 3 0 24 0 20 0 0 0 0 0 22 
0 14 6 0 8 0 0 24 0 0 25 0 9 0 22 5 12 23 0 15 17 21 0 13 0 
0 0 0 18 0 13 0 0 0 0 11 17 23 15 24 3 8 0 22 0 0 0 0 0 2 
21 0 0 0 0 23 8 0 3 22 0 6 10 20 1 0 4 0 19 17 0 0 0 0 0 
22 24 23 20 0 15 5 0 0 2 4 0 0 7 19 0 13 6 14 25 0 3 0 0 11 
0 0 21 0 0 6 7 22 0 24 0 0 18 0 10 0 19 9 15 0 0 5 0 23 25 
2 0 0 0 4 25 0 23 13 0 20 0 17 21 0 10 0 12 0 5 14 8 6 11 16 
0 0 20 6 18 0 10 19 5 8 0 9 16 0 23 11 22 14 17 0 0 0 0 21 1 
14 0 0 0 25 9 16 0 18 17 8 5 11 0 0 0 0 0 0 13 4 19 7 22 20 
16 23 13 24 5 0 0 21 0 1 22 3 0 19 2 0 0 0 7 0 0 18 9 12 0 
