7 9 5 1 10 6 0 0 14 0 13 12 4 15 3 0 
3 0 0 0 0 7 16 4 0 0 0 0 14 1 12 0 
0 0 0 0 1 3 12 0 0 2 4 0 0 0 0 10 
0 15 4 12 0 0 0 14 0 10 0 3 9 7 11 0 
5 1 0 13 7 4 14 0 16 3 0 6 10 11 0 0 
0 0 16 6 11 8 1 0 0 4 0 13 0 0 7 0 
0 10 0 8 12 0 0 16 0 5 0 15 0 4 6 0 
9 0 0 0 6 10 0 0 0 0 2 0 1 0 13 0 
0 6 0 0 0 14 7 0 0 0 3 16 0 0 0 0 
11 4 14 0 8 0 0 10 0 0 15 1 6 0 0 0 
0 8 1 0 0 0 0 6 2 0 0 4 0 0 14 15 
13 0 9 5 0 0 4 12 0 6 0 10 0 0 1 11 
0 11 8 0 0 2 0 0 3 0 5 14 15 6 0 7 
6 5 15 0 14 0 10 0 0 13 0 8 0 0 0 0 
2 0 0 10 3 0 6 0 0 0 0 9 0 14 8 0 
4 0 0 14 0 0 0 0 10 15 6 2 12 0 0 0 
