0 0 0 0 0 0 0 0 8 0 12 7 2 0 6 0 
7 0 0 0 4 0 0 8 14 5 0 0 3 13 0 0 
12 0 2 8 5 0 0 14 3 1 4 0 15 9 11 0 
5 6 0 0 0 0 12 13 9 2 0 16 0 8 0 1 
8 0 1 0 2 0 11 15 4 12 10 6 0 14 7 0 
0 0 13 7 14 0 10 0 15 11 1 0 0 16 0 2 
0 0 0 0 1 0 7 16 0 8 0 3 11 12 0 10 
15 11 0 10 0 4 0 12 2 0 7 9 0 0 0 0 
0 0 12 0 0 0 3 0 0 4 0 8 16 0 5 0 
2 0 0 0 12 14 0 7 16 10 5 0 8 0 13 0 
0 0 0 15 6 13 0 0 0 0 0 14 0 0 12 9 
13 7 0 0 16 0 0 10 12 0 9 15 14 0 4 0 
0 0 8 3 13 0 0 6 10 0 0 0 0 7 2 0 
11 0 0 2 8 12 0 0 1 7 3 13 0 0 0 0 
10 5 0 13 11 0 1 3 0 0 0 2 12 4 0 0 
0 0 0 12 0 7 0 2 0 0 0 0 0 0 8 0 
