24 11 4 0 0 14 0 0 0 1 0 9 0 18 17 22 19 2 20 6 0 15 0 25 0 
25 8 0 19 20 0 6 3 0 0 24 23 0 0 11 0 0 0 12 0 18 0 0 0 22 
0 0 0 22 1 0 7 15 13 2 0 0 0 5 6 0 21 25 0 0 0 0 24 11 0 
21 10 5 9 0 0 0 20 0 0 0 2 0 0 0 0 15 17 7 8 0 3 6 0 1 
0 15 7 0 0 18 0 0 0 0 22 16 0 0 0 3 14 0 0 11 9 0 0 0 12 
4 24 16 0 0 0 17 7 1 0 15 13 0 14 0 11 0 0 0 19 22 0 0 6 0 
11 25 0 20 0 0 0 13 12 0 0 17 0 0 0 4 0 15 0 0 0 0 14 8 5 
23 0 0 7 0 19 22 0 18 0 9 11 0 2 0 5 6 13 0 0 0 20 16 0 4 
0 5 6 0 0 0 3 0 8 16 20 1 0 0 21 0 0 23 9 14 13 12 11 0 15 
18 13 0 15 21 20 0 0 11 4 25 5 0 16 0 2 0 0 0 0 24 0 0 0 0 
0 0 0 10 18 1 0 21 0 8 2 19 17 0 9 6 11 7 14 0 5 22 4 12 25 
22 14 9 0 15 0 18 11 0 0 0 25 0 12 0 8 0 20 0 0 7 0 0 0 6 
12 19 20 0 7 0 25 24 17 0 0 0 8 6 18 0 9 22 2 1 16 14 15 0 21 
0 3 17 0 0 15 0 6 9 7 0 21 22 23 10 24 0 18 19 0 0 1 0 13 2 
0 2 0 1 16 0 0 0 0 0 11 15 0 24 7 13 23 0 3 0 0 8 18 9 10 
0 21 23 0 0 22 15 0 7 0 6 0 0 20 4 16 2 5 11 9 8 0 0 24 17 
7 0 10 0 4 0 0 0 6 0 8 0 9 25 0 12 22 19 0 23 15 0 0 5 16 
8 0 0 5 0 0 2 9 24 20 0 18 7 1 16 14 13 10 0 4 6 11 3 0 23 
16 9 13 25 11 0 0 8 19 0 23 0 5 15 0 0 0 0 0 7 0 0 1 0 0 
14 6 15 18 0 12 16 5 23 0 0 24 11 19 0 0 1 0 8 0 10 7 9 0 13 
0 18 11 0 0 10 0 0 3 12 1 0 0 0 0 0 0 9 0 20 4 0 22 21 19 
10 7 1 0 3 0 5 22 0 0 0 20 0 11 14 0 0 0 13 21 0 9 25 15 24 
0 16 21 0 0 6 13 17 20 18 19 0 0 9 12 25 0 0 0 0 0 10 0 7 8 
0 0 0 0 12 0 9 0 21 0 0 0 23 8 0 0 0 1 0 24 0 0 0 14 0 
9 17 19 0 0 0 1 0 15 0 18 6 21 0 0 0 0 14 10 22 0 16 5 20 0 
