14 10 8 2 12 0 0 0 3 0 16 11 15 0 7 13 
13 1 5 4 6 0 0 2 0 0 0 10 0 0 0 0 
0 0 0 0 0 10 0 0 1 12 0 13 0 0 11 5 
0 12 0 0 16 0 0 0 6 0 0 0 0 0 2 8 
3 15 9 0 0 0 0 0 0 0 7 0 0 0 0 10 
0 13 10 0 0 12 0 0 0 1 9 0 0 2 5 11 
7 0 0 8 9 11 0 1 12 10 0 0 0 4 13 15 
1 11 4 12 0 5 0 8 0 0 0 0 16 14 9 0 
8 14 11 0 2 7 4 12 0 0 0 5 1 16 15 0 
15 5 0 1 0 0 14 0 0 0 10 16 13 9 4 0 
9 6 12 0 5 15 10 0 14 0 0 1 0 7 0 3 
0 0 0 3 0 0 0 16 0 0 12 7 0 0 0 14 
12 0 6 13 1 9 2 0 0 0 0 15 8 0 0 0 
5 8 0 0 0 14 15 6 4 0 0 0 9 10 0 0 
4 9 0 14 0 0 13 10 0 0 6 0 0 0 12 0 
0 3 16 0 0 8 0 11 0 9 0 2 0 13 0 0 
