25 10 0 24 0 11 15 0 5 3 22 4 0 0 0 21 19 0 0 0 0 0 6 7 0 
0 12 0 19 21 0 0 0 0 0 0 11 8 5 0 0 14 17 10 24 0 15 3 1 0 
0 8 0 0 0 21 1 25 0 24 0 0 0 16 0 0 7 22 4 13 0 0 0 0 0 
0 1 3 11 0 4 9 14 8 13 21 0 0 6 18 0 16 0 12 15 19 24 25 0 22 
0 15 16 4 9 17 0 0 19 0 23 0 24 7 0 0 0 0 0 6 13 21 8 5 14 
0 0 7 0 10 24 0 0 0 23 0 0 0 0 3 0 0 0 8 0 15 0 20 16 25 
0 0 0 18 1 20 5 13 0 0 24 0 25 0 0 12 0 3 16 23 11 9 0 0 0 
22 3 0 20 4 0 21 0 16 0 17 23 12 0 0 6 0 0 15 0 14 0 2 19 0 
5 19 24 9 16 0 25 15 0 8 0 22 21 18 0 0 0 0 7 0 0 13 0 3 23 
15 13 0 12 0 22 3 0 10 11 0 7 4 19 16 0 21 0 5 9 1 8 18 6 0 
24 20 18 0 0 0 8 7 9 0 1 10 13 11 17 16 0 0 21 22 0 0 4 0 0 
0 0 4 1 7 0 17 3 18 16 0 2 0 8 6 13 0 5 0 14 21 19 0 22 0 
9 0 0 0 22 5 6 24 11 14 19 25 7 0 0 0 20 0 0 2 0 0 13 0 1 
0 0 0 0 17 0 0 22 13 20 3 18 0 4 14 0 1 0 9 10 5 0 0 0 12 
14 16 2 13 0 19 4 21 15 1 0 20 22 0 23 3 0 18 6 7 17 25 0 10 9 
0 22 1 0 2 16 12 0 0 0 10 0 23 3 0 17 5 4 13 0 18 0 9 0 0 
16 0 8 7 0 9 0 0 22 25 18 0 17 14 0 15 2 0 19 0 3 0 0 24 5 
19 0 20 0 15 0 13 23 0 0 16 0 0 0 0 0 10 0 0 0 7 0 21 12 6 
13 5 0 17 3 0 0 0 0 0 8 21 0 25 22 7 0 24 23 12 0 0 0 15 10 
23 0 14 0 18 7 0 6 0 5 0 19 2 0 20 0 3 0 25 16 0 17 22 4 13 
0 17 0 0 19 13 20 11 0 0 0 0 0 0 0 25 0 6 2 0 22 0 0 0 0 
4 0 0 22 0 12 0 0 0 21 0 0 0 17 0 19 0 7 0 0 24 2 0 20 0 
0 0 0 0 24 0 0 1 0 17 0 0 3 2 0 0 15 21 20 5 0 12 19 0 16 
1 14 21 8 0 15 0 2 6 0 4 16 0 22 10 0 0 0 24 0 25 7 0 11 0 
0 0 0 2 11 0 0 0 25 0 7 15 0 23 0 0 17 0 18 1 0 4 14 0 21 
