3 1 23 0 0 14 8 0 2 10 6 4 11 0 0 17 0 5 18 0 7 0 0 0 0 
12 0 0 0 21 0 0 0 0 1 8 0 0 20 18 2 0 0 0 0 22 0 0 0 17 
0 0 6 18 0 9 20 25 4 0 0 0 0 0 21 0 0 0 1 22 0 0 0 15 23 
25 9 4 20 19 3 0 0 0 0 12 1 5 0 0 0 8 6 0 24 0 18 0 0 0 
0 10 17 7 14 12 24 21 0 0 13 16 15 19 0 0 0 0 3 23 20 6 0 8 5 
16 4 11 14 0 23 15 22 1 25 7 18 2 13 0 0 0 0 6 0 8 21 12 24 20 
6 21 0 0 24 0 3 0 0 18 0 10 25 0 0 0 0 0 0 0 0 17 22 0 19 
13 22 0 0 0 4 0 11 0 0 0 0 0 0 0 0 18 24 8 0 0 0 0 10 1 
0 20 18 12 0 0 0 0 10 13 19 11 6 21 0 0 0 16 15 1 0 2 23 7 0 
10 0 5 0 1 6 0 0 0 12 16 0 0 4 0 0 0 17 0 25 3 13 9 0 11 
0 0 0 8 11 0 18 5 24 0 17 0 22 0 10 6 0 1 0 0 16 7 4 12 2 
2 5 20 0 0 0 21 15 0 0 0 0 4 0 0 24 17 25 13 0 0 0 0 22 0 
23 24 15 17 0 22 10 0 0 6 11 0 7 0 0 18 0 0 20 16 0 0 0 19 0 
0 18 0 21 0 2 0 0 0 20 0 0 23 0 6 8 10 14 11 5 24 1 17 0 15 
19 0 0 0 10 0 17 14 23 11 25 0 18 5 0 3 22 4 2 15 21 9 8 0 6 
20 3 21 0 12 10 0 18 0 0 22 15 8 0 11 14 1 0 17 0 0 4 16 0 0 
1 6 0 0 22 0 0 0 0 0 0 14 19 0 0 0 16 3 24 12 13 0 21 23 0 
17 7 0 19 5 20 0 6 0 14 21 0 3 0 0 15 4 8 9 0 12 24 0 11 0 
18 25 0 0 8 15 0 0 0 23 20 24 0 0 4 0 0 21 5 0 1 0 14 2 0 
24 11 14 4 23 0 19 8 12 21 5 9 1 25 16 10 2 0 0 0 18 15 0 17 3 
9 0 25 0 0 0 0 10 11 5 0 0 20 8 12 0 0 2 4 0 17 16 0 3 24 
4 14 12 0 18 0 0 0 15 8 2 23 0 9 0 5 0 22 16 0 11 0 20 0 0 
22 0 3 5 0 0 0 1 14 0 24 0 10 0 19 20 0 15 12 9 0 8 0 21 7 
21 17 0 0 0 24 25 13 22 9 0 6 0 0 0 19 0 0 0 0 0 5 2 0 12 
0 0 0 0 0 21 0 7 0 2 4 5 0 17 3 1 11 18 0 0 0 22 19 0 0 
