16 14 0 0 8 0 0 0 0 0 4 3 0 0 5 0 
6 12 13 10 0 0 11 0 0 0 0 5 0 14 0 0 
0 3 11 2 0 5 6 4 0 0 10 9 0 12 0 13 
0 5 0 0 0 3 0 12 6 14 13 11 0 0 0 0 
4 13 0 1 0 2 0 0 0 15 14 6 0 11 0 0 
0 0 3 0 0 0 8 0 0 13 0 2 10 4 0 14 
0 16 0 14 0 4 0 6 0 10 11 0 0 9 0 5 
0 10 2 5 3 16 14 11 1 0 0 0 0 8 6 15 
11 1 0 4 6 10 0 0 14 0 8 0 0 15 9 12 
0 0 0 0 0 14 0 0 10 0 2 0 0 0 0 11 
0 0 6 3 0 12 0 8 0 0 9 16 5 10 0 0 
0 9 14 8 2 11 0 5 15 0 3 0 4 16 0 1 
14 0 0 0 7 0 4 16 0 0 6 0 9 5 12 0 
0 7 15 12 0 0 0 14 5 4 1 0 0 13 0 0 
2 0 16 11 0 0 0 15 0 0 0 0 0 0 0 3 
0 6 0 9 0 8 3 0 0 0 0 14 15 7 0 4 
