0 24 8 0 23 1 0 0 18 0 15 19 0 25 22 13 10 0 12 0 2 0 0 5 0 
0 10 0 0 1 24 0 22 0 0 4 2 0 0 8 23 14 0 0 0 0 15 21 0 0 
13 0 18 0 0 0 2 8 0 5 6 0 9 0 0 25 0 0 0 0 23 10 0 24 22 
9 15 2 25 4 0 0 0 0 0 17 5 0 0 0 20 0 18 0 19 0 0 0 13 0 
0 19 0 20 0 15 9 13 0 0 0 3 0 23 0 2 0 4 0 0 0 17 1 16 0 
24 22 4 0 0 0 21 6 0 14 19 0 0 20 0 10 13 17 3 0 1 5 0 0 0 
0 16 0 8 0 0 10 15 1 13 0 0 0 0 24 0 20 7 0 0 4 0 12 9 0 
0 20 1 21 11 2 0 24 0 0 9 18 0 10 0 16 5 14 0 6 13 19 7 0 0 
15 0 0 10 7 0 16 0 0 0 8 0 0 13 0 0 2 0 11 0 0 20 0 14 0 
17 13 12 0 0 7 0 9 0 0 23 22 14 0 0 0 1 24 19 4 10 3 11 0 21 
0 0 9 1 2 12 25 0 10 11 0 0 0 19 13 0 0 22 16 0 0 8 14 20 24 
11 4 0 0 12 3 8 16 0 0 0 0 18 6 0 14 7 0 17 25 5 23 2 0 0 
14 25 20 6 8 18 0 17 0 23 0 4 0 0 0 5 9 19 21 0 0 11 13 22 12 
16 17 0 0 0 0 13 0 0 19 22 23 25 0 9 11 0 1 2 24 21 0 0 6 0 
0 7 13 24 0 22 0 0 9 0 12 0 11 16 2 0 3 0 0 20 15 25 17 4 0 
23 1 7 3 13 0 4 0 0 0 14 12 0 21 0 17 19 10 0 9 11 24 6 0 0 
0 0 0 0 24 0 0 21 13 0 0 0 19 0 0 0 18 0 4 0 7 16 0 0 17 
0 21 0 19 15 0 17 18 0 20 16 24 0 4 0 0 0 2 7 12 0 1 9 0 13 
20 0 0 12 18 14 0 0 0 10 0 9 1 17 0 0 0 0 0 0 8 4 3 21 5 
0 14 0 0 16 0 3 1 0 24 20 10 23 7 18 0 21 11 0 5 22 2 25 12 19 
0 9 16 11 0 0 5 12 0 0 24 0 4 14 0 0 17 23 10 0 25 13 15 1 18 
2 8 23 4 0 19 0 25 0 6 0 0 0 0 20 0 0 3 0 13 0 14 0 11 16 
10 5 19 18 0 13 24 3 0 0 0 0 7 9 17 4 25 15 0 0 12 6 23 2 0 
0 12 24 13 25 0 14 11 0 0 10 0 0 22 15 0 0 0 18 1 0 0 0 3 0 
1 6 0 17 14 0 0 4 0 2 25 0 0 0 0 12 0 5 0 8 0 0 24 0 20 
