0 21 0 1 11 0 5 0 0 0 0 0 0 0 0 2 18 0 15 0 0 0 23 0 4 
0 25 0 8 0 0 0 0 0 0 0 0 0 22 0 4 19 20 1 0 0 9 2 21 0 
18 0 22 10 14 0 19 0 16 0 25 1 0 0 0 13 9 5 0 0 0 0 8 6 11 
0 0 0 4 20 22 13 0 15 0 7 18 9 0 0 0 11 0 0 12 14 0 1 10 3 
0 19 0 7 0 0 1 17 8 9 4 0 11 0 6 23 0 10 25 3 16 0 15 0 22 
0 0 14 2 4 12 0 21 0 3 0 0 16 15 0 0 0 6 22 0 11 0 0 0 0 
19 23 11 5 17 15 24 0 0 14 0 22 3 20 2 0 10 0 21 25 0 16 0 4 0 
25 0 18 0 16 0 0 0 7 0 0 19 8 0 10 0 0 11 13 14 0 0 3 0 1 
0 20 0 13 21 0 2 0 17 0 0 0 0 4 25 0 24 3 8 0 15 0 0 0 23 
9 22 0 12 0 13 25 6 0 10 0 23 0 0 0 1 0 0 0 0 0 0 0 0 8 
21 0 0 14 22 0 7 0 0 4 0 0 12 11 13 25 0 23 3 16 0 0 19 17 18 
1 0 12 16 7 20 6 25 0 0 0 2 21 24 0 0 22 0 0 0 0 15 0 3 0 
13 18 0 23 0 17 9 0 0 15 22 0 0 16 0 0 5 1 0 0 0 0 0 12 0 
10 9 24 3 0 0 16 0 11 13 0 25 0 18 20 6 0 15 12 21 0 2 14 1 7 
11 0 0 20 0 3 0 24 12 5 10 14 7 1 4 0 17 18 19 0 22 8 6 23 0 
0 6 13 0 0 0 0 19 22 17 0 4 2 0 0 14 0 7 0 1 8 0 0 9 0 
0 14 8 15 3 0 0 0 0 0 0 21 24 17 1 0 0 9 6 18 23 0 0 13 0 
16 0 19 9 0 24 23 15 13 18 0 10 0 7 22 0 0 0 0 17 0 14 21 0 6 
12 0 0 0 23 0 14 20 9 0 0 0 6 25 0 15 4 8 16 11 18 0 24 0 0 
0 7 1 11 5 0 0 0 0 21 0 0 18 0 9 0 0 24 23 20 17 19 25 0 0 
3 11 0 22 0 9 17 5 25 7 0 12 10 8 0 16 20 0 0 15 0 0 4 0 0 
0 0 0 21 18 0 0 14 24 0 20 7 22 0 16 11 3 25 4 23 5 1 13 8 19 
14 13 0 19 0 11 4 0 20 2 0 0 0 0 0 12 0 0 9 8 0 0 0 0 15 
5 8 0 24 6 19 15 13 0 16 1 17 0 3 18 21 7 22 0 10 25 11 0 2 0 
4 0 0 25 9 1 0 0 21 8 0 0 23 0 0 18 6 19 24 0 10 7 17 0 14 
