0 0 0 0 7 5 0 0 8 4 0 10 2 15 11 0 
0 0 0 0 0 11 0 8 0 12 16 9 0 13 0 0 
0 8 10 5 0 0 0 0 15 7 1 2 0 16 0 6 
16 12 0 0 15 3 0 0 0 13 0 0 0 7 8 0 
9 2 13 0 1 4 11 15 0 16 8 0 0 0 0 10 
15 0 0 10 0 12 14 0 0 0 13 11 4 0 0 0 
0 0 0 0 8 0 3 5 0 9 0 7 0 0 0 16 
0 3 0 12 6 16 0 10 0 0 14 15 0 9 2 11 
10 0 0 0 0 0 9 4 0 6 2 16 7 11 0 0 
0 4 0 0 5 0 8 0 9 0 15 14 0 0 0 0 
13 0 0 14 2 6 15 0 0 10 12 0 0 8 0 5 
6 0 9 0 14 7 0 0 13 8 5 0 12 2 0 4 
0 9 0 0 0 1 0 0 0 0 0 0 0 4 0 7 
12 10 1 0 11 9 0 6 16 0 0 0 0 0 13 0 
4 6 2 7 10 15 5 0 12 0 0 1 11 0 16 0 
3 11 14 13 0 8 0 0 0 0 0 0 15 0 0 1 
