17 12 6 16 5 1 0 8 24 0 0 18 0 20 0 9 13 0 4 15 0 25 19 2 21 
1 3 0 0 25 23 0 17 0 21 5 11 0 6 2 0 18 20 8 12 24 10 13 16 0 
9 11 20 0 0 16 0 18 25 2 12 22 0 0 17 1 0 0 3 5 0 15 0 7 8 
0 0 8 0 2 20 0 9 0 0 14 21 0 25 0 0 19 17 0 16 0 6 0 0 5 
4 21 19 0 15 0 6 22 3 14 0 8 9 16 0 23 0 10 2 0 0 17 0 20 0 
10 15 0 0 23 7 0 25 12 0 19 0 0 14 0 3 4 22 24 18 20 9 5 6 0 
12 2 25 20 0 0 14 0 6 0 0 3 7 15 21 0 17 0 9 0 18 0 0 8 4 
14 19 0 0 3 4 0 0 22 9 11 20 8 5 0 0 0 0 0 7 0 12 0 13 0 
13 4 0 8 18 17 20 19 0 15 0 0 6 0 0 0 0 25 12 11 3 22 7 21 0 
6 9 7 5 0 10 21 11 2 3 0 0 0 0 0 8 14 15 13 20 19 0 0 17 25 
16 8 9 25 14 0 0 0 18 10 3 7 1 0 15 17 21 0 11 0 0 19 20 0 0 
0 0 23 3 0 12 4 0 0 0 20 0 0 0 16 15 22 5 0 0 0 1 8 0 0 
0 5 12 2 7 3 0 0 0 1 0 6 13 0 0 0 25 18 10 0 0 0 4 14 17 
0 0 0 0 4 0 17 21 23 0 22 0 14 11 5 0 0 0 16 8 0 0 0 10 0 
19 0 13 0 0 8 0 20 0 0 4 0 18 0 0 7 0 0 0 14 0 0 0 0 2 
25 0 0 9 0 0 12 0 20 0 0 19 0 0 0 0 16 8 0 3 0 0 1 0 0 
0 0 0 0 0 21 23 16 7 0 8 0 0 9 0 12 0 0 0 0 17 18 10 25 15 
18 16 0 0 10 11 1 2 17 0 0 14 0 24 22 0 7 9 0 13 0 0 21 0 23 
0 0 0 0 0 0 0 10 5 22 21 17 0 0 0 18 1 2 0 23 0 13 0 0 0 
23 0 0 12 0 0 8 3 19 0 15 0 16 0 0 21 10 4 0 17 9 14 22 24 11 
20 14 16 0 1 0 9 0 0 0 0 0 10 0 0 0 5 3 23 24 21 0 17 0 0 
2 23 3 6 12 0 0 0 0 20 0 0 5 22 0 25 0 0 17 0 10 0 0 0 16 
8 24 0 0 0 22 0 0 0 11 1 0 0 21 0 6 9 7 18 10 2 4 25 19 0 
5 25 10 0 11 19 0 13 8 0 0 0 0 3 0 0 0 0 0 22 23 7 18 9 0 
0 0 4 0 9 0 0 1 0 0 17 16 0 19 8 2 0 12 20 0 0 0 6 0 24 
