0 10 0 0 13 0 12 8 0 3 0 0 5 2 0 1 
2 12 3 9 5 0 0 10 13 16 0 0 0 0 4 7 
15 0 16 0 0 0 2 4 7 0 0 0 0 0 0 10 
0 13 0 0 6 7 0 0 0 0 12 11 0 0 15 9 
14 0 0 0 0 5 0 7 15 0 0 0 1 0 3 6 
0 11 5 0 0 0 0 0 0 0 1 7 2 0 14 0 
3 6 0 7 4 0 0 0 2 14 0 10 0 13 0 0 
4 16 8 0 0 14 1 0 0 6 3 13 0 0 9 11 
13 5 7 10 14 0 11 0 0 0 0 0 0 16 1 15 
0 15 0 4 0 0 5 3 0 7 0 6 0 10 0 12 
12 14 0 2 8 0 0 15 0 1 0 0 0 0 0 13 
0 0 0 0 0 10 0 0 14 9 15 0 0 5 8 0 
9 8 13 0 2 4 7 11 0 0 14 16 6 1 0 0 
0 2 12 0 0 15 6 14 0 13 0 4 0 0 0 0 
6 4 0 14 0 0 9 0 0 0 0 8 0 0 5 0 
0 7 10 3 0 0 8 5 0 11 2 9 4 0 0 14 
