8 0 11 0 0 0 0 7 0 15 16 0 3 9 10 5 
0 0 0 3 0 0 0 5 0 0 7 8 0 16 11 15 
4 14 15 0 0 11 3 13 0 0 0 1 2 0 8 0 
9 0 0 0 10 0 15 0 0 11 12 0 0 4 0 14 
1 0 0 0 0 12 7 0 10 16 11 0 0 14 9 0 
14 3 0 0 0 5 2 10 1 0 0 0 0 13 0 11 
11 7 0 6 13 0 0 9 8 0 0 0 5 0 0 1 
0 4 0 5 11 0 0 0 0 2 0 7 15 0 0 0 
0 5 0 8 6 15 16 0 0 0 1 0 0 12 7 9 
0 6 1 4 0 7 0 11 0 5 0 9 0 15 0 0 
16 0 0 0 0 0 5 0 0 0 0 2 0 0 0 3 
0 12 7 0 0 9 0 4 16 0 6 13 1 5 0 10 
5 0 0 0 7 3 0 15 9 8 2 0 0 11 0 0 
7 8 3 0 0 0 11 0 15 6 0 12 10 0 13 0 
13 0 9 0 12 0 6 0 3 4 14 11 0 0 0 0 
6 11 12 2 0 4 8 14 7 0 0 0 0 0 0 0 
