0 0 0 19 0 0 0 0 0 0 0 0 23 0 0 0 0 13 0 0 0 0 0 0 0 
0 0 5 0 0 11 18 23 0 0 0 0 0 0 7 0 0 0 0 0 0 0 0 0 0 
0 0 9 0 21 0 0 0 0 7 0 0 0 0 0 0 0 0 0 0 4 0 0 22 0 
22 0 0 0 0 6 0 24 0 0 0 10 0 0 12 0 0 0 0 15 0 0 0 0 5 
0 13 0 15 0 0 0 0 0 3 0 6 0 0 25 0 0 0 22 0 0 1 0 0 0 
0 23 6 0 0 0 14 13 0 18 9 0 0 0 0 0 20 8 0 5 19 4 0 0 0 
3 0 0 0 0 0 6 0 0 0 0 0 5 0 0 0 13 0 0 9 20 0 18 0 0 
0 14 0 0 11 0 0 0 0 0 0 0 0 1 0 0 0 2 0 0 7 3 21 0 0 
15 0 22 0 9 0 0 25 24 20 0 0 21 0 0 0 0 0 7 0 6 0 0 0 1 
0 0 10 0 0 0 0 0 0 8 0 3 0 0 0 0 0 4 25 0 0 0 0 0 0 
0 0 2 0 0 5 0 0 10 0 0 0 0 0 0 0 0 15 0 0 0 0 0 0 0 
0 0 0 0 0 0 19 0 18 12 0 0 0 0 0 0 0 0 0 0 0 0 0 0 20 
0 0 0 0 0 0 0 8 0 0 0 14 0 0 0 0 0 0 0 0 0 0 0 0 0 
0 0 0 0 0 0 11 16 0 23 0 0 2 12 17 21 0 9 0 0 0 0 0 0 0 
0 0 12 0 5 0 0 7 9 4 15 0 0 20 0 0 0 6 0 2 0 0 0 0 0 
0 0 0 0 0 0 9 0 0 0 17 0 0 0 20 18 0 0 0 3 0 0 1 0 0 
0 0 19 0 0 24 3 0 0 0 0 7 0 0 0 0 17 0 0 0 0 21 0 0 13 
0 0 0 0 2 0 4 0 0 0 0 0 0 0 0 9 0 0 0 0 0 0 0 0 17 
0 3 0 0 0 0 0 0 0 0 0 0 0 0 0 0 0 0 0 0 0 11 0 0 9 
0 0 0 0 8 25 0 0 12 0 0 0 0 22 0 0 0 0 14 0 0 19 0 4 16 
0 0 0 13 7 0 0 10 0 24 5 0 0 0 0 0 0 16 11 1 12 0 22 17 0 
0 0 16 0 0 4 0 0 0 0 0 0 0 24 22 0 6 17 3 18 13 0 9 0 0 
0 24 0 0 4 0 0 0 0 0 0 0 0 0 0 0 0 0 0 0 0 23 11 0 0 
0 0 0 0 0 0 0 0 0 0 16 0 7 0 0 0 9 0 0 0 0 5 0 0 0 
0 0 0 9 0 0 5 0 0 22 0 0 0 0 0 0 0 14 0 0 0 0 0 3 2 
