0 0 0 10 13 0 0 11 18 0 14 0 19 0 0 0 17 16 20 0 4 0 0 21 0 
3 0 17 0 9 0 0 7 0 21 25 0 4 0 0 0 0 12 0 6 20 8 16 0 23 
0 0 16 0 0 0 0 0 15 4 0 6 3 0 18 21 1 0 5 7 0 9 2 0 0 
18 0 0 0 15 0 14 0 0 0 8 11 16 12 0 25 0 2 0 0 0 13 10 17 0 
4 0 2 19 25 24 16 0 5 6 9 23 0 7 21 0 0 11 22 10 0 0 15 0 12 
0 0 4 6 0 0 20 5 7 9 23 14 18 0 0 0 0 19 0 2 25 15 12 0 0 
5 24 14 3 0 23 22 18 1 11 12 0 6 4 0 0 0 0 0 25 0 2 0 10 8 
8 0 0 7 18 0 0 14 4 0 0 9 0 5 11 0 0 13 6 1 17 23 0 24 21 
11 2 0 0 19 0 15 0 12 24 16 0 21 0 0 0 18 23 17 0 0 0 1 6 4 
0 15 10 12 23 21 0 6 0 0 22 0 0 0 3 24 5 4 0 0 0 0 18 0 0 
0 0 25 14 0 0 23 15 13 0 19 12 0 24 16 0 8 1 2 4 0 0 6 5 0 
23 4 19 0 0 11 9 0 25 14 5 17 8 6 0 0 13 18 24 0 0 0 20 7 0 
20 17 0 11 12 0 6 0 24 10 0 18 0 0 25 19 0 7 0 14 0 16 13 15 0 
24 9 7 0 1 0 0 0 0 16 0 10 2 11 23 0 6 0 25 20 0 0 0 0 0 
15 6 8 18 22 5 17 1 0 0 0 7 13 14 4 0 11 0 10 0 0 19 24 23 0 
14 7 9 17 10 1 21 4 20 0 18 0 24 0 0 11 0 0 19 0 23 5 3 0 0 
22 0 11 4 0 0 0 0 0 0 0 5 1 23 19 0 20 0 7 0 0 0 25 18 16 
0 0 13 0 3 6 0 19 10 0 17 0 14 8 0 0 0 0 1 23 21 24 11 0 0 
6 16 1 0 0 7 0 9 0 13 4 0 10 3 12 0 0 0 0 0 0 14 0 22 19 
19 12 0 23 0 15 24 22 0 0 6 0 11 0 0 0 0 14 3 0 0 0 17 0 2 
13 0 12 1 11 18 0 0 0 22 21 0 0 9 0 0 0 24 16 17 0 6 7 20 5 
17 0 15 0 6 9 0 24 0 0 0 0 0 0 0 4 2 0 13 18 0 25 21 12 0 
25 18 0 20 7 0 1 13 21 0 24 4 0 22 0 0 0 0 11 19 16 0 14 0 0 
0 0 0 0 5 14 0 3 17 15 1 0 0 0 0 7 25 0 0 22 24 4 9 11 0 
0 22 0 2 4 25 0 16 6 20 11 0 0 0 0 1 14 0 15 0 3 0 23 0 18 
