10 0 0 0 0 0 6 7 11 0 0 0 12 0 0 5 
0 7 3 0 0 12 2 4 0 0 5 9 13 0 15 0 
15 0 6 2 1 0 5 0 0 0 0 0 0 0 0 14 
0 0 11 12 0 13 0 3 0 7 15 10 0 6 2 0 
12 10 1 4 0 0 3 0 16 15 0 13 0 2 0 0 
0 0 0 0 7 6 13 16 0 14 0 0 4 8 0 10 
0 0 7 0 0 0 0 9 0 8 4 11 1 0 0 15 
0 0 0 8 0 15 1 5 10 9 7 3 0 12 14 0 
11 13 0 0 0 16 8 12 0 10 0 6 2 0 0 1 
0 16 5 0 2 0 0 13 0 1 11 8 3 15 12 6 
0 3 12 0 0 0 4 15 7 0 0 5 14 10 0 9 
0 0 0 0 3 0 0 0 0 12 13 0 0 0 0 11 
3 0 9 7 13 0 16 0 12 0 8 0 0 14 0 2 
4 0 0 0 0 0 11 2 0 0 3 15 8 0 0 0 
0 0 0 0 0 0 12 0 6 0 0 7 15 0 0 4 
0 0 8 0 9 5 15 0 14 11 2 0 0 0 7 3 
