11 0 0 2 15 12 3 10 4 8 0 0 6 0 1 0 
12 0 0 0 5 0 9 0 0 0 0 14 0 15 4 13 
0 14 13 4 0 0 8 0 6 0 0 12 0 2 5 0 
0 0 0 15 4 13 0 0 0 0 1 2 16 8 9 0 
8 11 14 7 9 0 0 15 0 0 5 0 4 3 6 0 
0 4 2 6 0 0 13 5 10 0 0 0 0 7 0 15 
9 0 0 0 6 0 11 4 2 0 0 15 0 5 8 0 
0 12 0 5 0 7 16 2 0 0 4 11 9 0 0 0 
2 6 0 12 8 0 0 0 1 3 0 10 5 0 14 0 
0 1 4 9 14 11 2 0 0 0 0 7 0 0 15 6 
14 16 0 0 0 6 15 9 0 0 2 0 13 0 7 0 
13 15 0 0 0 5 10 0 9 0 0 0 0 16 12 3 
0 0 12 0 10 0 7 0 0 0 0 0 15 1 0 0 
4 0 1 0 2 15 5 0 14 7 0 0 0 0 0 0 
0 0 11 0 0 9 0 0 0 2 0 5 0 0 3 0 
10 0 5 0 13 0 6 11 0 4 0 0 14 12 0 0 
