0 25 20 1 22 0 21 10 0 0 12 0 24 0 4 17 6 0 0 15 0 0 0 19 0 
0 2 4 8 0 24 0 22 0 19 6 0 0 21 0 11 23 7 12 1 17 0 13 15 16 
0 3 7 13 0 0 0 0 0 25 0 17 11 0 0 0 24 20 0 21 0 1 6 0 0 
0 16 6 24 17 0 0 11 13 0 18 22 0 0 15 2 0 25 0 9 4 7 21 0 0 
21 10 0 0 0 0 0 0 17 23 8 16 0 9 0 0 0 14 22 0 24 0 2 0 25 
0 1 0 22 0 0 0 25 21 11 16 0 8 20 0 13 0 23 0 0 0 4 0 10 5 
25 13 5 23 19 22 0 2 0 0 0 0 9 0 7 0 0 8 24 20 21 0 0 16 18 
4 20 0 0 7 0 8 0 19 0 0 6 21 0 0 22 0 0 0 16 13 15 0 12 0 
0 0 9 0 21 20 23 18 0 24 13 5 25 22 0 19 17 12 0 0 7 0 1 2 0 
3 0 0 0 0 7 9 13 10 0 15 0 0 0 2 1 25 21 0 0 22 19 20 23 0 
6 5 0 18 0 8 11 7 4 0 3 14 23 15 9 21 0 22 0 12 19 2 0 0 0 
0 4 16 19 14 21 0 0 24 20 0 0 5 25 10 0 0 0 0 0 0 17 3 0 8 
0 11 3 9 8 18 19 16 0 0 4 0 0 0 0 0 0 2 25 10 0 13 0 14 0 
0 7 0 21 0 25 10 0 0 0 19 12 1 18 8 24 0 4 13 17 0 0 0 22 0 
1 24 17 0 0 14 22 5 0 0 0 0 0 0 6 0 19 9 8 3 0 10 0 21 0 
19 0 1 2 0 9 13 23 25 0 14 11 17 7 12 0 22 0 0 4 0 0 0 0 21 
0 0 0 0 10 0 24 0 0 0 9 0 0 0 22 14 21 0 17 25 2 0 0 0 0 
0 0 0 0 0 1 15 0 0 0 25 0 0 0 0 0 0 13 0 23 5 12 0 3 7 
7 0 21 0 23 4 0 0 12 0 10 0 3 0 13 6 0 15 0 0 0 22 0 0 9 
13 0 22 0 3 19 16 21 0 0 5 0 2 4 0 0 0 0 11 7 20 14 8 17 15 
17 21 0 7 1 0 18 0 16 0 22 0 12 0 20 25 11 0 15 13 8 0 14 0 19 
12 0 13 10 15 2 20 0 0 0 11 23 7 6 0 3 4 0 0 0 0 25 22 9 17 
0 0 14 3 0 13 0 0 11 0 17 0 15 5 0 23 2 18 0 0 0 24 16 0 0 
0 23 0 6 2 0 0 4 0 12 24 8 14 0 16 9 5 0 0 22 18 0 15 13 11 
0 19 11 5 9 6 0 24 22 15 21 0 13 0 18 0 12 0 0 8 0 0 23 4 2 
