9 0 1 5 0 0 13 0 2 16 0 0 6 0 0 3 
14 0 0 13 0 16 0 2 0 9 1 6 0 7 0 0 
3 0 0 0 0 10 9 0 0 11 0 0 0 0 0 0 
6 10 16 2 14 11 0 0 12 0 8 0 0 1 4 9 
5 0 13 0 1 12 6 11 8 0 4 16 15 0 0 0 
11 0 0 15 0 4 10 14 0 0 13 3 0 0 5 1 
4 0 0 0 0 2 7 13 5 1 14 0 0 0 0 10 
0 14 0 0 0 0 3 0 6 12 0 0 0 8 7 0 
0 1 0 0 3 6 5 0 11 0 0 0 10 0 13 0 
10 0 5 0 15 13 0 16 1 14 6 9 3 0 12 0 
0 12 3 0 0 0 4 0 0 0 2 0 1 0 16 11 
0 13 0 16 0 0 0 12 10 0 0 0 0 5 0 0 
0 0 0 1 0 0 14 5 0 0 0 2 0 0 3 0 
0 9 0 4 13 0 1 8 0 0 0 11 7 14 15 0 
13 0 15 3 0 7 0 6 0 10 0 1 0 11 2 8 
16 11 14 0 0 15 2 0 0 0 0 0 9 6 0 12 
