0 0 16 0 0 22 1 0 12 19 0 0 0 24 0 0 0 0 4 0 15 0 20 0 9 
0 0 0 0 0 0 5 0 0 4 6 0 7 0 1 0 0 0 0 15 0 0 0 0 11 
23 24 20 8 22 6 25 21 0 0 0 14 17 0 0 0 0 16 0 0 0 4 2 7 0 
7 11 0 0 1 0 10 8 16 15 0 21 2 0 4 0 13 24 0 3 0 0 0 0 23 
0 0 0 0 4 2 0 7 18 0 3 13 0 16 23 0 0 0 0 0 1 12 17 19 0 
1 0 4 0 12 18 14 0 5 24 2 19 6 9 21 0 22 3 10 11 0 0 25 0 0 
0 6 9 21 3 0 11 17 10 1 15 24 13 12 5 20 2 14 0 0 4 0 0 0 0 
19 8 18 10 0 0 0 0 15 12 23 0 0 22 0 0 0 4 17 0 14 0 0 0 13 
22 20 15 0 16 3 0 0 13 0 25 11 8 10 17 0 0 18 0 24 2 19 5 0 0 
0 13 0 0 2 9 0 0 0 0 14 18 0 3 7 0 0 0 25 0 0 24 0 6 12 
0 0 0 12 0 0 8 0 0 22 0 16 9 0 0 0 0 0 0 25 11 21 0 5 0 
20 0 19 1 5 4 0 9 2 0 21 0 22 0 0 24 0 0 0 0 3 0 13 0 0 
4 0 22 17 13 0 0 18 0 0 11 0 12 0 2 10 0 0 0 5 7 1 0 0 8 
0 3 24 0 21 0 15 0 17 0 20 0 0 14 10 22 16 1 7 0 6 9 4 12 0 
2 10 11 16 0 0 7 13 25 0 24 0 0 0 3 0 4 9 0 0 19 23 0 0 0 
3 22 25 5 0 24 0 0 20 0 9 17 23 0 6 12 19 0 0 0 0 0 11 2 0 
21 15 10 0 17 11 0 23 0 0 0 0 0 1 12 16 0 2 13 0 9 3 6 0 0 
13 19 0 24 0 0 0 1 3 0 7 0 10 2 16 0 0 11 22 17 0 25 0 18 21 
6 16 2 0 11 0 0 10 0 0 18 0 19 0 8 0 3 0 20 9 0 14 0 0 0 
0 0 1 20 0 0 0 2 4 0 13 3 0 0 0 14 6 5 21 18 23 10 19 16 0 
24 0 5 22 10 0 0 19 6 0 16 12 0 25 14 11 9 17 23 0 21 0 0 0 0 
11 4 12 0 25 21 0 16 0 0 5 0 15 0 24 1 10 13 18 0 0 8 3 23 14 
16 21 7 6 20 14 3 15 22 0 0 9 0 0 18 0 0 12 24 4 25 0 0 13 19 
17 14 8 23 0 0 0 12 0 7 1 0 20 13 19 0 21 6 0 22 16 5 0 0 10 
15 2 13 3 0 1 0 0 0 11 8 0 21 4 22 0 14 25 16 19 17 0 0 24 6 
