0 0 0 0 0 23 13 0 7 11 17 5 0 14 21 0 2 16 0 20 0 4 0 19 0 
5 0 0 1 0 24 20 0 9 0 12 0 2 0 23 0 21 0 7 0 0 0 18 17 0 
18 6 0 0 0 2 0 8 3 0 0 0 0 24 9 12 0 17 23 13 15 22 14 16 21 
7 0 13 4 15 21 10 17 14 6 0 0 0 0 3 8 19 22 5 9 0 25 24 23 12 
17 0 0 16 14 22 0 19 0 15 0 6 0 0 13 11 0 3 4 24 0 0 1 2 0 
19 0 14 0 24 20 15 2 4 18 0 0 0 0 10 0 0 7 0 0 1 12 13 9 6 
1 0 4 0 0 6 22 0 0 21 9 0 5 19 2 10 0 0 0 0 0 0 0 18 0 
0 15 0 9 10 0 11 3 0 7 25 16 0 6 0 1 20 18 21 0 4 17 23 0 22 
23 0 0 0 18 0 24 0 1 0 7 15 11 22 0 0 0 4 3 0 0 19 21 10 20 
20 12 25 0 22 19 0 10 13 23 1 0 0 18 4 0 0 0 0 17 8 0 0 0 0 
0 16 20 0 17 0 21 0 8 12 24 9 1 0 18 22 0 11 19 0 13 0 15 0 0 
21 0 0 0 0 1 0 20 2 0 6 0 0 0 15 0 7 8 10 5 0 23 12 25 0 
3 0 9 25 11 0 23 24 15 10 20 0 0 0 0 16 4 6 0 0 0 7 19 22 0 
12 0 0 0 8 0 0 4 0 13 0 11 14 0 22 3 15 2 0 0 17 24 5 0 0 
0 22 23 5 4 11 3 6 0 9 0 2 0 7 16 0 0 14 12 1 18 21 20 0 0 
4 0 0 20 21 0 17 23 0 14 5 10 0 13 1 7 0 12 16 8 0 0 2 11 0 
9 19 15 0 7 0 0 11 0 24 22 0 0 2 17 0 3 0 0 0 0 10 0 0 0 
25 0 2 0 0 0 4 13 22 0 0 0 0 0 0 0 0 0 6 10 12 0 16 21 17 
0 0 0 0 13 8 19 0 0 0 15 0 0 0 0 0 0 21 25 2 0 1 4 0 0 
0 24 0 8 23 7 18 5 21 2 0 12 6 4 0 0 11 0 0 0 9 0 22 13 19 
0 0 19 0 0 4 9 18 0 0 2 25 3 5 0 0 0 0 0 0 14 16 11 0 0 
8 4 0 23 0 0 7 22 0 0 0 13 15 0 0 6 14 19 0 3 0 5 0 12 18 
11 3 5 0 1 13 8 25 0 19 0 0 0 9 0 24 0 10 0 0 22 6 0 0 2 
0 0 0 24 6 0 0 15 11 16 4 0 0 0 19 21 0 5 9 0 0 20 10 0 13 
0 20 0 17 0 14 6 0 23 5 0 0 0 0 7 4 25 0 0 11 0 8 9 0 24 
