7 3 16 15 12 24 6 13 11 0 4 10 0 14 17 0 9 8 18 2 20 0 0 0 23 
19 0 0 8 0 17 14 0 0 0 13 0 18 5 23 0 1 11 20 0 0 21 0 0 0 
0 17 0 18 0 21 0 0 0 19 0 11 2 0 0 22 0 15 5 0 9 0 0 0 13 
5 10 0 0 14 23 0 18 15 8 0 21 22 0 9 0 0 0 24 0 0 2 0 11 0 
21 0 2 0 0 0 3 5 0 20 15 0 7 8 19 12 0 0 0 0 0 25 24 18 0 
4 21 0 7 0 2 1 6 0 16 19 15 17 18 20 0 22 25 0 0 10 0 11 5 3 
0 0 14 0 0 10 11 0 0 7 24 1 0 9 3 18 15 2 0 0 22 23 13 19 0 
0 0 0 9 0 0 23 15 0 22 10 8 13 0 6 16 17 19 14 1 2 24 4 21 20 
0 24 19 0 16 25 13 3 0 9 2 12 5 4 22 0 6 20 11 0 1 8 7 0 15 
0 0 0 0 0 0 4 19 24 5 25 0 0 21 0 13 12 10 0 0 0 0 6 9 16 
20 0 0 0 8 14 5 0 6 0 22 16 9 23 12 1 0 4 19 0 11 15 0 25 0 
14 0 10 0 0 0 0 0 1 0 0 17 0 0 0 15 21 7 0 12 0 0 19 24 0 
0 12 5 21 23 0 0 20 0 10 0 0 0 15 0 0 0 0 9 0 0 6 0 16 0 
15 0 7 11 3 16 2 0 9 4 0 0 0 19 1 0 23 5 0 0 13 22 14 10 0 
0 19 0 0 0 0 0 0 12 15 0 0 20 10 8 3 2 18 13 0 0 4 9 17 0 
1 0 18 0 0 0 0 24 21 6 8 0 0 22 10 17 0 9 25 15 5 0 0 0 14 
0 4 0 24 0 0 0 9 20 0 0 14 6 17 5 8 0 1 23 0 0 11 0 0 0 
0 0 21 5 0 15 16 14 7 0 0 2 23 11 0 19 18 0 0 0 3 0 0 0 24 
6 0 22 0 0 0 18 0 23 0 0 13 0 12 24 11 20 3 0 0 0 0 8 0 0 
3 14 9 17 11 13 8 10 4 2 0 0 0 16 25 5 7 0 21 0 0 18 22 0 19 
2 0 6 14 18 0 0 0 3 0 23 4 12 0 0 0 11 0 7 25 16 13 0 0 17 
0 0 0 0 0 0 21 17 5 0 16 19 0 0 0 0 3 0 0 0 15 0 0 7 6 
12 0 11 22 0 6 9 16 2 18 0 0 0 24 0 4 0 23 0 0 0 14 0 0 21 
9 0 8 0 0 0 0 0 0 14 0 0 0 13 0 6 5 0 15 0 24 3 2 0 11 
0 0 4 3 21 1 0 25 13 23 6 0 0 2 0 0 8 24 17 0 19 5 0 12 0 
