11 0 2 0 4 1 0 0 13 8 0 0 3 0 0 10 
8 0 14 10 0 5 0 0 9 0 12 0 2 0 0 11 
0 0 5 0 0 0 0 0 2 11 7 0 0 0 0 14 
0 0 0 13 11 0 0 0 0 14 5 10 0 8 12 0 
2 5 0 1 3 0 4 13 0 9 10 7 15 11 0 0 
0 11 0 4 0 2 0 6 5 0 0 0 0 3 7 0 
7 0 3 14 5 16 0 15 0 12 1 6 4 10 0 0 
0 15 0 9 0 0 0 11 3 4 16 0 0 0 0 0 
6 0 12 15 0 10 0 2 0 0 0 0 0 0 0 3 
16 0 0 11 0 0 0 5 0 13 0 0 7 2 10 0 
0 0 9 0 6 12 11 4 0 7 0 5 0 13 1 0 
1 14 0 0 9 0 16 7 0 0 0 11 8 12 0 15 
4 16 0 6 0 0 3 0 0 10 0 8 12 0 0 0 
5 9 0 12 0 4 6 1 0 0 11 14 0 0 8 0 
13 1 0 8 16 0 0 10 0 0 15 0 0 14 3 4 
14 2 11 3 0 0 0 8 0 0 0 4 0 0 6 0 
