0 13 0 0 21 7 0 23 24 9 0 1 20 0 15 18 2 0 0 19 16 5 0 8 3 
15 0 19 0 14 16 21 13 0 0 0 18 3 0 0 25 0 0 9 8 11 0 23 0 24 
0 0 0 16 0 0 0 0 20 0 0 22 25 0 0 5 21 3 0 13 14 0 0 7 0 
0 0 1 0 9 0 6 0 0 3 0 12 16 21 8 11 23 0 24 20 19 18 0 0 0 
0 17 18 20 11 8 0 15 5 0 24 9 0 14 23 7 4 0 16 0 21 10 0 25 13 
0 0 0 18 0 23 0 8 0 0 9 14 19 25 3 0 0 0 11 5 0 0 0 22 1 
23 0 16 0 0 14 0 0 3 0 10 4 24 12 0 6 0 0 18 9 0 11 15 5 19 
20 5 24 3 22 0 0 0 15 10 2 21 6 16 11 4 1 0 0 23 0 0 17 0 0 
0 0 11 0 12 1 17 6 0 24 0 5 0 15 0 8 3 0 0 14 0 4 0 16 0 
0 14 0 15 13 11 19 0 25 20 0 23 0 8 7 0 24 0 0 16 0 0 0 0 9 
11 0 22 23 0 19 18 7 21 25 0 0 10 0 9 0 0 4 0 24 12 0 0 0 0 
0 0 8 24 0 2 0 0 14 4 0 6 5 0 25 0 10 0 0 21 0 0 0 0 7 
7 0 5 0 18 12 8 0 0 6 23 13 4 3 20 0 0 0 0 15 10 21 25 24 14 
0 0 14 13 0 0 0 1 0 0 12 0 21 24 0 0 0 0 2 0 17 20 0 18 0 
0 12 10 21 0 0 20 0 9 13 18 0 22 0 0 16 0 5 0 7 0 0 0 1 0 
0 0 7 0 20 0 13 12 0 0 3 0 1 19 0 14 9 0 0 4 0 8 0 0 17 
13 0 9 14 0 3 0 2 17 0 7 10 0 5 0 24 0 0 21 11 0 0 18 0 0 
0 0 3 0 0 22 0 4 7 0 0 15 0 0 0 0 20 0 6 17 1 25 0 0 0 
17 1 0 2 0 0 0 10 6 5 25 20 9 0 16 19 8 0 0 0 0 0 14 13 21 
21 18 0 5 0 20 16 25 19 0 22 8 14 0 0 13 7 0 0 12 9 0 0 0 11 
0 0 20 6 2 9 10 14 0 15 4 0 0 0 0 17 12 11 0 3 5 7 19 0 0 
0 22 13 9 5 0 25 3 8 0 0 24 7 0 0 0 0 16 0 2 15 17 12 0 18 
0 0 21 8 0 13 24 19 2 0 5 0 15 0 1 22 0 0 0 6 4 16 20 11 25 
0 0 0 17 0 6 22 0 11 12 0 3 0 9 0 15 0 0 4 25 13 14 0 21 2 
1 0 15 0 0 0 23 0 0 17 14 0 12 0 2 21 13 20 7 10 8 3 24 9 0 
