1 24 21 0 0 4 13 0 0 6 9 0 19 5 0 10 11 0 0 18 0 0 0 0 25 
2 0 19 11 17 0 0 0 7 9 3 0 22 23 0 0 25 0 0 0 5 0 10 0 13 
16 0 12 25 0 11 5 0 0 0 0 0 2 21 20 0 6 15 0 8 17 0 24 0 1 
6 14 0 0 0 24 0 15 10 1 16 17 25 11 12 0 5 0 0 9 0 0 21 0 3 
0 0 8 9 0 3 12 14 23 25 10 6 0 0 4 21 13 17 0 2 19 0 0 0 0 
10 4 9 0 0 14 0 18 0 22 0 25 21 17 13 0 3 0 5 6 7 1 0 23 12 
23 0 0 7 0 0 0 21 0 0 1 0 20 24 0 2 15 4 0 16 0 22 0 0 5 
0 0 0 0 21 0 15 0 0 12 0 19 0 6 5 13 0 0 23 0 0 2 0 10 17 
25 1 20 0 18 5 0 0 0 0 0 2 0 12 10 0 0 0 14 22 4 16 11 0 8 
0 0 2 0 19 0 16 23 6 0 4 0 14 7 22 0 12 0 25 11 21 24 3 20 0 
0 0 3 8 6 9 23 0 16 5 2 4 0 15 11 0 0 24 0 0 22 0 13 0 21 
19 16 0 0 23 0 14 22 0 0 24 0 0 13 17 11 1 25 0 0 0 5 6 0 2 
14 0 13 0 0 0 10 0 17 0 19 23 1 20 0 0 22 0 0 21 0 7 4 18 0 
0 9 5 0 20 0 0 25 12 13 0 21 0 22 0 0 8 23 2 15 0 17 1 0 19 
11 2 0 0 0 8 0 3 0 21 0 0 5 0 6 4 16 7 0 17 0 10 0 15 20 
0 0 0 18 0 0 0 0 0 0 20 0 0 16 21 17 2 0 3 4 1 0 5 7 0 
0 7 0 0 16 0 0 2 4 8 6 0 0 0 23 0 24 5 11 0 3 19 0 0 0 
0 0 0 1 5 0 18 0 3 14 0 24 0 2 0 0 20 22 15 0 10 12 0 0 6 
0 11 24 0 25 23 22 0 0 0 5 0 4 0 0 9 19 0 0 10 13 8 2 17 0 
0 3 0 0 0 10 0 0 0 19 7 0 8 0 18 16 21 0 12 0 20 11 0 4 15 
21 6 16 2 0 19 3 12 0 23 17 0 13 4 7 25 0 9 8 5 0 18 0 24 0 
12 0 0 19 0 0 4 13 0 11 21 0 9 8 0 0 18 6 0 1 0 3 17 0 23 
22 0 25 20 0 2 0 0 0 0 0 5 0 0 0 0 0 11 0 19 12 21 8 14 0 
18 0 11 14 9 0 7 0 0 0 0 20 6 10 25 22 0 0 17 3 0 13 19 0 4 
0 0 23 0 3 0 1 0 5 20 22 0 15 19 0 12 4 0 21 0 0 0 25 0 7 
