2 13 0 10 16 8 1 9 0 0 3 15 0 0 4 0 
0 0 0 0 0 0 2 11 0 7 0 4 9 0 0 6 
0 0 0 6 4 0 7 0 0 0 1 0 5 3 15 0 
3 0 8 7 5 15 12 6 9 13 0 0 0 1 16 14 
0 12 0 0 0 0 3 0 1 0 0 7 0 0 5 15 
0 0 0 0 10 0 5 1 0 12 0 6 7 0 9 0 
0 7 0 0 12 0 0 15 3 10 0 5 14 4 0 13 
0 5 0 0 6 9 0 7 13 14 0 0 0 2 10 0 
0 15 2 0 0 0 0 10 16 0 7 0 0 5 0 0 
0 6 9 13 0 0 16 12 10 0 0 0 0 15 2 0 
0 0 10 12 0 2 0 0 0 0 13 0 6 0 3 0 
5 0 7 11 0 1 13 0 0 0 12 9 16 0 14 0 
6 10 13 16 0 0 15 3 0 8 0 0 1 0 7 2 
7 0 11 5 1 0 0 16 0 0 10 0 0 14 0 0 
0 8 4 0 0 6 0 0 0 0 0 1 0 9 0 0 
0 1 0 15 2 7 0 0 5 0 6 12 10 16 0 4 
