0 7 0 0 0 6 0 13 0 9 11 8 0 15 0 2 
8 10 0 1 15 9 2 0 14 0 16 6 0 13 0 7 
0 0 0 4 8 7 0 12 15 0 0 0 11 6 9 5 
6 0 0 0 10 0 1 5 2 3 7 0 8 0 0 16 
0 0 7 14 6 0 0 0 0 8 0 2 0 11 0 0 
0 0 10 0 0 1 8 2 16 0 0 9 0 0 7 0 
1 8 16 2 0 0 0 9 3 0 0 5 0 0 0 0 
9 0 12 11 3 0 16 0 6 14 0 0 0 8 0 0 
5 0 3 9 1 16 0 15 0 0 0 0 13 7 8 11 
0 1 6 10 0 0 13 0 5 2 9 0 0 14 3 0 
14 4 0 7 0 2 5 11 0 0 0 0 0 1 0 12 
0 11 0 0 4 14 0 0 7 0 1 13 2 9 5 0 
11 9 0 0 5 13 0 16 0 0 0 0 0 2 0 0 
7 0 0 8 2 0 9 0 0 16 0 4 14 10 0 6 
0 0 0 0 12 0 4 0 0 0 0 0 0 0 0 3 
10 0 0 0 0 0 7 6 13 12 2 0 0 0 0 15 
