3 12 0 8 16 0 9 4 22 0 24 19 0 25 5 0 0 0 6 2 14 18 7 0 0 
15 6 18 9 0 0 0 14 0 0 11 17 4 0 2 0 0 0 3 12 0 0 0 24 0 
5 0 0 0 0 0 8 0 2 6 12 0 7 0 0 14 4 19 13 10 0 0 0 0 17 
24 4 0 0 14 15 0 0 3 21 9 20 23 0 16 17 7 0 0 0 0 2 13 11 19 
20 0 19 13 2 0 0 0 11 17 15 8 14 22 0 16 0 0 25 0 23 0 4 5 0 
25 0 0 0 0 6 10 0 0 0 3 7 0 18 14 24 17 0 12 0 21 0 0 9 0 
0 0 0 14 18 0 15 19 24 0 13 16 0 0 20 0 0 9 11 1 0 3 12 4 0 
0 0 0 15 0 0 0 0 17 0 10 22 6 0 0 0 19 20 0 14 0 8 5 1 0 
6 10 2 0 0 0 11 0 1 7 0 0 0 12 0 25 3 0 0 0 24 20 0 22 14 
9 0 0 0 0 0 0 0 0 0 4 1 0 5 24 18 0 0 0 0 25 0 0 0 0 
14 5 0 21 22 0 0 0 6 18 16 15 0 17 19 10 1 0 0 0 0 4 9 25 7 
0 0 6 17 15 0 0 0 0 19 7 0 12 20 0 4 2 0 9 13 0 0 1 8 0 
19 0 11 0 24 0 17 10 0 9 5 0 1 0 23 20 21 0 0 0 16 0 6 18 15 
10 0 0 18 0 0 1 8 0 5 21 0 9 0 0 0 0 16 0 0 0 11 0 0 0 
4 9 23 0 8 2 16 21 7 0 18 3 0 0 0 0 12 6 0 15 0 14 0 10 0 
7 20 0 4 0 11 19 17 21 0 6 0 0 8 0 2 9 14 1 0 13 0 22 3 0 
11 0 0 2 0 0 24 25 0 0 0 12 0 0 9 0 23 10 22 4 15 1 0 0 18 
13 0 0 0 12 0 0 0 8 14 25 23 3 0 0 11 0 0 20 21 9 0 0 0 0 
17 18 14 0 0 0 0 7 4 1 0 11 21 0 22 0 0 0 15 16 0 23 0 19 20 
1 0 21 0 0 10 23 0 0 2 20 0 0 16 7 5 0 0 19 17 0 12 11 14 4 
0 14 12 6 0 8 0 22 0 24 1 4 10 21 0 0 0 11 7 20 3 0 18 16 0 
0 13 15 24 25 3 0 11 0 0 23 0 20 9 8 1 22 2 0 6 4 0 14 17 5 
22 11 8 0 0 0 0 18 0 0 0 25 0 15 12 9 16 21 4 3 0 7 23 20 24 
0 0 9 0 0 5 0 20 0 4 0 14 16 7 6 0 0 23 24 25 11 15 0 13 0 
0 16 0 0 20 0 25 0 0 0 22 24 5 11 0 13 14 17 18 19 10 21 8 12 0 
