0 12 0 8 0 0 9 6 0 0 11 1 0 3 0 14 
0 6 0 4 0 3 5 14 0 0 2 0 0 12 0 16 
0 0 9 0 12 2 0 0 15 0 3 0 1 0 8 0 
0 5 0 0 8 0 0 4 0 0 7 13 0 0 2 0 
13 15 1 0 0 0 4 5 10 8 0 2 0 0 0 9 
0 7 0 0 1 0 3 16 0 0 12 0 15 0 10 0 
0 0 0 0 0 13 15 8 0 1 0 0 0 0 0 0 
0 14 16 6 11 7 2 10 4 0 0 15 0 8 0 1 
0 8 0 7 2 0 6 1 13 0 0 10 16 9 0 3 
11 13 3 15 16 0 0 12 0 7 0 0 14 0 0 0 
10 16 5 12 0 0 0 0 0 2 1 3 7 6 0 4 
2 0 0 9 10 0 7 3 0 12 0 4 8 11 0 5 
0 2 0 14 0 8 10 0 0 0 0 16 0 1 0 11 
8 9 0 0 0 1 14 0 3 0 0 0 0 0 4 12 
0 0 0 16 3 0 12 0 1 14 0 0 2 13 0 0 
5 3 0 1 0 0 16 13 0 0 8 0 0 0 0 7 
