0 5 0 0 0 21 23 9 8 3 16 12 0 0 0 2 20 0 14 18 0 0 0 0 24 
0 4 13 3 14 5 7 17 0 0 0 0 11 20 0 25 0 0 24 12 0 18 23 0 22 
25 0 24 11 22 1 6 13 0 0 0 0 0 0 14 0 0 0 0 17 10 0 19 0 0 
0 0 0 9 1 11 4 0 18 0 17 0 0 24 13 19 0 0 15 0 12 16 21 0 0 
0 0 21 17 0 0 22 0 25 0 7 0 0 19 6 16 13 10 0 0 0 0 4 5 0 
2 1 0 0 10 0 0 0 0 0 0 6 9 12 17 0 14 0 0 16 0 0 0 18 23 
3 0 9 6 0 0 24 0 0 4 13 0 0 0 25 1 15 12 10 0 22 0 2 11 0 
17 15 25 24 18 10 0 0 20 22 0 14 8 0 0 9 2 13 0 0 5 6 0 0 4 
0 0 22 0 0 15 0 1 7 6 18 21 0 0 0 0 0 0 0 4 0 9 20 12 19 
7 21 16 0 19 25 0 0 0 9 2 4 20 1 0 6 11 18 0 23 13 24 0 0 0 
24 0 20 0 2 12 0 0 22 0 0 13 10 0 0 0 9 0 18 5 1 0 14 0 0 
5 6 19 21 9 18 0 25 0 16 0 17 7 0 2 0 0 0 13 10 0 4 0 0 11 
0 0 23 14 15 13 9 4 0 0 0 16 6 0 11 12 0 0 0 20 2 3 10 0 0 
0 0 0 0 17 2 20 0 0 0 0 22 0 15 0 4 6 21 0 24 7 13 9 8 0 
0 25 1 10 13 6 0 0 0 7 9 0 0 0 0 8 16 0 0 2 0 22 12 0 18 
14 0 12 16 6 0 0 0 0 23 0 8 25 0 24 3 0 0 0 13 18 0 0 2 0 
21 17 10 0 0 0 0 24 13 0 6 3 15 0 0 0 19 0 12 0 0 7 16 22 9 
9 13 2 0 0 0 8 6 15 1 19 10 0 0 16 5 18 25 0 11 0 0 17 14 12 
22 0 18 15 4 0 5 2 12 0 20 1 13 0 23 21 10 7 0 9 0 8 0 0 0 
19 20 3 25 8 0 18 7 0 17 0 0 14 22 12 15 0 0 2 0 0 21 5 0 0 
0 19 4 0 0 7 11 21 0 0 0 0 17 0 0 13 0 9 6 25 14 0 22 16 20 
0 10 17 0 0 0 0 16 4 0 0 0 0 13 7 0 5 2 23 14 6 0 0 9 0 
0 9 0 2 23 0 0 8 0 0 0 5 4 16 0 10 24 17 11 21 0 0 18 25 7 
11 12 0 5 25 0 0 22 6 18 0 0 1 9 0 0 4 16 7 0 15 0 13 0 21 
13 0 7 22 0 0 0 0 0 25 0 20 2 6 0 0 8 1 0 15 17 5 11 4 10 
