5 0 1 10 16 12 0 2 0 15 0 0 8 0 7 9 
7 11 14 0 3 0 0 9 0 12 0 10 6 5 0 16 
0 9 8 3 0 0 0 0 0 7 1 0 0 0 2 4 
0 2 0 16 0 0 1 15 9 6 0 3 13 14 0 11 
0 0 2 4 15 5 7 0 0 0 8 0 0 0 0 0 
0 15 0 5 0 2 0 1 0 0 0 0 7 16 8 6 
0 0 0 7 0 4 0 0 0 0 0 0 2 0 0 14 
8 0 16 0 11 0 0 13 0 1 0 0 0 0 0 3 
3 0 9 0 12 0 2 0 0 16 0 0 0 0 0 1 
0 14 7 8 13 1 11 0 12 9 4 0 0 6 16 15 
2 16 0 12 4 0 9 0 0 0 10 1 11 0 0 0 
15 1 0 11 10 8 16 0 0 14 0 0 9 4 12 2 
16 0 10 13 1 0 12 4 3 0 0 14 15 0 0 5 
0 0 0 1 0 0 0 8 6 0 0 0 0 0 0 13 
0 3 15 0 0 16 0 10 4 0 13 0 0 0 0 7 
0 0 6 0 0 0 0 14 0 5 7 0 16 12 4 0 
