0 0 4 0 0 0 0 11 0 16 2 15 0 0 3 7 
16 0 6 0 0 10 0 2 0 0 0 0 4 1 0 0 
0 0 1 3 9 0 0 15 12 0 0 0 0 16 13 0 
0 0 10 0 3 16 0 4 0 0 8 0 12 0 14 9 
0 6 16 14 10 0 0 3 9 2 4 0 0 11 0 12 
0 0 13 0 16 0 0 8 6 1 0 14 0 0 2 5 
4 0 8 9 0 0 0 12 0 0 0 7 16 0 0 0 
5 0 2 0 0 0 0 6 0 0 16 0 0 0 0 15 
6 1 0 10 0 13 11 0 8 0 0 0 0 0 5 14 
0 0 9 5 0 0 0 0 0 14 0 4 0 0 12 11 
0 16 3 11 0 9 0 5 2 6 15 0 0 7 4 10 
14 0 15 4 12 3 0 0 10 13 0 0 0 6 16 1 
0 0 0 0 1 5 0 14 15 7 9 6 8 12 0 4 
15 9 0 0 0 8 0 10 0 0 0 0 0 0 7 0 
0 3 14 0 0 0 0 13 4 0 0 12 11 9 15 6 
10 4 0 7 0 12 15 9 14 8 0 0 0 0 1 13 
