0 18 24 0 0 19 5 0 0 14 0 0 0 0 21 15 0 17 0 1 11 0 0 0 3 
0 1 20 25 0 18 24 2 0 4 3 0 7 23 0 11 0 0 22 16 10 6 0 17 12 
23 22 0 10 21 8 0 13 0 0 18 0 0 17 0 20 6 0 0 5 19 1 7 0 0 
3 7 0 0 0 6 0 17 0 21 0 0 1 22 8 2 12 0 13 18 23 25 5 14 0 
5 9 15 0 17 12 25 0 23 0 2 6 0 16 19 4 14 0 3 0 0 0 18 20 0 
0 0 0 14 0 16 0 5 21 11 0 2 0 0 0 0 0 10 23 4 6 0 0 0 8 
19 10 0 0 23 0 7 0 0 18 16 0 9 24 0 1 15 20 0 3 25 0 2 5 17 
0 11 0 8 0 0 9 0 12 25 0 0 6 3 15 0 0 0 5 21 0 0 0 0 0 
4 0 0 7 0 1 19 14 0 24 22 13 8 21 0 12 16 0 0 0 15 0 10 3 0 
12 0 0 18 24 23 2 0 4 0 14 20 10 19 5 0 25 6 0 9 1 7 0 0 0 
0 0 0 16 25 17 22 4 0 15 20 7 19 0 23 5 0 1 21 6 13 0 12 0 14 
10 0 13 17 22 11 14 25 8 3 4 21 0 0 24 0 20 19 0 0 9 18 0 6 0 
0 0 18 15 0 0 13 1 0 23 0 0 0 8 10 9 3 12 4 24 0 0 17 0 0 
0 8 0 5 0 10 0 18 7 0 12 0 0 9 3 14 13 22 0 0 0 24 20 0 15 
24 0 4 19 0 0 0 0 0 20 17 22 0 6 1 0 0 0 10 0 0 11 0 0 0 
0 0 0 23 0 0 17 0 0 0 24 0 0 11 0 0 5 18 9 0 0 13 0 1 7 
0 0 0 0 0 0 10 19 0 22 7 17 0 0 12 23 11 0 20 25 2 5 6 9 4 
1 14 2 11 0 25 0 16 0 0 6 0 20 15 18 3 21 4 24 0 0 17 19 0 0 
7 6 0 9 5 0 4 11 0 12 19 3 23 0 0 0 0 0 0 14 16 21 0 8 18 
0 0 17 0 20 24 0 0 18 0 0 0 5 0 2 0 0 16 0 8 14 15 3 11 0 
0 0 0 3 15 0 0 12 0 9 0 19 24 7 16 0 0 0 6 20 0 2 0 0 0 
9 25 0 0 0 0 11 0 0 10 5 18 21 0 0 16 0 3 0 19 8 0 13 0 0 
0 19 10 1 18 0 0 20 0 0 0 0 0 2 0 24 4 11 0 22 0 0 0 7 9 
13 21 11 20 6 0 16 24 2 0 10 0 0 4 0 0 9 5 0 23 3 0 0 0 0 
8 24 7 22 0 5 18 23 19 6 9 11 0 0 14 21 0 0 15 13 0 0 0 0 0 
