21 0 0 7 1 3 0 0 0 0 0 16 0 0 2 4 18 20 0 14 12 17 10 0 24 
3 0 0 0 0 23 0 8 0 9 24 0 12 10 0 22 0 17 13 0 0 14 0 0 2 
14 12 19 0 24 10 17 0 0 2 3 0 7 25 18 23 21 5 0 0 16 20 0 13 8 
9 8 13 2 17 20 16 21 24 7 0 14 5 23 11 1 12 0 15 3 19 22 0 0 4 
0 0 0 0 0 13 0 12 4 0 0 0 0 8 17 2 0 0 0 0 11 0 0 0 3 
4 0 0 0 6 12 18 0 0 0 8 5 11 2 19 0 22 3 0 24 14 15 13 7 9 
24 0 0 0 18 19 15 16 2 10 1 0 3 20 0 5 7 0 25 0 21 8 4 0 0 
17 0 0 19 0 0 9 0 0 0 10 0 0 0 0 0 13 0 0 0 2 0 0 12 1 
12 0 0 21 23 11 3 24 0 0 16 17 0 0 13 19 0 8 0 6 0 0 0 0 0 
0 1 3 0 0 4 0 7 8 0 21 12 0 0 9 15 20 0 0 18 17 19 16 24 0 
2 21 0 23 15 0 0 10 5 22 0 0 20 7 14 0 19 9 18 11 0 24 0 17 0 
20 0 0 1 0 15 19 0 25 23 11 0 24 0 0 0 17 4 0 10 0 5 6 0 0 
10 22 17 3 9 14 0 18 1 16 0 0 0 0 0 0 0 21 20 2 0 0 11 19 7 
6 0 24 12 5 0 11 3 0 4 22 0 0 9 0 7 15 1 16 23 0 0 0 14 20 
0 4 16 11 0 0 7 13 0 0 2 0 10 17 0 6 8 0 12 5 0 23 0 22 0 
15 0 0 0 0 0 23 0 0 5 0 11 22 0 0 8 0 0 9 12 0 1 0 0 0 
23 0 1 0 0 0 21 0 0 0 5 10 13 19 0 25 0 0 0 0 0 7 17 0 15 
0 0 6 0 0 7 0 0 16 12 17 0 14 0 0 20 23 18 5 1 0 0 19 0 25 
7 18 22 0 0 1 24 25 15 0 12 0 21 0 23 17 10 2 19 0 0 9 0 0 0 
0 0 9 24 10 22 20 0 0 18 0 2 0 16 4 0 0 0 21 0 23 12 0 0 5 
18 0 2 4 14 0 0 6 13 3 9 25 0 1 10 0 24 0 23 0 0 11 0 15 0 
19 0 12 15 13 0 4 11 7 0 18 24 17 5 0 0 2 0 6 21 1 0 22 0 0 
22 3 11 0 25 0 14 17 9 19 0 13 23 0 6 0 0 0 4 7 0 0 12 0 0 
0 0 0 0 20 18 2 0 10 21 19 15 0 0 12 14 0 0 0 0 0 0 0 25 13 
8 0 10 0 21 16 0 0 0 15 14 22 2 11 7 0 0 0 0 13 0 6 0 4 0 
