23 0 0 0 12 13 20 6 9 16 0 0 17 3 18 5 0 8 4 22 0 19 0 24 14 
18 0 9 0 3 0 8 25 17 4 24 0 5 0 0 23 21 0 13 20 0 7 6 12 22 
25 0 14 8 19 10 23 7 0 11 2 22 12 13 21 0 17 16 0 15 0 0 1 4 0 
4 0 10 22 0 1 0 0 0 0 0 11 0 0 23 25 19 24 0 12 0 0 0 0 0 
5 21 24 17 13 0 22 0 0 12 0 0 19 16 4 10 1 0 3 0 0 11 25 0 0 
8 22 0 0 0 0 7 23 10 5 0 0 0 9 13 0 14 1 0 25 2 0 17 0 24 
3 4 25 23 14 0 0 8 2 0 10 0 0 0 6 0 0 0 16 21 0 0 12 0 1 
16 24 0 2 0 0 4 0 0 0 7 0 0 11 1 12 9 19 22 0 0 0 0 14 0 
0 0 21 1 10 0 0 9 14 0 0 0 0 0 12 7 0 0 5 18 16 0 0 0 0 
11 7 0 13 9 12 1 19 25 0 0 16 18 4 0 0 8 0 0 0 20 0 0 6 0 
1 0 0 9 0 11 12 3 0 21 16 0 10 17 25 22 0 5 0 0 14 23 20 7 19 
0 11 16 0 0 0 14 0 0 0 0 0 7 0 0 17 0 0 23 1 21 0 13 9 6 
0 14 17 0 5 23 16 2 15 0 21 24 1 6 0 9 0 0 20 0 3 22 0 0 25 
13 23 6 0 0 7 0 0 1 0 20 0 3 5 0 14 0 4 0 0 0 24 0 8 15 
24 19 0 7 25 6 9 0 8 20 0 4 22 23 0 3 10 21 15 16 17 0 2 0 0 
0 8 20 0 23 5 10 1 0 14 0 0 0 19 22 16 3 0 24 0 11 15 0 17 9 
15 9 0 0 0 0 0 12 0 8 23 10 0 0 0 0 0 6 0 0 22 0 0 0 2 
21 0 7 5 0 0 13 0 0 0 1 0 8 24 0 11 0 10 0 9 0 12 14 18 3 
12 0 0 14 0 0 25 0 0 9 0 15 0 0 0 0 4 20 0 0 0 0 19 10 0 
0 0 0 0 1 0 0 4 0 0 0 9 0 0 16 0 22 12 0 0 8 0 23 20 13 
0 10 1 25 21 9 19 0 0 23 18 14 0 22 0 2 0 3 12 0 6 0 15 0 20 
0 12 11 0 20 0 2 0 0 0 15 17 0 0 5 21 0 14 0 19 24 8 0 25 7 
14 0 0 19 0 25 5 0 12 0 0 21 9 10 24 0 0 18 0 6 1 2 0 22 4 
0 5 0 16 0 0 6 15 22 1 4 0 0 25 0 20 24 0 10 13 19 0 0 21 18 
0 18 4 0 15 0 21 0 0 0 0 19 6 20 0 1 0 0 0 17 12 0 0 23 16 
