21 15 0 0 0 0 0 6 5 0 1 10 17 24 19 0 0 22 8 7 0 20 12 0 23 
4 8 7 0 23 12 0 3 0 9 0 6 0 5 20 0 0 17 13 2 22 21 0 24 25 
9 0 19 2 12 0 15 0 0 0 0 13 18 0 3 24 0 1 0 21 0 0 10 0 0 
6 14 0 0 0 0 21 0 11 7 0 0 0 0 2 0 12 5 0 0 17 8 15 13 0 
17 22 0 5 0 13 0 14 0 4 7 8 15 0 0 18 0 6 25 0 1 9 2 3 19 
23 0 0 24 21 0 25 0 0 15 0 22 0 6 0 16 14 0 0 0 0 10 19 0 0 
16 20 3 8 4 10 0 0 12 18 23 24 9 0 5 21 17 0 2 11 0 7 0 1 0 
7 19 0 15 0 21 0 0 20 0 0 0 3 11 8 12 0 25 0 0 0 0 4 16 18 
14 11 0 6 0 23 19 0 0 5 0 16 12 0 7 0 3 0 0 0 13 17 24 21 22 
0 13 0 0 0 16 0 1 0 0 0 17 19 25 15 4 24 0 6 22 2 0 3 0 0 
0 21 8 0 0 25 0 7 24 12 17 0 0 19 10 15 0 2 0 4 0 0 16 18 13 
12 10 22 0 1 19 0 0 0 0 16 5 24 0 0 7 0 23 9 6 0 25 20 0 17 
3 25 23 0 6 9 0 0 10 0 0 0 0 13 11 19 0 0 14 12 0 1 0 2 4 
0 7 11 14 0 0 23 0 2 0 0 25 20 0 0 0 22 0 24 1 3 0 5 9 0 
0 0 0 16 0 0 0 11 0 14 0 0 0 0 9 25 0 13 20 10 21 0 7 0 6 
8 0 21 10 0 0 11 0 0 0 6 15 4 17 1 23 7 0 22 0 0 0 14 0 0 
0 24 15 0 16 6 8 19 21 0 25 9 0 0 23 20 0 0 0 14 7 0 0 0 5 
1 12 0 0 7 20 14 0 0 25 3 11 21 8 0 0 2 16 0 17 0 13 0 0 24 
13 0 4 0 14 0 2 18 16 23 24 0 5 0 22 0 25 0 0 0 10 11 0 20 9 
0 5 17 25 18 0 12 0 7 1 19 20 0 16 14 0 0 9 11 0 4 3 23 0 0 
25 9 0 0 17 0 18 12 15 24 4 14 0 0 16 0 0 0 0 0 19 0 0 0 0 
0 1 0 22 15 0 3 17 0 0 2 0 0 9 24 5 23 11 0 0 0 0 13 0 20 
24 23 0 0 8 0 0 21 25 20 5 0 0 1 17 9 19 12 0 0 0 0 0 6 0 
2 0 0 0 19 11 0 0 1 0 0 0 0 0 13 0 0 0 17 0 25 24 0 7 0 
5 0 12 0 10 0 0 23 13 16 0 19 6 0 0 0 0 14 1 0 8 18 11 17 3 
