3 0 0 16 8 0 0 6 0 0 0 0 0 10 14 13 
15 0 0 12 1 9 0 0 8 0 3 16 2 0 0 0 
0 8 6 0 11 16 14 2 0 9 0 0 0 0 3 0 
0 0 0 2 0 5 0 0 11 6 0 0 0 8 12 15 
0 2 0 7 0 0 0 10 1 13 5 11 0 0 0 6 
0 13 14 3 0 0 0 0 0 8 0 0 0 0 0 10 
6 0 0 0 16 0 0 1 3 0 0 0 0 0 4 8 
0 4 12 5 0 8 11 15 0 0 0 0 0 0 1 0 
0 0 0 13 4 15 1 0 0 11 12 0 10 9 2 0 
4 0 0 9 0 11 12 5 13 0 0 0 0 6 7 16 
0 0 1 0 0 10 0 0 5 2 0 0 0 0 11 3 
2 6 10 11 0 7 13 8 0 0 0 15 4 0 0 1 
0 0 3 6 15 0 0 16 0 14 13 2 11 1 10 0 
14 10 9 0 0 0 2 0 0 0 11 5 3 15 0 0 
5 16 13 4 7 3 10 0 0 15 0 0 0 0 0 2 
0 15 2 0 5 1 0 0 10 0 6 3 7 0 0 12 
