0 13 4 0 20 18 15 22 11 0 0 0 19 0 0 5 0 0 0 0 2 0 0 10 1 
12 8 6 15 9 4 0 7 2 0 0 23 0 14 10 0 0 0 0 0 5 0 0 18 17 
0 21 5 0 0 17 0 6 19 0 0 12 13 0 2 14 0 10 15 4 0 23 0 24 0 
0 0 0 19 0 21 25 0 0 0 8 5 0 18 0 0 0 17 16 3 4 14 0 12 0 
0 0 0 10 14 12 5 16 0 8 17 0 15 0 22 23 9 0 18 0 19 0 21 6 13 
0 10 11 0 3 1 22 17 0 12 0 0 14 0 23 0 0 15 0 0 21 0 2 0 6 
0 0 0 6 19 0 0 9 15 16 12 0 24 3 21 0 13 4 22 0 11 25 0 14 7 
17 0 22 0 13 19 0 0 0 11 4 25 18 5 7 0 0 16 20 0 9 0 0 0 0 
0 0 0 0 0 0 0 18 7 3 0 15 0 8 6 0 11 14 0 0 20 19 0 23 22 
0 24 0 0 0 14 0 20 0 6 19 0 0 16 0 0 3 0 0 17 8 13 5 4 0 
18 3 12 2 10 0 0 0 0 0 0 8 0 22 0 16 5 0 0 0 6 1 13 7 0 
1 11 0 7 0 0 16 5 0 0 2 0 21 0 3 0 0 12 24 8 23 10 14 20 9 
13 23 24 5 4 0 12 10 3 0 9 0 16 19 0 0 0 0 0 0 18 0 0 8 2 
0 0 17 0 22 0 7 0 24 0 25 0 23 0 0 11 0 0 0 6 3 4 16 0 5 
0 16 21 0 6 13 19 4 23 0 0 0 11 0 5 9 0 20 3 1 0 0 22 0 12 
0 0 9 14 0 20 0 0 10 0 18 16 12 0 15 0 0 0 0 23 17 8 19 0 0 
11 4 0 3 0 0 9 0 6 5 14 19 7 2 1 10 0 0 0 0 0 0 23 13 16 
19 20 10 0 24 23 0 0 21 0 11 22 0 0 8 7 0 6 5 0 0 15 1 9 0 
0 0 8 0 1 25 14 19 0 4 0 0 0 0 13 0 0 9 0 24 0 3 0 0 0 
0 17 23 16 0 0 0 11 0 7 5 20 0 0 24 0 0 1 0 13 14 0 6 25 0 
4 2 0 0 8 0 20 0 9 22 16 21 6 0 0 0 0 5 13 0 0 7 18 3 0 
7 0 13 21 23 16 6 8 0 0 10 11 2 0 0 17 20 3 14 9 15 0 12 0 19 
0 0 0 24 17 7 4 15 5 0 0 13 0 0 18 1 23 2 10 22 0 6 9 0 0 
10 0 0 22 5 0 0 3 0 0 23 7 0 0 0 0 0 0 6 16 13 0 24 17 14 
6 12 20 0 0 10 17 14 0 0 22 3 5 9 19 0 0 7 11 15 0 2 0 21 8 
