15 3 0 0 7 1 0 4 0 0 0 10 0 0 11 19 2 16 14 0 20 0 0 0 0 
0 0 0 6 18 23 0 3 0 0 0 0 12 0 1 0 25 0 17 0 13 7 0 15 5 
0 0 0 13 0 0 0 24 0 7 0 0 0 0 21 12 5 0 8 22 0 11 0 0 9 
0 0 16 0 11 17 0 21 0 25 0 0 0 7 0 3 0 15 10 0 0 1 14 0 0 
0 0 0 0 4 5 0 15 2 0 3 18 9 16 25 0 7 0 24 1 17 12 21 6 19 
0 0 0 0 9 24 6 0 1 0 7 16 3 14 5 2 0 0 12 0 22 0 19 0 20 
5 2 0 24 1 12 4 22 8 3 0 11 21 0 10 23 19 0 7 0 6 0 16 0 14 
14 12 3 22 6 2 0 0 21 13 23 0 0 0 4 8 0 24 0 0 0 9 25 11 10 
0 21 17 0 0 9 0 0 0 0 0 0 0 18 2 0 10 4 6 11 0 8 0 0 1 
7 0 10 0 0 14 17 25 18 19 0 24 0 1 0 22 0 0 0 0 12 23 0 2 21 
22 0 0 0 8 15 7 0 24 4 18 25 0 3 12 16 0 9 23 0 14 10 0 0 0 
0 18 0 12 0 25 13 19 0 5 14 21 15 11 0 6 0 20 1 4 0 0 0 23 22 
0 0 1 0 14 16 11 0 10 6 9 19 0 0 0 21 8 25 13 12 0 0 7 5 2 
0 5 0 23 0 8 9 12 0 2 1 0 17 10 0 7 24 18 0 0 0 0 6 21 11 
0 0 0 7 13 21 1 23 3 14 6 5 0 8 24 10 17 0 0 2 15 0 0 18 12 
6 0 0 0 16 0 3 17 0 12 11 0 23 4 0 15 21 10 0 0 0 0 0 25 24 
0 9 0 0 0 10 25 0 0 8 17 0 5 2 0 11 0 0 0 0 0 4 0 0 6 
0 7 0 10 0 11 0 1 19 24 0 0 0 0 20 18 0 14 0 3 8 17 0 12 23 
17 13 0 4 25 6 21 16 5 22 19 1 0 24 15 0 0 0 2 0 0 14 0 0 0 
12 0 11 3 0 0 0 13 0 0 10 0 0 21 14 0 0 1 0 0 0 2 5 0 16 
0 25 8 1 0 0 5 0 4 15 21 0 10 12 19 0 16 7 11 0 0 0 2 14 0 
18 24 0 11 23 22 0 10 0 21 0 7 0 0 0 0 0 2 9 15 0 5 1 8 0 
0 16 5 0 0 0 0 0 0 0 0 4 0 23 0 0 13 6 22 0 0 21 17 24 7 
0 17 7 14 0 0 24 8 25 16 0 2 0 20 9 0 12 3 18 23 10 6 0 19 0 
0 0 13 0 2 7 0 0 11 0 24 0 0 0 0 1 14 8 0 0 25 20 12 0 0 
