2 9 12 6 7 0 0 10 8 11 3 4 5 0 14 0 
3 0 0 11 0 6 8 0 14 12 0 0 10 2 0 0 
0 13 0 15 16 0 11 0 0 2 5 1 3 8 0 6 
10 0 4 0 3 2 14 13 0 15 7 0 0 1 0 0 
0 1 0 0 0 0 4 0 0 3 0 0 0 12 0 0 
5 0 6 3 0 0 1 0 0 8 11 0 16 4 0 9 
16 2 13 0 0 0 5 8 0 0 4 14 0 0 0 0 
4 11 15 12 0 0 10 0 0 9 0 0 0 5 1 14 
11 15 9 14 12 4 0 0 6 1 0 10 0 3 0 0 
0 0 0 0 0 5 16 0 9 13 0 0 0 0 0 12 
0 0 0 7 0 10 0 15 0 0 0 0 0 14 0 0 
1 0 0 0 0 8 0 0 2 5 14 0 4 0 0 0 
13 0 8 1 10 0 2 0 3 16 6 0 12 11 0 4 
12 5 0 16 0 0 9 0 0 0 2 11 0 0 3 0 
15 6 0 2 0 0 0 4 0 7 0 0 0 0 10 0 
0 7 3 4 8 0 0 11 15 0 1 5 0 0 0 13 
