1 0 15 0 7 0 13 2 8 0 14 0 0 4 10 16 
14 0 9 0 0 10 0 3 7 15 13 11 0 5 0 0 
0 10 0 0 0 5 0 0 16 0 12 0 0 0 0 0 
0 13 0 12 8 6 0 15 1 0 0 0 14 11 0 2 
0 3 0 15 0 11 0 0 0 0 5 0 0 0 0 7 
0 0 0 9 5 7 0 0 0 0 0 0 0 16 12 10 
2 5 0 0 3 15 12 4 0 0 1 7 0 0 6 9 
16 7 0 14 0 13 0 0 0 0 10 0 0 0 4 0 
5 0 7 0 2 4 3 13 15 8 0 0 0 12 0 14 
3 12 0 16 6 0 0 0 0 1 0 10 0 9 0 0 
0 0 14 0 12 0 8 1 4 11 0 16 2 0 0 3 
0 8 2 0 10 0 5 7 14 13 0 0 15 0 11 1 
8 16 4 2 11 0 0 0 0 7 0 14 5 1 13 0 
10 0 3 0 0 0 4 0 12 0 0 0 0 8 0 0 
0 0 5 7 0 0 10 9 0 0 0 0 16 3 2 0 
12 0 0 1 13 0 7 5 0 3 0 15 4 0 0 11 
