1 0 0 21 0 0 6 0 19 0 12 10 9 0 16 0 11 14 0 20 0 0 17 0 0 
11 0 0 0 0 0 8 20 0 4 0 0 1 0 0 0 9 6 22 5 0 23 10 19 0 
23 24 22 19 9 16 1 15 0 14 21 0 2 6 0 7 0 0 3 10 11 13 0 0 0 
13 0 17 10 0 0 9 22 0 21 0 0 18 7 0 0 4 25 12 0 1 14 0 0 8 
12 0 0 7 0 18 11 0 0 0 0 0 5 0 0 0 24 1 23 0 0 0 9 0 0 
0 0 12 13 1 25 0 11 0 0 24 15 23 0 0 6 16 20 0 4 0 22 19 0 0 
0 0 0 0 0 4 0 18 6 12 0 14 17 13 8 0 22 9 5 2 21 0 16 24 10 
10 5 18 4 22 20 2 3 23 16 0 6 19 9 0 24 12 0 0 8 14 0 1 15 17 
16 0 9 24 17 19 21 1 0 8 0 4 0 10 0 15 0 3 0 0 0 0 6 5 13 
0 0 0 0 0 0 15 0 13 0 0 0 0 0 5 25 0 0 10 0 23 0 0 0 0 
0 0 24 0 0 5 0 21 3 6 9 16 8 0 23 10 1 0 25 0 4 0 22 7 14 
0 22 0 16 3 23 20 25 0 17 5 0 24 1 0 4 0 0 14 7 8 9 0 0 6 
0 18 10 0 8 0 0 7 15 0 0 0 0 22 14 0 19 5 0 17 24 1 25 0 0 
0 6 0 0 11 22 24 16 0 10 19 25 21 4 13 9 3 15 0 0 5 12 2 17 0 
0 0 5 25 2 14 0 19 8 11 0 0 0 0 10 0 6 0 0 22 0 15 0 23 0 
25 0 20 15 10 0 0 12 0 1 0 3 0 0 0 14 0 0 16 0 0 0 4 9 11 
0 16 21 8 0 0 0 0 0 0 0 5 25 2 0 0 10 0 20 0 15 0 0 0 0 
3 2 0 22 4 15 5 14 24 19 8 7 10 12 0 0 17 0 0 25 0 18 0 6 0 
18 0 14 1 0 8 3 9 4 2 0 0 0 16 20 5 7 22 0 24 10 21 0 0 25 
5 17 11 0 24 0 16 0 20 25 0 21 0 15 22 13 0 0 0 0 0 0 7 3 0 
0 10 0 18 21 0 14 4 16 23 0 22 0 17 0 8 20 7 2 0 0 6 5 0 0 
8 13 0 0 15 12 0 0 0 20 10 9 16 0 18 0 0 0 6 21 0 2 14 0 0 
7 14 2 0 0 10 0 0 21 15 4 19 0 0 0 1 0 0 0 13 0 0 20 0 22 
24 9 6 0 20 11 0 2 18 0 13 1 0 0 7 0 15 16 0 0 17 0 0 25 0 
22 12 23 0 0 0 13 6 9 0 0 8 3 5 0 17 25 0 0 0 0 0 15 0 4 
