1 9 0 13 16 11 0 10 0 0 20 6 25 12 18 2 0 0 0 0 23 0 0 15 0 
10 0 4 6 5 13 0 16 0 24 0 0 14 7 11 8 23 0 0 0 1 20 2 19 0 
0 14 0 23 0 0 9 0 12 8 10 0 13 0 15 0 24 5 0 0 0 6 18 0 0 
0 0 18 0 0 0 20 0 0 14 24 0 0 3 0 4 6 25 22 0 13 7 10 11 0 
20 21 0 0 3 0 19 0 0 0 23 2 0 0 9 11 0 7 10 1 14 17 24 12 16 
0 13 0 0 8 17 0 11 14 0 0 0 10 0 0 0 0 6 21 0 12 16 20 23 0 
0 0 0 24 0 0 21 0 15 9 17 18 22 11 13 1 8 0 23 3 5 0 0 0 2 
23 0 17 5 10 19 0 24 6 0 14 20 0 1 0 12 0 0 15 4 0 0 8 18 13 
18 7 20 0 4 0 23 0 0 12 0 0 9 6 19 0 0 0 5 0 24 15 11 14 0 
25 11 1 15 0 22 0 13 0 0 8 5 0 0 23 17 7 24 14 0 0 0 9 4 0 
0 0 23 16 24 14 0 12 0 11 19 0 6 13 1 15 18 17 0 0 0 25 4 10 0 
4 0 21 25 11 0 1 23 0 0 12 0 15 0 0 3 0 0 0 0 2 0 0 0 14 
0 17 3 1 0 0 2 9 0 0 21 0 0 0 4 23 0 10 0 0 0 24 12 13 0 
0 5 0 12 2 4 0 21 13 6 0 0 0 14 0 0 0 16 24 7 0 1 0 17 0 
0 8 13 7 0 3 0 17 0 0 9 0 0 5 0 14 12 0 4 0 19 0 16 0 0 
8 0 6 0 0 0 0 0 0 25 0 0 24 21 3 0 0 18 12 22 17 0 19 20 0 
3 0 16 20 12 2 0 7 1 13 4 15 8 0 5 0 10 23 0 0 0 18 14 25 0 
0 0 15 18 0 12 0 8 20 4 16 10 19 23 14 0 1 0 0 0 0 5 3 0 22 
7 0 10 0 22 21 3 19 0 0 0 0 17 0 0 5 4 14 8 20 0 2 0 0 0 
21 0 5 14 23 24 0 0 0 17 0 0 7 0 6 0 0 3 16 0 4 12 0 0 10 
12 23 0 0 0 6 0 0 0 0 11 16 1 19 0 22 14 2 3 9 0 0 13 5 7 
0 22 11 0 21 10 12 20 0 23 0 0 0 24 17 19 0 13 7 0 0 0 25 0 0 
24 0 7 0 20 9 13 0 17 0 0 14 0 0 8 25 0 4 18 11 16 23 22 3 0 
13 2 14 10 0 8 4 0 11 16 0 0 3 22 0 0 5 0 6 0 15 0 0 0 0 
0 18 9 0 0 7 0 0 3 19 0 0 23 25 0 24 0 0 0 0 6 0 0 2 20 
