12 2 0 19 0 0 10 0 0 15 5 20 0 11 1 21 0 0 0 0 0 18 0 0 17 
0 0 15 17 0 22 0 2 13 20 0 0 21 4 19 10 24 0 0 0 0 1 6 23 0 
0 0 0 3 0 0 16 0 0 0 9 24 0 17 0 0 0 22 23 20 21 15 0 14 2 
16 0 6 21 0 0 1 0 0 12 0 7 22 0 15 25 0 0 2 13 3 0 4 0 10 
0 0 13 0 9 0 0 4 0 21 25 0 0 0 2 18 7 3 1 15 0 0 0 19 0 
0 12 7 15 21 0 18 24 8 13 0 25 4 9 14 0 0 10 16 17 5 0 0 0 23 
0 0 4 0 0 12 0 0 0 7 15 16 11 0 0 0 9 0 0 19 22 25 0 0 24 
0 6 0 10 19 0 0 0 20 0 0 13 0 5 0 15 4 23 22 25 0 21 17 0 11 
0 9 0 16 23 25 14 0 22 0 0 8 0 19 20 5 0 7 21 0 0 4 3 18 15 
0 20 0 25 22 4 0 0 0 19 0 17 6 0 3 0 13 1 0 18 0 0 0 0 9 
0 18 5 0 7 17 4 0 0 3 19 0 2 10 11 0 8 0 0 0 16 13 24 0 22 
3 17 16 1 12 13 22 0 25 18 0 4 0 0 24 0 5 15 0 21 23 10 2 11 14 
0 0 25 0 0 20 15 0 0 0 6 3 12 21 23 1 0 11 0 0 17 19 0 0 18 
0 8 0 4 6 24 0 10 0 0 16 0 14 7 13 0 0 2 0 0 15 0 0 21 0 
15 0 0 0 0 21 19 23 2 0 17 0 5 0 0 13 16 12 7 3 6 9 0 0 0 
0 25 3 0 18 2 20 12 0 10 14 11 0 24 0 8 21 0 0 0 19 6 0 0 7 
20 16 11 7 0 19 6 21 0 0 10 0 0 13 0 0 1 0 3 0 8 23 14 0 5 
0 21 0 0 0 11 25 14 0 9 0 19 0 0 16 0 6 0 5 0 20 0 0 15 4 
0 0 14 5 0 0 7 0 17 0 0 9 23 12 25 0 15 13 10 0 18 0 0 0 0 
4 23 0 2 0 15 0 0 0 0 0 5 7 0 6 0 0 24 25 14 0 0 0 9 16 
8 0 0 13 0 5 0 0 0 0 11 2 1 0 0 9 18 0 24 10 4 14 23 0 19 
0 1 0 12 3 7 0 18 0 23 24 6 0 0 0 4 0 21 0 5 2 11 0 20 13 
23 10 19 0 0 0 24 11 0 0 0 0 25 0 5 0 0 14 13 8 0 7 0 0 12 
0 0 0 14 2 0 13 19 0 0 23 10 0 22 8 7 25 17 12 0 24 16 0 3 21 
9 11 21 24 4 0 2 22 12 0 13 0 0 0 7 0 3 20 0 0 25 5 15 0 0 
