14 3 0 0 12 9 16 22 0 8 24 13 17 18 0 19 15 21 20 25 0 0 0 2 1 
8 21 2 24 10 12 0 6 0 0 0 16 15 22 0 0 9 3 7 0 11 0 25 0 0 
0 20 18 1 0 0 21 0 19 2 0 0 9 6 12 8 11 0 4 0 0 0 0 0 17 
6 0 16 19 0 0 17 0 0 0 10 0 0 0 8 0 0 13 2 0 0 0 0 9 0 
17 4 0 0 0 0 10 15 0 1 0 0 0 5 2 0 12 14 6 0 0 7 0 20 24 
5 0 6 0 23 10 0 9 18 0 0 12 0 0 11 0 4 16 0 7 0 0 0 0 14 
0 0 0 16 3 7 8 0 0 0 4 9 10 20 0 0 0 24 0 0 0 12 0 23 6 
7 0 0 0 22 11 0 16 0 12 0 15 0 19 21 9 6 0 23 0 0 0 0 0 8 
4 9 24 12 11 6 5 0 22 0 7 0 0 23 3 0 0 0 0 0 0 0 17 18 19 
1 0 21 20 15 0 0 0 23 25 0 22 16 24 14 0 0 11 8 0 0 3 0 5 10 
0 11 17 2 0 0 25 0 0 21 0 0 1 0 0 0 0 18 15 8 19 0 22 0 16 
25 10 0 18 0 19 0 2 17 6 0 0 0 0 0 0 16 22 9 5 21 13 0 11 7 
0 0 12 0 0 23 0 1 24 16 18 0 22 2 0 0 19 0 25 11 0 0 0 0 15 
0 23 0 0 0 0 0 8 7 0 14 19 11 10 16 0 13 0 17 21 4 18 0 0 9 
0 0 20 22 6 13 11 0 9 10 25 5 0 8 0 0 2 4 12 0 23 0 14 17 3 
0 1 22 23 17 0 3 25 15 4 0 24 0 0 0 2 18 19 16 0 0 11 0 0 20 
0 0 19 0 0 0 20 24 0 0 0 3 25 0 17 0 5 7 0 0 9 8 18 0 0 
0 0 7 0 0 17 14 19 6 0 0 0 23 0 10 22 0 12 21 0 0 2 24 0 4 
11 0 0 0 0 8 9 0 13 0 19 2 0 21 0 10 0 17 24 15 0 5 0 16 23 
2 24 4 15 0 0 22 10 16 5 11 7 0 0 20 0 3 0 0 23 17 21 0 19 13 
15 17 0 10 2 22 0 5 12 13 9 0 0 3 0 0 14 8 0 16 0 0 23 6 0 
0 6 14 4 19 16 2 20 0 9 0 21 0 15 25 17 23 1 22 12 3 0 13 0 11 
0 0 11 0 24 0 0 0 0 19 0 0 6 0 18 13 0 0 5 4 10 17 7 15 12 
0 12 5 0 0 0 0 11 0 24 0 10 13 17 0 6 7 15 0 9 16 0 21 1 0 
0 0 13 0 0 0 6 0 0 0 2 4 14 0 0 11 0 10 0 20 18 9 0 22 0 
