0 3 4 0 17 9 0 19 0 0 0 0 22 0 20 0 0 16 1 0 0 0 5 0 15 
1 0 9 15 10 2 0 0 12 25 19 0 3 0 7 8 0 0 0 0 0 14 23 0 21 
21 14 22 2 19 11 20 5 16 17 0 0 4 25 23 0 3 15 0 0 0 1 0 6 8 
0 8 25 11 24 0 0 13 0 10 0 0 6 0 15 21 17 0 0 23 0 0 3 19 4 
0 18 7 0 0 0 0 6 15 3 17 0 1 21 14 0 4 10 19 9 22 0 11 25 16 
19 0 10 0 14 12 0 0 0 0 5 24 0 6 21 4 20 8 23 22 2 3 0 9 0 
17 0 1 4 0 0 21 0 10 9 15 0 0 0 8 6 18 3 16 5 25 0 19 0 24 
0 0 0 18 0 0 0 0 0 0 22 0 14 3 4 0 21 19 0 10 0 0 13 16 0 
24 23 0 0 8 0 0 3 2 11 0 0 0 0 9 15 0 0 0 0 0 0 6 0 7 
0 15 6 9 3 0 7 23 0 8 0 25 16 0 10 0 24 2 0 13 14 0 18 20 22 
25 2 0 3 0 0 0 0 0 19 21 6 10 0 11 0 22 0 13 8 20 0 7 17 0 
0 11 12 0 0 0 0 0 22 6 0 19 0 0 0 24 23 1 3 0 21 25 0 0 5 
6 0 23 0 0 21 25 8 24 18 7 4 0 0 16 10 15 0 11 0 3 12 9 2 13 
0 9 0 0 5 15 0 0 11 16 0 1 0 8 0 0 0 4 2 20 0 0 24 0 0 
7 10 8 22 0 13 0 14 0 12 3 15 0 0 0 5 0 21 25 6 0 18 0 0 0 
11 0 5 0 0 0 0 10 25 7 20 0 0 2 6 1 16 22 0 24 18 23 0 12 0 
0 4 19 12 0 0 0 2 6 0 16 0 0 0 0 0 14 0 0 0 0 24 0 0 9 
3 17 0 7 2 20 11 9 0 0 23 10 0 19 0 12 8 18 0 4 0 0 22 14 0 
20 1 0 0 18 0 8 15 5 24 4 21 9 0 22 19 10 0 0 3 11 7 17 0 2 
0 0 16 0 6 0 0 18 23 14 0 11 8 0 1 17 13 0 20 2 5 0 0 21 0 
0 0 0 19 0 23 0 0 0 22 11 17 0 0 12 0 2 9 15 0 13 0 25 24 0 
15 21 18 14 0 6 0 0 13 0 8 0 20 0 24 0 7 0 0 19 0 22 2 0 0 
0 24 17 0 13 0 0 11 3 2 0 5 23 1 0 16 0 0 0 21 0 4 14 15 0 
8 6 20 23 12 0 15 0 0 0 0 7 0 0 0 22 0 24 14 17 16 0 10 0 0 
16 0 0 1 9 0 0 24 0 20 0 22 0 10 0 0 0 0 4 0 12 0 0 0 0 
