23 15 2 0 21 0 0 0 3 6 16 7 0 0 10 12 1 11 8 9 24 13 0 0 14 
24 8 3 25 20 23 0 2 1 0 4 19 9 0 21 14 13 5 0 10 0 11 0 0 0 
0 0 7 0 16 0 21 13 0 0 0 2 11 0 0 18 0 20 0 22 4 0 0 8 0 
10 0 9 0 14 22 15 11 0 0 0 0 5 0 8 0 21 0 0 0 0 23 0 0 0 
0 0 22 0 0 0 12 8 10 9 24 3 6 14 0 4 0 23 0 2 0 0 0 0 21 
0 7 6 16 24 0 0 17 0 8 3 9 0 12 23 0 22 21 14 18 0 0 10 0 5 
1 0 13 0 0 10 9 5 20 0 0 11 0 0 0 15 12 0 0 0 25 0 22 0 23 
12 2 0 20 0 0 3 16 6 0 25 0 0 0 18 8 0 9 23 11 0 17 24 0 19 
4 19 0 15 17 18 22 14 12 11 0 1 0 0 16 10 0 0 0 13 9 0 0 0 3 
25 9 10 5 0 0 23 21 13 7 15 0 8 0 0 1 17 3 0 20 0 0 0 6 11 
0 0 21 1 0 7 0 0 0 0 0 0 12 0 17 3 9 14 19 0 5 0 11 24 13 
0 16 4 14 2 21 0 3 0 0 8 5 0 0 0 0 0 12 0 25 23 22 20 19 0 
18 25 17 24 0 4 0 6 11 23 22 0 14 21 9 0 0 2 1 5 10 0 0 0 0 
15 12 11 0 19 2 0 0 0 13 0 0 0 3 0 0 0 0 22 0 17 25 9 21 8 
3 22 5 10 9 0 0 24 8 12 7 6 19 0 0 23 0 0 13 0 14 0 4 2 1 
0 0 8 13 0 0 24 0 0 0 10 0 0 18 12 11 5 1 3 23 7 0 0 0 25 
14 0 0 0 4 6 0 7 0 0 0 25 3 0 0 0 0 0 0 17 0 8 5 0 18 
7 3 0 21 25 0 13 10 0 1 5 0 2 23 6 22 0 8 0 15 0 0 0 0 24 
5 24 0 22 0 3 8 25 14 0 0 15 0 9 0 0 0 0 7 12 1 0 13 23 0 
2 1 16 17 0 12 0 0 0 20 0 8 21 7 22 0 0 0 0 14 3 0 0 9 0 
0 11 1 0 5 0 6 15 21 0 14 20 0 0 4 9 0 10 2 8 0 0 0 25 17 
0 0 15 23 0 16 2 12 0 0 9 18 10 19 5 0 25 0 11 0 0 0 3 13 20 
0 14 0 3 0 8 18 0 23 0 0 17 22 0 2 7 0 0 12 4 0 19 0 0 9 
9 10 24 0 0 0 0 19 0 25 12 21 15 0 3 0 0 0 0 0 11 1 0 14 0 
0 0 0 0 0 11 1 9 0 10 6 24 25 8 0 0 14 0 0 0 0 0 0 0 4 
