3 0 9 14 0 16 10 0 0 0 0 0 5 0 12 1 
0 12 0 4 0 6 11 1 10 0 8 0 7 0 2 3 
15 0 0 1 3 4 0 0 16 9 2 12 0 10 14 0 
0 0 0 0 0 12 0 13 0 6 3 14 16 8 15 0 
4 3 0 2 0 5 6 0 0 11 0 0 0 1 0 15 
16 15 0 12 2 0 8 0 0 0 0 3 0 13 10 0 
5 1 8 0 16 0 12 0 0 0 13 0 2 4 3 0 
14 11 0 7 4 0 0 0 0 0 0 16 9 0 6 0 
0 4 0 0 1 9 0 0 3 12 15 0 0 0 0 0 
0 5 0 0 8 2 4 16 0 1 0 0 15 11 9 0 
0 0 0 13 0 7 15 5 0 14 16 11 0 0 1 0 
0 0 0 15 6 0 14 0 0 0 9 0 0 0 0 16 
9 0 12 3 11 8 2 6 0 0 0 0 1 16 0 0 
11 0 0 5 12 0 0 7 8 10 6 9 3 0 4 0 
0 2 0 10 0 14 0 0 0 16 0 0 0 15 8 0 
0 0 0 0 0 10 0 0 0 0 0 7 12 5 0 9 
