21 17 0 5 0 14 6 8 0 3 0 13 0 0 18 2 19 11 0 0 23 0 25 4 12 
3 12 19 0 2 0 0 0 0 20 15 25 11 6 0 22 23 18 21 0 0 7 10 16 0 
8 1 23 22 16 0 0 0 24 0 0 19 0 0 0 15 10 0 7 0 0 0 0 9 11 
0 0 9 10 24 0 23 0 12 22 8 21 0 7 0 25 0 0 0 6 1 0 3 19 5 
6 20 0 0 0 1 0 0 0 0 5 2 0 0 0 0 13 8 12 0 0 0 0 0 18 
1 0 22 15 25 0 16 0 0 8 18 11 13 0 10 5 0 3 2 17 0 9 4 0 19 
0 18 17 0 0 7 0 21 14 5 9 20 0 3 0 6 0 0 0 0 12 11 0 0 16 
10 0 3 8 0 6 0 0 0 0 12 0 0 21 5 19 0 9 4 13 20 24 0 18 22 
16 9 5 20 0 0 3 18 0 0 0 6 0 24 17 23 0 0 0 8 25 0 14 2 10 
14 6 0 0 23 0 0 0 0 17 0 0 19 0 25 0 16 7 0 0 21 8 0 3 13 
24 23 11 0 14 5 0 0 0 15 20 0 0 18 0 4 17 0 0 12 10 6 16 0 8 
0 15 0 0 0 8 2 13 0 0 0 12 0 0 7 0 0 19 3 0 14 0 0 0 23 
0 3 0 0 0 11 4 0 23 14 0 0 21 10 19 0 6 0 0 0 0 17 18 0 9 
0 0 0 0 13 0 0 0 3 9 0 0 14 5 6 0 0 23 18 15 2 0 24 11 0 
0 5 0 16 0 21 7 0 0 0 23 1 0 25 15 20 0 0 0 11 4 0 0 13 3 
7 0 0 13 19 0 8 0 9 0 0 0 0 0 0 16 11 0 5 0 0 0 2 0 20 
5 0 16 0 0 0 19 10 0 2 13 0 20 15 21 1 18 0 8 0 11 23 0 12 0 
0 4 0 0 9 20 0 0 6 11 0 0 25 8 0 0 0 0 23 2 0 0 19 24 15 
23 8 0 1 17 18 24 16 0 0 19 0 0 12 11 0 0 20 9 3 0 10 7 0 4 
15 11 20 24 0 3 0 1 4 21 2 0 0 0 16 0 7 12 0 19 0 0 0 8 25 
20 24 0 12 0 9 0 14 2 0 0 0 0 23 0 0 4 13 15 0 0 0 0 10 6 
25 14 0 3 8 0 17 4 0 0 0 0 7 13 22 11 0 0 0 21 9 12 20 23 0 
11 19 4 0 0 22 0 0 0 0 0 14 12 0 24 9 3 25 20 0 0 13 1 5 17 
0 16 0 2 0 0 1 3 21 0 11 9 5 19 20 12 8 6 14 24 18 0 0 0 0 
0 7 0 9 6 13 20 5 0 0 25 0 15 1 4 17 0 0 19 23 24 3 0 14 21 
