0 3 4 0 0 8 0 16 0 0 0 0 0 11 7 0 
0 2 12 0 6 0 0 0 0 11 5 0 13 0 15 10 
6 13 0 16 0 0 11 14 0 12 3 0 0 5 0 1 
0 0 0 0 0 15 12 0 0 16 0 6 9 14 0 0 
0 12 0 0 0 0 0 0 0 1 0 16 0 0 10 0 
0 0 0 9 3 13 0 0 0 0 0 8 0 1 11 0 
0 4 7 11 9 0 0 0 0 14 0 0 0 8 5 0 
0 5 0 1 11 4 0 15 0 6 7 0 14 0 0 0 
11 0 0 2 0 12 14 0 3 7 0 9 0 0 6 0 
16 0 9 0 10 0 0 1 0 0 14 11 0 4 0 12 
4 0 0 0 0 3 2 0 0 15 6 0 0 9 0 11 
0 6 3 12 16 11 7 9 4 13 8 0 1 2 0 15 
0 9 13 0 0 0 6 10 0 0 0 4 0 0 0 14 
7 10 15 0 0 14 9 0 0 8 2 1 0 3 0 0 
0 16 14 4 1 0 0 11 0 9 13 0 10 15 0 0 
0 1 0 0 15 0 13 7 14 10 12 5 16 6 4 9 
