0 7 8 13 10 2 0 0 4 0 16 14 0 3 0 6 
0 0 9 4 0 11 0 13 2 0 0 0 0 12 14 0 
0 6 0 0 0 0 0 5 0 1 9 12 0 0 0 0 
0 11 0 15 14 3 0 0 8 7 0 6 5 0 0 0 
8 2 0 5 7 0 13 0 0 9 0 0 3 0 12 10 
7 0 6 0 0 1 0 2 0 5 3 0 11 14 0 0 
11 4 0 12 15 9 0 0 0 0 6 10 2 0 0 0 
0 1 14 3 0 10 0 0 0 2 0 4 0 0 0 16 
12 0 0 0 0 0 14 8 16 10 0 11 1 0 13 0 
13 0 0 0 11 0 9 0 0 15 0 1 6 16 2 12 
0 0 0 16 3 12 7 0 13 6 5 8 0 11 0 9 
0 5 0 0 0 13 1 16 0 0 0 0 15 0 0 0 
0 0 0 1 0 0 0 3 9 0 11 16 0 0 6 13 
4 12 2 9 0 15 11 0 5 0 0 3 14 0 0 0 
3 13 0 0 0 16 0 1 6 0 12 7 0 4 0 0 
0 0 10 11 0 0 12 4 15 0 0 2 7 0 3 0 
