10 0 0 0 0 2 9 13 0 4 5 0 0 0 0 0 
3 0 0 0 5 12 4 6 8 14 0 9 15 0 1 13 
0 15 0 5 0 0 0 0 1 6 2 10 0 4 8 0 
0 6 9 1 0 0 15 7 0 0 16 11 0 0 0 0 
7 0 12 3 0 13 5 0 0 0 8 15 10 6 0 1 
16 4 0 10 0 0 0 0 3 0 0 0 13 0 14 12 
8 0 0 0 0 0 0 12 0 0 1 0 11 0 0 3 
0 13 1 0 14 0 0 9 10 0 12 0 0 8 5 15 
0 16 6 0 7 0 13 2 9 15 3 0 0 0 10 4 
0 8 10 0 6 0 0 15 0 1 0 2 0 14 0 11 
0 0 11 7 0 1 0 14 4 8 0 16 12 5 15 2 
1 0 0 0 16 4 0 0 0 0 0 14 7 0 13 0 
0 1 3 13 0 16 0 4 6 0 0 5 14 0 0 8 
0 5 7 16 12 0 0 8 0 0 0 0 4 0 6 10 
14 0 0 12 0 6 0 0 0 0 0 0 0 0 2 5 
15 0 4 0 0 0 0 0 0 2 14 8 0 0 0 9 
