0 16 0 0 0 0 14 5 9 4 0 2 0 0 0 0 
0 9 2 1 8 16 0 0 0 0 12 0 5 0 0 4 
0 0 0 11 0 0 1 15 0 8 0 0 0 0 0 12 
5 12 7 3 0 0 13 4 1 0 11 0 0 16 8 2 
2 0 0 4 0 9 6 14 0 0 0 0 0 0 0 13 
9 0 0 16 15 0 8 0 2 0 0 14 10 0 0 0 
12 15 0 13 0 0 0 0 4 9 16 0 2 8 6 0 
0 7 0 14 0 4 2 0 6 0 0 0 0 0 0 15 
3 8 0 0 6 0 5 16 10 0 0 9 4 0 11 0 
0 6 16 10 14 0 0 9 11 15 1 5 0 0 0 3 
11 2 9 12 1 0 10 3 13 16 4 0 8 0 0 5 
4 14 1 0 13 0 7 0 3 0 6 8 0 0 0 9 
0 0 4 0 2 13 12 0 0 1 9 0 0 0 0 16 
15 0 0 0 5 14 0 0 0 0 8 0 11 2 12 7 
0 0 5 0 0 0 0 11 0 0 2 0 14 0 4 8 
14 0 0 0 4 0 16 0 0 5 7 0 9 0 13 0 
