0 0 13 0 0 2 0 0 0 10 11 0 0 3 12 0 
14 2 0 12 10 13 1 5 3 0 0 0 0 9 11 0 
11 0 6 4 12 7 0 3 0 8 0 0 15 0 0 5 
3 1 8 0 0 0 16 0 12 2 0 15 0 0 0 0 
0 6 0 0 0 0 0 1 8 0 10 13 0 16 2 12 
8 12 0 2 6 0 3 0 0 0 7 0 0 0 0 14 
10 11 16 0 2 0 13 14 0 0 15 3 0 5 0 0 
5 15 0 13 0 8 10 7 0 6 12 16 0 0 0 11 
0 0 0 5 14 15 0 0 7 0 0 2 16 12 0 0 
0 13 0 15 7 0 0 0 0 0 3 11 14 8 5 0 
16 0 11 0 13 0 0 0 5 15 14 9 0 6 0 1 
1 0 12 0 5 6 2 9 10 0 0 8 0 0 3 0 
2 8 0 6 0 14 7 0 0 0 0 0 11 4 0 0 
0 0 0 0 16 0 0 0 0 4 2 7 0 13 8 3 
12 16 0 11 3 0 0 0 14 0 8 1 0 0 0 9 
0 0 3 0 0 4 0 0 0 0 0 0 12 14 0 2 
