6 3 0 0 0 0 8 0 5 0 0 0 23 9 21 0 17 25 7 22 12 0 4 0 13 
16 8 10 22 0 0 0 0 4 14 0 0 0 0 18 3 0 0 13 0 9 21 24 2 20 
13 23 5 1 20 12 0 6 3 0 22 25 10 0 0 4 11 0 0 2 17 0 15 19 8 
15 2 4 25 9 0 0 10 1 7 0 20 16 0 0 24 0 5 12 0 0 14 0 0 0 
17 0 11 0 0 0 0 15 18 23 4 0 0 0 0 20 14 9 10 0 0 0 0 3 16 
0 4 0 20 24 19 13 0 11 25 0 16 22 1 0 0 0 17 0 0 8 0 14 10 0 
0 0 0 0 3 10 12 8 0 15 19 2 21 13 0 0 0 0 0 20 0 0 9 6 0 
0 0 0 16 0 0 0 14 0 21 5 10 0 0 0 0 0 0 0 8 0 0 3 12 0 
1 0 0 13 0 4 0 18 0 0 0 8 14 0 25 0 0 0 11 10 16 15 0 0 23 
0 10 22 15 0 0 0 23 2 5 3 4 0 0 20 25 12 0 24 14 19 0 0 7 0 
23 12 14 0 1 15 24 0 6 0 8 0 0 7 0 0 0 0 25 16 11 0 0 13 0 
7 6 25 0 11 1 10 0 0 0 0 5 0 0 16 0 2 0 0 3 0 20 0 0 14 
20 0 8 2 10 3 23 5 0 9 14 0 0 0 0 0 4 7 15 0 0 12 18 24 6 
21 0 13 0 4 0 14 11 7 0 20 0 18 0 0 0 0 0 0 0 15 0 0 0 2 
3 15 0 17 22 18 0 0 20 8 6 21 25 23 0 0 19 11 14 12 0 0 5 0 0 
0 22 1 11 19 6 0 3 15 2 13 0 8 0 5 0 25 12 0 7 0 24 20 21 9 
0 7 0 6 0 21 0 1 9 0 0 24 17 0 0 11 0 0 22 5 13 0 8 0 0 
0 0 0 5 8 16 0 24 12 11 9 23 0 0 0 0 0 3 19 13 6 0 17 15 0 
0 0 2 0 13 0 0 0 23 10 0 0 0 11 15 21 0 24 0 18 4 0 7 0 3 
24 0 16 3 25 5 19 0 0 22 0 0 7 0 1 0 0 8 0 0 23 0 0 0 10 
5 1 0 0 15 23 2 16 0 0 18 19 4 0 10 17 0 0 6 0 20 13 11 14 25 
0 0 0 0 16 7 25 0 21 0 0 0 3 20 6 14 18 0 0 19 24 8 2 9 0 
22 25 0 0 0 11 0 20 19 0 2 0 5 24 8 0 0 0 0 21 0 0 1 17 4 
0 0 20 8 0 14 15 4 10 13 25 17 0 22 0 0 1 0 0 0 0 0 16 5 18 
0 0 23 7 2 0 0 9 24 6 16 1 13 15 11 8 3 4 20 25 10 19 0 22 0 
