1 17 0 6 20 16 15 19 0 24 4 25 22 8 0 0 3 21 0 14 9 10 11 12 2 
0 11 23 9 15 12 2 0 14 0 17 13 19 0 5 1 0 0 0 0 4 7 20 0 3 
7 10 16 14 3 17 0 5 13 0 0 1 12 0 0 8 0 0 25 0 23 0 0 21 0 
0 4 24 0 21 23 11 10 0 0 7 0 20 14 0 17 12 22 0 0 18 25 1 13 19 
19 12 0 0 13 3 0 0 0 22 0 11 0 0 24 2 0 23 0 15 0 17 0 0 0 
0 0 0 0 0 4 17 23 18 0 3 19 21 0 0 0 0 0 0 7 5 8 2 1 9 
2 21 8 0 0 15 0 12 3 10 0 0 23 0 25 14 0 16 1 17 19 0 7 6 0 
0 0 20 0 17 8 21 13 9 0 0 0 0 18 0 0 0 0 0 3 0 0 0 25 0 
15 19 9 10 5 6 16 25 0 2 0 0 0 13 0 18 23 0 20 12 3 21 0 22 0 
25 0 3 0 1 14 0 0 0 19 6 15 5 4 20 0 0 0 8 0 17 23 0 10 16 
8 0 0 0 0 0 24 0 4 0 0 0 25 0 1 0 0 9 3 18 0 5 23 0 0 
3 6 12 0 0 0 0 18 0 0 23 4 0 0 2 22 7 0 0 8 21 14 16 24 13 
24 5 0 15 7 22 0 0 10 12 0 0 17 0 0 0 16 1 0 13 6 3 9 0 0 
0 20 0 0 0 2 8 3 17 16 0 14 24 0 13 4 0 0 0 25 0 11 10 0 0 
0 1 22 13 4 20 9 0 6 23 10 16 0 3 21 0 19 14 15 5 0 2 0 18 0 
13 7 0 0 9 0 0 0 0 15 0 0 0 17 11 0 0 0 22 21 20 0 25 4 0 
21 0 0 0 8 18 20 2 12 0 0 0 15 10 0 5 1 13 14 9 0 0 3 17 6 
20 25 17 1 0 0 10 4 0 0 0 9 3 0 0 0 18 0 23 24 2 22 0 0 0 
0 0 0 19 6 0 0 8 25 0 0 21 0 0 4 0 2 0 17 10 12 13 18 11 0 
16 0 0 3 12 0 0 17 5 0 0 20 0 0 22 0 0 0 0 4 24 0 0 23 0 
0 0 0 0 0 0 0 15 0 0 0 12 6 21 3 9 0 0 16 22 13 0 19 0 20 
12 3 13 22 14 0 19 1 16 17 15 0 0 0 0 6 0 18 0 0 10 0 24 0 0 
0 0 6 0 19 11 0 9 20 0 16 0 0 23 0 3 0 0 0 1 15 0 0 0 14 
4 9 7 5 0 25 0 22 0 0 0 0 0 1 18 15 0 0 24 19 0 0 17 3 11 
0 0 0 20 16 0 3 0 0 0 19 0 0 22 14 10 17 12 13 0 8 18 21 9 0 
