0 7 20 21 5 1 22 0 6 14 0 3 25 24 0 2 15 0 0 10 23 12 0 0 0 
11 0 0 13 24 16 0 3 9 25 0 4 0 14 0 0 5 0 0 0 8 20 22 19 0 
0 0 6 18 9 0 4 7 0 5 0 15 0 0 0 0 0 0 0 0 0 0 14 0 16 
0 25 22 4 0 23 0 17 10 0 1 0 6 0 0 7 9 14 16 20 21 0 2 0 0 
23 14 19 15 0 0 0 2 0 0 16 20 17 0 0 0 0 4 25 0 1 0 9 6 0 
1 0 0 22 2 0 19 4 0 20 0 0 8 0 23 11 6 10 17 24 0 21 13 16 0 
0 0 0 24 19 0 0 12 0 8 0 0 0 0 0 21 16 15 0 22 5 0 7 1 9 
0 8 4 0 12 22 0 0 0 9 0 6 0 17 1 25 2 3 7 18 0 0 0 23 0 
14 0 10 5 15 7 6 0 17 0 9 0 24 0 12 19 8 1 23 0 2 22 20 25 0 
0 11 21 0 0 10 0 0 0 0 25 2 22 19 16 9 4 0 12 0 17 8 0 0 0 
5 4 11 10 7 0 0 23 8 0 0 0 0 0 14 0 0 19 24 0 0 0 0 20 25 
0 0 0 9 16 4 0 0 0 22 0 21 0 18 0 0 0 0 0 2 0 0 6 7 14 
0 0 0 0 20 24 0 0 16 0 23 8 11 0 25 22 7 0 21 0 3 4 5 2 1 
3 22 0 0 0 11 0 0 18 0 0 7 0 0 0 0 13 0 0 6 0 0 17 12 24 
15 0 0 17 0 0 13 25 21 0 6 0 20 1 19 0 10 0 4 16 22 18 0 9 8 
0 16 2 20 0 21 0 0 0 3 12 0 7 25 0 10 0 11 6 15 0 13 24 18 0 
21 0 0 0 0 0 10 6 24 2 18 1 14 0 0 4 19 13 0 7 0 0 0 8 23 
24 0 0 12 22 17 7 15 4 16 5 11 0 0 3 14 0 9 8 25 6 0 0 0 21 
0 6 15 23 17 8 9 11 25 0 0 0 10 0 0 18 0 0 22 12 4 14 3 5 19 
0 5 0 19 10 12 23 18 0 0 13 0 0 0 6 24 0 21 2 0 7 16 0 11 20 
19 0 0 3 0 14 0 0 23 18 0 16 5 13 17 0 24 2 10 0 20 0 0 0 6 
22 0 7 0 0 5 0 0 0 19 0 0 0 6 15 0 0 0 0 8 0 0 23 0 17 
0 20 0 25 0 9 0 0 7 0 24 10 1 12 0 5 0 23 3 19 18 0 15 0 2 
9 17 16 0 18 0 0 0 0 0 22 0 2 20 0 0 0 7 13 0 25 10 19 3 0 
0 21 0 1 0 6 3 20 2 4 19 0 0 8 7 0 12 0 0 0 0 0 16 14 0 
