4 7 13 0 0 0 5 12 10 0 0 0 16 0 15 0 
15 0 6 0 14 0 10 2 0 0 7 0 0 0 3 1 
0 0 0 0 7 13 11 1 5 3 0 0 0 0 2 6 
0 0 3 1 15 0 16 0 0 6 13 0 10 0 0 12 
13 0 0 7 2 0 12 9 11 0 16 0 8 10 4 0 
0 0 0 0 0 10 14 3 0 0 0 0 0 0 0 0 
0 4 0 0 8 0 0 13 12 15 2 6 0 9 0 0 
0 0 0 9 0 0 0 5 0 7 0 0 12 15 0 0 
10 0 11 12 0 0 0 6 0 0 0 0 7 4 0 16 
2 0 14 0 0 5 0 7 6 8 9 0 13 11 0 0 
0 9 0 4 16 2 13 8 14 0 12 11 0 3 5 0 
0 15 5 0 12 0 0 0 0 16 0 3 6 2 0 0 
0 0 0 0 13 0 2 0 15 0 0 0 3 0 14 0 
1 0 0 15 10 6 0 0 0 2 3 0 0 16 0 0 
3 0 4 14 5 0 0 15 16 11 6 7 0 12 0 0 
7 0 2 0 9 0 3 0 1 14 10 13 15 6 11 4 
