0 25 1 0 17 7 0 18 0 5 0 11 19 0 0 23 20 9 21 12 0 0 0 3 0 
0 0 7 0 0 0 25 12 2 1 8 0 0 0 20 4 0 5 19 16 23 24 22 0 0 
0 0 8 0 0 9 0 10 0 0 6 0 0 14 5 1 0 18 13 17 0 16 0 0 0 
9 24 3 5 19 16 0 0 0 14 17 13 0 18 1 25 0 8 0 2 0 15 12 11 21 
2 0 0 20 15 8 0 0 0 0 0 0 0 16 22 14 0 0 0 0 9 1 18 10 0 
6 23 0 0 20 0 0 0 4 15 12 25 10 0 2 18 7 11 8 13 0 0 0 22 0 
0 1 0 17 2 6 0 19 5 18 0 22 8 0 0 0 0 0 9 14 11 0 13 0 12 
0 0 5 0 7 13 0 20 0 2 0 4 14 23 6 0 0 0 24 0 16 21 8 25 15 
11 22 9 4 0 12 0 14 8 25 13 18 5 21 17 0 0 1 20 15 0 19 10 0 3 
3 0 0 8 25 24 0 0 10 17 0 9 16 0 15 0 0 21 0 0 2 18 0 14 0 
12 0 0 14 11 22 0 0 0 4 19 0 1 0 0 0 0 10 6 3 0 0 21 9 18 
0 10 0 0 0 11 21 0 9 23 0 0 0 0 3 0 1 19 0 0 12 0 7 15 17 
0 21 17 0 22 10 8 16 0 0 14 24 18 0 0 13 4 0 15 0 0 6 5 0 0 
5 20 0 1 13 14 0 3 0 12 10 0 0 7 0 21 8 0 23 25 0 22 16 0 11 
19 7 0 3 9 0 0 0 25 0 0 6 0 0 0 11 0 2 0 0 0 10 0 0 14 
21 16 0 9 14 0 15 0 24 8 0 0 3 25 0 6 13 0 17 0 0 2 19 0 0 
0 0 10 25 8 0 19 1 0 0 24 23 2 17 12 3 5 0 0 0 13 7 4 0 22 
0 0 19 0 0 0 18 7 11 21 0 0 0 0 9 0 0 0 10 23 14 0 17 16 24 
1 0 24 0 12 17 0 0 0 0 20 0 11 8 19 7 0 0 0 18 0 0 0 21 25 
0 0 0 0 23 0 10 5 12 3 21 0 6 0 0 9 19 24 25 20 0 0 15 18 8 
17 2 0 0 0 0 0 0 0 0 9 0 0 5 0 19 14 0 0 8 6 25 0 12 16 
8 0 0 13 1 0 12 0 17 0 0 19 0 0 23 15 21 0 0 10 22 9 24 7 4 
0 5 0 19 0 23 2 9 0 16 4 14 24 1 13 12 0 22 0 6 0 17 0 8 0 
4 9 0 22 0 18 3 8 14 0 0 0 0 0 25 17 0 20 0 7 0 0 23 0 19 
16 0 0 0 3 19 1 25 22 0 0 8 0 0 0 0 0 23 0 11 18 14 0 5 0 
