0 21 0 8 0 12 0 5 16 14 2 24 0 7 3 25 4 0 17 0 1 9 10 11 0 
0 1 0 0 0 7 11 3 0 2 19 18 14 12 0 0 5 0 0 0 23 0 21 0 0 
0 0 25 16 0 23 9 6 15 18 22 10 21 20 4 0 0 3 11 0 7 0 8 13 17 
0 12 20 0 0 0 0 8 1 0 5 0 17 0 0 18 0 21 0 0 0 22 0 0 0 
18 0 11 0 23 24 22 21 0 19 25 0 16 8 0 15 10 13 2 0 0 12 4 5 0 
14 0 0 5 0 8 0 18 0 6 20 0 4 0 0 0 0 12 0 10 25 11 0 1 9 
0 0 22 11 20 21 17 4 13 23 1 25 0 16 0 0 24 0 7 8 0 0 0 0 2 
25 0 0 0 10 20 5 0 0 0 0 13 18 0 7 0 0 0 4 22 19 0 15 0 0 
2 0 21 0 0 0 7 0 19 0 6 0 10 9 8 11 0 5 1 3 20 0 0 23 0 
23 8 16 1 0 10 0 0 0 0 24 0 19 11 2 20 0 18 0 0 0 7 22 4 13 
10 0 0 0 9 3 0 15 6 0 11 17 7 5 16 0 0 19 12 0 22 0 0 2 0 
0 0 0 2 0 19 0 0 21 9 0 0 25 4 13 0 22 10 0 0 16 17 24 0 15 
21 0 0 0 25 0 0 0 0 0 0 0 6 22 0 0 1 11 0 0 0 0 7 9 5 
11 0 12 22 8 5 16 2 14 0 10 0 9 0 0 0 3 15 0 0 0 25 0 21 0 
5 16 17 20 24 18 0 0 22 7 23 0 2 15 19 14 0 9 0 4 0 10 11 12 0 
0 0 5 14 11 15 0 19 23 21 0 12 1 0 22 0 18 0 0 7 24 0 0 0 0 
13 0 23 0 15 0 1 0 18 0 7 4 24 10 0 6 9 16 0 12 0 21 2 3 8 
0 20 0 0 16 14 0 25 0 24 13 0 23 18 0 0 0 0 0 0 9 4 5 0 11 
0 24 0 12 0 0 4 13 9 5 3 0 0 0 0 10 20 0 0 15 17 6 0 16 0 
4 2 18 21 3 22 6 0 0 0 0 9 20 0 0 13 0 0 5 11 12 0 23 15 19 
20 0 0 15 0 0 0 14 7 0 4 0 0 3 0 5 0 17 10 0 2 0 12 0 21 
0 10 0 25 0 1 18 17 0 0 0 16 0 0 0 0 0 7 0 0 13 0 14 6 0 
1 18 0 7 19 6 21 23 0 0 0 11 8 2 25 0 0 22 14 13 10 0 0 17 16 
16 0 0 23 17 13 0 22 3 10 14 19 0 21 18 8 15 6 0 24 0 0 0 7 0 
0 22 9 24 0 0 19 16 8 0 0 0 0 0 0 1 0 20 25 0 5 0 0 0 0 
