3 21 25 0 10 15 0 0 6 19 0 18 24 17 9 0 13 0 11 1 4 7 5 8 0 
0 8 18 1 20 0 0 0 5 12 0 16 6 19 4 23 9 0 10 15 0 17 2 0 0 
11 0 14 0 0 0 0 2 24 16 0 0 0 0 10 22 25 12 0 8 6 20 0 0 18 
0 0 0 0 5 11 0 10 23 0 15 2 0 22 14 0 20 17 21 16 24 0 0 0 25 
19 2 0 23 22 17 0 9 7 21 25 0 1 13 12 24 5 3 4 18 0 16 10 11 0 
5 0 16 12 0 0 0 11 8 6 10 0 25 23 15 7 0 20 0 13 0 14 4 2 9 
1 0 15 18 19 4 0 7 0 0 2 6 20 0 0 21 0 11 0 10 16 0 0 0 0 
2 0 0 0 0 16 0 0 13 0 17 21 22 24 11 0 3 0 0 4 0 12 0 5 19 
0 23 8 6 0 19 0 0 0 0 16 0 0 0 0 15 0 0 2 9 0 22 0 24 21 
14 17 4 0 0 0 12 0 0 22 0 13 0 9 1 25 0 0 5 0 0 0 0 10 0 
25 0 0 17 15 21 2 8 0 0 1 0 14 0 24 10 23 0 0 0 0 0 6 0 20 
8 0 0 0 0 5 15 0 0 0 6 11 13 0 0 12 19 0 7 25 14 4 24 17 2 
7 0 12 19 0 25 13 0 0 0 0 0 2 0 16 0 8 1 24 14 0 18 23 9 0 
0 0 22 0 14 0 0 0 11 7 19 4 0 5 25 9 0 21 0 0 13 0 1 0 16 
6 0 0 0 0 23 0 14 22 1 8 12 10 0 0 5 18 4 15 11 19 25 7 0 3 
9 0 19 4 13 0 0 3 14 2 0 0 0 6 20 18 15 16 0 0 0 0 0 0 17 
16 0 0 0 3 0 0 0 0 24 4 0 0 18 23 0 7 0 22 2 12 1 0 0 0 
0 24 0 22 18 0 25 21 0 0 3 17 15 16 13 19 0 0 8 0 0 0 0 7 6 
0 0 17 0 12 13 0 0 0 23 7 25 0 0 0 1 4 0 9 6 2 0 0 0 0 
0 6 0 11 0 7 22 5 18 9 0 0 0 0 0 13 17 24 0 21 20 23 16 14 0 
0 0 3 0 0 22 1 13 12 10 0 0 0 2 0 0 0 9 25 23 17 19 14 6 24 
0 16 0 0 1 0 5 0 15 25 9 24 4 0 19 2 6 0 20 22 11 0 13 0 7 
0 0 0 15 6 9 0 0 0 0 0 0 0 0 0 16 21 14 0 24 0 2 0 4 0 
0 0 0 5 4 0 16 0 2 0 0 23 18 0 0 0 12 0 0 7 0 0 22 0 0 
22 9 24 14 2 20 0 4 21 11 0 0 0 25 0 3 0 19 0 0 0 0 12 16 0 
