14 0 24 0 0 10 13 9 7 0 16 0 0 11 0 20 0 22 1 0 17 3 0 25 18 
3 9 13 2 25 11 0 18 0 14 19 0 10 4 0 0 0 0 0 17 0 16 8 20 22 
17 5 21 0 18 0 22 0 0 0 25 20 0 7 24 19 0 13 0 0 11 0 12 15 14 
16 0 0 0 10 0 15 24 12 0 1 8 9 22 0 2 0 18 0 0 0 23 0 0 13 
0 1 0 15 0 0 19 0 0 16 3 18 13 14 0 0 0 0 21 0 0 2 0 10 0 
0 15 14 0 0 12 0 8 16 20 18 0 0 10 0 22 4 0 24 0 0 0 5 0 1 
0 23 22 0 11 0 0 0 0 10 20 0 12 0 0 15 7 0 0 9 0 0 0 24 0 
5 16 0 25 0 0 7 0 21 0 22 13 0 19 0 0 17 23 12 2 10 14 0 11 0 
0 10 12 7 4 23 3 0 0 0 17 14 11 0 25 21 1 0 19 0 0 18 16 22 0 
24 6 3 18 17 19 0 13 22 0 0 9 1 16 15 0 5 0 14 20 0 0 23 0 21 
20 12 0 0 0 5 0 0 15 17 0 0 0 21 1 0 0 4 25 16 0 0 0 0 0 
0 8 0 0 16 0 20 0 0 19 5 0 14 0 18 10 2 0 17 0 0 24 0 0 0 
0 0 7 0 15 24 21 12 0 3 0 0 0 6 10 0 8 19 0 14 0 0 1 0 2 
0 0 0 0 5 4 0 16 14 1 0 0 22 2 0 0 0 21 0 15 18 19 0 8 20 
21 2 19 10 0 7 6 11 0 0 0 15 25 0 0 1 0 0 0 22 0 4 17 16 0 
0 14 0 6 2 16 4 7 0 0 15 0 0 23 22 0 24 20 11 1 21 0 0 0 5 
0 0 0 11 24 1 0 0 0 22 9 2 17 12 14 25 15 8 0 0 0 0 20 3 0 
18 0 0 0 21 2 24 19 25 0 0 4 20 13 0 14 0 0 9 7 22 11 15 23 0 
19 20 10 5 22 0 23 15 9 6 8 1 21 25 0 0 13 0 3 0 0 7 18 14 24 
8 25 0 4 0 0 0 20 11 13 7 5 0 0 0 6 21 17 22 12 0 9 2 1 19 
0 18 0 16 0 22 12 0 0 2 0 0 7 20 23 0 0 0 8 0 0 15 0 0 0 
0 0 2 0 1 15 0 23 10 24 11 0 4 17 19 0 22 3 0 0 8 0 0 18 0 
25 0 5 0 0 18 0 14 17 11 21 0 3 1 0 13 16 0 6 23 0 12 0 0 0 
0 17 4 0 3 20 16 0 13 7 0 25 0 0 0 24 0 14 2 11 1 21 0 0 0 
0 0 8 23 0 0 0 0 0 0 12 6 2 15 13 4 20 0 0 0 0 0 24 0 0 
