0 1 15 16 0 0 0 3 0 5 4 0 11 0 0 0 
0 0 10 12 0 0 0 0 0 16 14 0 0 0 5 0 
0 2 4 3 0 0 0 0 7 0 6 10 0 0 9 0 
8 0 9 7 1 0 16 6 0 12 11 0 0 4 13 3 
5 12 0 6 0 0 1 15 10 0 0 0 16 14 2 0 
15 4 13 0 3 0 0 11 0 0 0 0 8 9 0 12 
0 0 16 0 9 14 6 13 0 0 8 12 3 0 0 7 
0 3 7 0 0 2 0 10 14 0 5 0 13 1 6 0 
0 0 14 11 6 0 0 0 13 0 16 0 0 3 0 5 
0 0 0 0 0 4 7 16 1 0 12 14 0 10 15 11 
0 0 0 1 5 0 0 8 0 7 10 0 12 13 0 0 
0 13 12 0 0 1 3 0 0 4 9 0 0 2 8 0 
0 8 0 9 0 0 12 1 0 0 15 4 0 11 0 0 
12 16 0 0 8 0 0 7 11 6 0 0 1 15 4 14 
11 0 1 4 0 3 10 2 12 0 0 0 6 0 0 0 
3 0 6 0 0 0 0 0 0 14 0 0 10 8 0 0 
