9 0 0 0 10 11 16 2 0 0 0 0 1 6 0 0 
7 0 0 6 0 0 0 0 0 2 4 0 10 14 0 13 
0 0 0 14 7 9 4 0 16 0 5 10 0 12 8 15 
4 0 13 16 12 0 0 6 8 3 1 11 5 0 0 0 
0 0 1 0 0 4 3 15 14 7 0 6 0 9 0 8 
0 0 0 15 0 12 0 0 11 9 0 0 7 4 3 0 
0 9 16 7 8 0 0 0 4 12 0 0 0 15 0 0 
0 0 4 8 0 0 0 7 0 5 16 0 0 11 0 2 
0 14 7 9 11 0 8 0 0 0 0 0 0 0 0 0 
8 3 2 0 0 15 0 9 0 0 7 0 0 10 6 0 
13 16 6 0 0 5 0 0 3 0 9 4 0 0 0 0 
0 15 10 0 16 6 7 0 12 8 11 0 3 13 2 0 
16 4 11 12 0 0 0 0 0 1 8 13 0 5 0 0 
0 0 14 3 0 0 0 5 0 4 12 0 9 8 11 0 
15 0 0 0 0 16 0 0 0 11 3 0 4 1 7 14 
0 0 0 0 4 8 0 0 5 14 15 0 0 3 0 16 
