0 15 22 21 16 7 17 0 24 0 0 0 20 18 0 14 0 13 9 11 8 6 1 2 4 
25 14 20 3 11 18 0 22 13 12 0 8 10 4 16 0 0 0 21 2 0 24 9 0 0 
10 18 17 1 4 0 2 0 19 21 7 0 11 23 0 15 8 6 0 0 20 12 13 0 0 
24 12 0 0 13 6 4 8 0 0 14 17 1 22 0 0 0 16 0 19 0 23 0 0 11 
0 0 0 23 0 10 0 0 9 0 13 2 0 0 0 22 25 0 0 0 0 0 18 0 0 
21 6 1 0 20 0 3 0 0 16 0 0 7 0 0 4 0 0 22 24 5 0 15 0 8 
0 0 24 0 2 20 0 0 22 8 0 0 4 25 12 16 21 0 13 6 18 0 0 0 0 
23 0 12 8 3 0 21 0 11 4 0 5 22 0 14 0 0 0 0 0 0 0 25 0 20 
0 0 0 7 0 0 0 10 15 0 20 0 13 0 21 0 0 0 0 9 0 19 3 23 6 
0 0 9 0 14 17 5 6 12 19 0 16 8 24 0 25 20 0 0 1 11 0 0 10 7 
0 20 0 2 24 0 0 0 6 15 0 0 9 7 25 5 14 0 0 0 16 0 22 11 12 
8 0 0 0 0 0 20 0 0 22 16 0 0 0 0 17 9 0 10 25 6 0 19 5 0 
7 0 16 0 0 0 0 5 0 0 0 23 17 11 22 0 0 0 0 0 0 15 0 0 25 
22 0 18 0 25 0 19 7 0 0 8 0 24 0 0 0 2 0 0 0 14 10 0 0 0 
4 1 0 10 17 0 0 0 2 0 0 0 0 0 6 0 0 20 11 22 13 7 8 24 3 
1 8 7 0 18 19 12 4 10 2 5 6 0 0 17 24 0 9 0 0 0 0 0 0 15 
13 0 15 0 0 3 16 0 21 0 4 0 0 0 0 0 22 2 6 10 9 25 7 18 0 
9 5 21 12 22 15 25 14 7 0 23 13 0 0 11 8 0 19 0 0 0 0 24 1 10 
3 16 4 0 0 23 22 0 0 1 0 24 12 2 10 0 18 15 0 7 19 0 5 0 0 
0 0 0 17 19 24 0 0 18 0 22 0 0 0 0 0 0 0 5 0 0 4 16 6 23 
17 24 6 0 0 22 0 0 0 9 0 0 23 10 2 0 15 11 19 8 0 5 0 7 1 
18 4 11 14 1 21 6 19 16 0 0 20 25 5 8 7 3 23 2 17 15 0 12 0 13 
0 7 0 15 0 8 0 12 20 11 17 0 6 0 9 1 16 0 0 0 23 18 4 3 19 
20 0 23 22 8 0 0 15 0 7 0 19 14 0 0 0 5 0 0 0 10 0 0 17 0 
0 0 19 13 0 0 1 0 0 3 18 0 16 15 0 0 6 24 20 4 0 11 14 8 0 
