0 14 0 23 17 0 0 0 25 0 18 7 22 0 10 13 11 5 20 9 19 15 0 0 24 
0 0 16 1 0 2 19 22 11 13 15 20 0 0 14 17 0 0 0 0 18 8 0 0 21 
0 15 25 5 11 7 17 18 0 0 0 0 0 8 2 24 10 21 12 0 4 13 0 14 0 
0 0 13 24 0 9 0 23 0 15 5 21 0 0 0 2 0 1 0 18 0 16 11 10 3 
18 0 6 7 22 12 0 24 10 0 0 0 0 0 16 0 8 0 19 4 9 20 0 0 17 
5 18 0 0 13 20 0 0 19 0 14 25 0 1 0 22 0 2 0 8 6 9 12 11 0 
6 3 0 22 12 0 14 0 1 17 0 0 5 10 18 19 9 0 25 0 2 0 8 20 0 
10 0 0 25 0 0 12 11 18 0 17 0 6 7 0 5 0 0 0 0 0 3 21 1 22 
24 0 9 0 1 0 3 10 0 0 0 8 0 23 0 0 0 12 4 6 0 0 0 15 0 
0 0 14 2 21 0 0 0 8 22 9 15 0 0 11 0 1 0 10 17 5 19 0 4 25 
0 23 15 0 0 0 2 0 0 20 0 0 0 0 0 10 0 24 0 0 0 0 0 0 19 
19 22 8 20 6 0 9 21 5 7 0 3 0 0 0 11 12 0 0 0 25 23 0 18 0 
0 0 0 0 0 23 0 0 0 18 22 0 0 11 0 4 0 0 0 2 0 0 0 0 20 
21 11 7 0 16 14 25 0 4 0 0 0 17 15 0 3 0 18 1 5 10 12 9 0 0 
0 2 10 17 18 0 11 0 24 19 0 13 0 5 25 0 6 0 8 0 0 4 3 0 15 
16 0 12 0 3 19 0 20 9 11 0 22 0 0 6 0 0 23 15 14 0 2 0 24 1 
13 5 0 18 2 6 22 7 15 14 0 0 20 0 0 25 17 0 0 10 0 21 23 3 12 
0 19 4 0 15 0 16 25 3 10 21 0 13 14 23 0 0 0 0 0 20 0 18 9 0 
23 0 0 0 0 0 8 0 0 2 24 11 0 0 7 16 13 22 0 0 15 25 17 0 0 
0 0 11 14 0 1 24 0 0 23 3 0 2 16 0 0 4 7 0 0 0 6 0 0 5 
0 13 22 16 0 11 1 0 17 8 0 14 18 21 5 9 19 0 0 0 0 7 15 23 6 
1 0 0 12 0 5 0 0 0 25 0 0 15 24 0 7 0 0 0 0 0 0 14 13 0 
14 4 21 0 0 18 6 9 23 24 7 16 0 22 0 12 15 20 0 0 17 0 0 0 11 
0 17 5 0 24 15 0 14 7 12 0 0 0 20 0 6 18 8 0 0 3 1 19 0 0 
15 25 3 0 7 0 0 2 0 0 12 6 0 0 8 23 0 4 17 0 24 0 20 5 9 
