9 10 13 0 5 0 0 0 0 0 2 8 0 0 0 19 23 22 7 15 24 0 17 0 0 
0 15 0 0 0 0 0 0 0 10 13 0 0 0 0 1 20 0 3 0 5 6 2 19 0 
0 19 18 11 23 0 5 2 0 3 20 0 0 21 0 4 8 0 0 0 12 0 0 0 0 
0 21 6 2 0 0 15 0 4 0 0 1 0 0 0 24 16 0 11 9 22 25 0 14 18 
22 0 0 16 17 23 19 0 24 7 18 4 25 15 0 13 12 0 6 2 9 0 0 0 0 
0 0 0 9 24 0 0 0 11 0 0 12 1 0 18 20 0 7 0 3 8 16 0 15 6 
15 0 19 20 0 17 0 24 0 0 25 0 22 23 0 0 1 0 0 0 0 0 0 5 9 
0 16 22 21 0 5 23 12 18 0 0 19 6 9 13 17 4 15 2 0 1 3 20 0 0 
0 0 0 0 0 2 0 1 13 15 0 0 0 17 16 22 0 18 9 0 21 23 7 11 0 
1 6 0 5 0 3 21 19 0 9 0 20 2 11 0 14 10 23 16 13 17 0 18 0 0 
0 14 0 23 3 0 16 4 0 18 0 25 0 1 17 0 2 0 13 0 0 11 0 0 0 
0 0 1 7 22 0 0 6 9 0 0 0 8 4 12 0 0 0 0 0 18 19 0 0 0 
0 0 10 0 9 0 0 22 0 21 0 0 14 24 0 0 0 0 8 0 0 17 0 0 16 
0 25 0 18 0 0 17 13 23 0 0 0 5 0 22 0 0 9 10 0 0 8 6 0 0 
2 0 21 6 0 7 24 0 0 5 16 10 0 0 0 18 11 19 0 17 14 0 0 22 0 
20 0 16 0 21 8 18 0 0 0 4 7 11 5 25 0 0 24 19 6 0 0 0 17 0 
12 9 3 0 25 6 0 17 15 0 14 0 19 13 24 0 22 11 18 0 2 0 0 0 5 
0 24 5 0 11 25 1 7 0 4 0 22 0 2 3 8 14 13 0 0 19 0 9 16 15 
18 0 23 0 0 9 0 16 12 0 0 21 20 10 1 2 0 4 15 5 0 7 0 6 8 
14 0 0 10 2 0 13 5 21 0 0 6 15 18 0 25 0 16 0 12 23 0 0 24 3 
13 2 0 0 0 18 0 25 16 0 0 0 10 8 0 0 21 0 17 19 11 5 0 0 23 
16 0 15 0 6 21 0 11 0 20 5 24 13 0 0 0 0 14 0 0 4 9 22 0 0 
0 4 17 14 10 24 3 9 0 1 11 0 0 0 21 0 25 0 22 8 15 0 0 0 0 
21 0 9 0 0 22 7 23 0 13 12 14 16 0 0 0 15 0 4 11 6 10 8 2 17 
23 0 11 25 0 10 8 0 6 0 22 2 17 0 4 9 0 0 24 20 16 0 19 18 21 
