0 11 0 5 0 6 0 0 0 0 10 8 0 15 14 0 
0 0 0 0 3 0 7 0 0 0 15 0 0 0 12 1 
16 14 4 0 2 0 0 0 11 9 0 12 7 10 0 6 
15 0 0 0 5 0 9 10 0 6 7 2 4 16 13 11 
0 0 13 0 16 0 10 0 0 0 0 0 0 5 11 0 
0 0 0 0 15 12 5 7 0 14 0 1 0 0 0 8 
1 0 0 7 6 0 3 2 9 0 0 15 13 14 16 0 
0 0 0 14 13 9 0 4 0 0 0 0 0 1 2 7 
14 5 0 2 0 0 0 6 0 0 0 0 0 0 0 0 
0 0 6 0 7 10 15 0 1 2 4 11 0 9 0 14 
0 0 15 13 11 16 0 0 8 5 0 7 0 6 0 3 
8 10 7 0 14 0 1 0 6 12 3 0 0 2 0 0 
12 6 16 0 0 0 11 0 2 15 0 14 0 4 0 5 
11 3 2 0 1 15 0 5 0 7 0 10 0 0 9 0 
0 7 0 0 0 13 0 8 0 0 6 4 0 11 3 16 
0 8 0 0 4 0 0 16 0 0 11 0 0 7 0 15 
