0 0 0 0 20 25 14 2 12 22 0 0 0 0 0 0 13 16 23 8 0 0 17 4 0 
17 0 23 19 0 13 24 4 21 15 0 11 25 22 20 0 0 0 7 5 3 18 0 12 16 
18 14 3 0 0 0 1 0 19 0 8 0 16 21 4 24 15 0 11 25 10 0 22 0 0 
0 6 22 12 13 16 8 7 0 11 0 0 0 17 0 2 0 18 0 1 0 0 21 20 0 
0 0 0 15 25 0 17 3 10 9 0 23 0 0 0 0 0 22 0 12 6 0 11 1 0 
2 23 5 11 0 4 15 0 13 0 19 6 0 0 9 18 7 0 0 0 21 16 0 0 20 
25 15 0 0 14 7 23 21 20 0 0 0 22 11 2 5 9 12 0 0 0 0 0 6 0 
0 7 0 0 21 12 9 0 0 25 0 0 4 20 0 0 3 11 15 0 0 2 18 0 5 
0 0 0 0 0 3 0 5 0 19 0 0 21 7 24 25 8 2 0 4 0 23 0 14 11 
20 4 12 10 24 11 0 0 22 0 0 0 0 25 8 0 1 21 0 0 9 17 15 7 0 
3 9 2 13 0 0 0 22 0 7 0 25 10 0 0 0 0 20 24 21 18 1 0 23 0 
1 0 0 0 0 14 3 8 18 0 20 2 0 0 0 0 11 23 0 13 25 10 9 17 0 
5 21 0 18 0 15 2 11 23 12 17 0 0 0 13 0 0 0 9 0 0 22 24 0 0 
0 19 20 14 8 17 25 0 0 0 22 24 0 0 21 0 16 7 5 0 0 13 3 0 0 
0 17 7 25 11 20 16 13 0 0 12 9 0 1 0 0 2 0 3 0 0 0 0 0 4 
11 0 0 0 18 10 12 16 2 0 3 0 13 0 0 17 0 9 21 7 22 19 4 0 6 
6 0 19 0 17 0 5 0 25 0 4 0 7 8 16 0 0 10 2 0 0 24 13 18 9 
0 0 0 21 0 0 13 0 0 0 0 10 0 24 0 0 18 19 0 22 0 0 0 0 17 
0 0 0 24 9 0 6 19 4 14 2 21 0 0 17 0 0 1 0 0 0 0 7 3 10 
0 22 15 2 0 0 0 17 0 0 0 0 0 0 0 6 4 13 8 0 5 12 23 0 1 
0 13 0 4 0 0 0 12 15 23 0 16 14 0 0 10 19 0 0 2 1 0 5 11 8 
12 0 0 0 0 5 0 25 9 0 21 0 0 0 0 0 22 0 14 15 7 4 6 24 0 
0 8 25 0 0 2 0 0 0 16 24 0 12 13 15 0 0 4 18 11 17 3 0 9 22 
0 0 21 7 19 0 22 0 0 4 0 17 0 3 0 12 20 6 13 0 0 0 0 15 18 
15 11 17 20 2 8 21 18 3 13 10 0 0 0 22 7 25 5 0 24 12 0 0 16 0 
