9 0 0 0 6 0 0 16 7 8 3 0 11 0 0 15 
0 14 0 0 15 0 11 0 0 0 0 0 5 0 2 0 
12 16 0 0 4 0 13 0 0 14 0 6 10 9 0 0 
4 0 5 6 0 8 14 0 2 10 0 11 0 13 12 0 
1 12 0 14 0 16 9 2 10 0 7 0 0 6 8 0 
2 0 16 9 5 0 0 0 0 6 8 0 0 0 3 13 
5 15 6 0 0 0 10 8 1 16 4 0 0 11 0 9 
0 4 7 0 11 0 12 14 0 0 5 0 0 15 16 1 
0 8 0 0 0 13 0 11 0 5 6 1 0 0 9 10 
14 9 1 0 0 0 6 0 4 15 2 0 0 7 13 11 
0 0 12 0 0 0 0 9 0 0 0 0 0 0 5 0 
0 0 0 0 7 0 0 5 0 13 0 0 1 12 0 0 
0 1 8 10 0 9 0 6 0 2 12 0 0 3 0 7 
0 6 15 0 0 1 0 12 0 0 0 7 9 0 0 2 
7 5 0 0 0 11 16 15 0 3 10 9 0 8 0 12 
0 0 0 0 0 5 7 0 16 1 11 0 0 0 15 0 
