11 22 0 21 0 12 7 0 0 25 23 0 0 24 9 0 14 19 5 0 6 2 0 0 18 
8 14 0 3 10 18 0 9 0 0 0 0 2 0 11 0 6 0 15 7 0 0 22 25 0 
12 17 5 0 0 19 8 0 6 20 0 14 15 0 22 0 0 0 0 0 11 0 0 0 23 
0 18 0 6 9 0 3 0 21 0 19 20 0 7 10 13 0 25 12 0 15 0 8 0 0 
20 23 25 1 0 0 14 15 24 0 3 6 21 18 17 4 0 0 0 9 7 12 10 13 16 
25 0 21 22 11 14 23 5 0 17 24 0 16 0 18 0 0 9 0 1 0 3 7 0 19 
16 0 17 0 20 10 0 0 0 3 0 7 11 21 12 0 4 0 0 19 0 0 25 0 14 
9 0 0 14 0 0 21 16 0 8 4 0 25 20 0 0 0 24 18 11 0 6 17 23 0 
6 0 2 0 3 0 0 0 0 0 22 0 0 23 0 17 0 7 0 8 0 21 1 0 0 
0 4 0 23 0 7 0 0 15 11 0 17 0 8 13 0 5 0 0 0 0 0 2 10 0 
21 11 6 18 0 25 10 3 2 0 5 0 20 9 0 1 15 17 16 24 13 0 23 19 22 
0 0 12 5 0 0 0 22 11 1 7 0 0 0 0 25 0 20 0 6 0 0 4 3 24 
0 20 10 25 0 24 16 0 0 0 0 18 6 11 0 5 3 8 0 0 0 7 0 1 0 
19 3 22 17 16 0 13 20 4 6 1 0 23 25 15 14 18 0 0 21 8 0 11 0 12 
7 0 0 0 2 15 0 0 0 0 0 0 22 3 21 19 0 12 4 0 0 17 0 6 9 
0 0 0 0 21 23 11 0 0 24 0 16 9 0 6 10 0 0 0 0 3 0 0 0 0 
22 0 0 15 0 17 20 0 9 0 21 11 0 12 5 3 24 6 23 4 1 19 14 16 25 
0 0 0 0 6 0 15 7 18 10 0 0 17 2 0 0 9 1 0 0 24 0 13 12 8 
5 0 7 9 23 0 6 0 0 16 18 4 19 0 8 2 0 0 0 0 20 0 21 22 17 
0 25 0 11 0 0 12 4 5 0 0 0 0 0 1 7 0 0 0 16 0 9 18 0 6 
10 8 0 0 0 0 0 17 0 0 11 0 14 0 16 21 0 0 0 13 0 0 12 15 4 
18 0 3 0 0 6 0 21 16 0 0 0 0 1 20 8 0 4 0 0 0 0 0 11 10 
17 0 14 19 5 8 0 23 20 12 0 25 18 4 7 9 1 16 11 0 2 0 24 0 0 
4 0 15 16 0 0 25 0 3 0 0 0 13 0 23 12 7 18 0 0 17 8 6 0 1 
23 12 0 0 0 4 2 0 0 15 0 21 0 0 0 0 25 0 10 14 0 22 16 0 0 
