0 0 0 0 5 0 13 0 0 6 0 0 0 2 0 0 
6 0 0 0 1 0 0 2 14 16 9 5 0 0 0 10 
0 0 15 1 12 8 11 3 2 0 0 0 9 13 14 0 
8 4 2 0 0 0 6 0 0 0 3 0 1 5 0 0 
0 0 14 8 3 12 0 0 0 10 0 13 0 4 0 0 
0 0 0 9 14 0 2 0 16 8 0 0 10 7 3 0 
7 13 0 4 8 11 10 1 0 0 2 0 5 12 0 0 
0 3 0 2 7 6 4 0 12 14 5 0 0 0 0 9 
0 0 3 5 15 4 0 0 11 0 0 0 0 0 0 8 
15 0 4 6 9 3 5 0 1 13 7 0 0 0 10 0 
0 0 0 11 0 16 0 6 0 3 0 0 15 9 2 0 
9 12 0 0 13 2 0 0 15 5 6 0 4 0 0 0 
2 10 16 14 0 0 9 0 5 11 0 8 6 0 12 3 
12 9 0 0 0 15 8 10 0 4 0 0 14 0 0 2 
3 6 8 7 0 5 0 0 0 0 0 14 0 0 9 0 
0 0 0 0 11 0 0 16 0 0 12 0 0 10 8 13 
