0 0 0 0 2 21 15 12 18 25 0 14 0 0 19 9 0 6 4 23 0 1 8 0 10 
14 7 0 15 0 4 20 0 8 10 0 0 0 25 0 0 21 19 22 2 17 0 11 0 0 
9 25 0 19 0 0 7 0 0 24 21 0 0 6 0 20 0 0 18 11 4 0 3 0 0 
0 0 0 21 8 17 13 0 0 0 10 12 1 3 0 14 0 25 0 0 19 23 9 7 0 
20 1 0 22 17 23 14 19 0 0 0 0 2 0 24 0 0 0 8 0 18 13 25 0 15 
25 0 14 0 0 0 0 21 24 0 3 20 9 0 4 0 0 0 13 0 15 8 7 0 17 
19 3 0 0 0 6 0 0 17 0 13 0 8 18 16 0 22 4 25 0 9 21 14 0 0 
17 0 0 13 0 19 2 16 0 15 24 7 14 0 11 18 0 0 0 21 12 4 0 23 0 
0 20 21 6 0 0 0 13 0 8 12 15 0 1 0 2 10 0 0 0 0 0 16 19 18 
15 18 9 0 0 0 0 0 5 0 0 0 19 0 6 0 14 8 11 0 13 0 20 0 0 
0 0 0 5 15 0 17 0 0 11 22 13 25 8 0 16 23 0 19 14 6 0 0 18 0 
0 10 20 18 19 0 16 0 0 0 2 4 12 0 0 0 11 0 0 8 0 0 15 9 3 
0 24 0 0 0 7 0 25 4 0 11 6 3 9 17 10 13 0 0 0 21 14 0 20 23 
23 0 25 8 3 9 6 14 10 13 0 16 0 24 20 4 0 0 21 18 0 0 2 12 0 
21 0 0 0 0 15 12 23 19 2 18 0 7 10 0 17 25 9 3 0 8 16 24 13 22 
0 22 0 9 0 16 0 7 23 20 8 19 0 4 0 11 0 14 0 25 3 15 0 0 0 
12 0 11 17 0 0 25 15 13 3 5 9 10 2 14 23 18 0 16 0 0 0 6 4 8 
24 0 0 0 0 10 5 0 12 0 0 0 11 17 18 8 15 21 0 0 0 0 13 1 0 
3 0 0 1 6 2 9 0 0 0 0 0 0 16 0 0 0 0 0 19 0 18 10 0 14 
0 0 15 0 0 8 0 18 11 0 23 3 0 13 1 6 0 17 0 0 5 12 0 16 0 
7 0 2 0 0 11 0 8 0 23 0 21 13 20 3 0 0 0 0 4 1 0 0 0 19 
0 12 17 0 23 13 0 6 0 19 0 0 24 15 2 0 8 20 0 0 0 0 18 0 0 
0 0 0 0 9 0 0 2 15 0 14 18 4 19 0 0 12 11 0 13 0 25 23 8 24 
0 5 13 0 0 12 0 10 0 0 0 25 22 11 0 19 6 0 14 0 2 20 0 0 4 
1 16 0 0 11 25 18 9 20 0 7 17 23 12 0 0 3 15 0 10 0 0 5 0 0 
