13 0 6 5 9 0 0 14 16 7 8 0 0 2 0 0 
0 4 9 14 16 0 1 0 13 0 12 0 6 0 8 0 
10 12 0 0 11 5 0 0 0 0 15 0 9 0 0 0 
8 1 0 16 4 0 7 0 5 0 10 0 0 12 0 3 
0 0 12 10 14 0 0 0 11 0 16 15 3 0 13 7 
0 6 0 7 0 0 10 3 0 0 5 1 16 14 4 0 
0 0 0 0 0 0 0 11 0 4 0 0 0 8 5 0 
2 0 0 1 0 0 4 0 0 0 9 6 15 10 12 11 
0 0 10 13 0 0 0 9 0 5 0 0 11 0 0 0 
0 11 1 4 10 0 0 15 0 0 0 0 5 16 0 8 
12 0 0 3 5 0 6 4 9 0 0 0 10 0 0 0 
5 0 0 0 0 0 0 0 0 14 0 0 0 4 9 13 
0 13 2 11 0 10 16 0 8 0 3 0 0 9 0 0 
1 10 5 12 2 0 0 8 0 0 11 7 13 3 0 15 
7 16 0 9 6 0 13 0 4 10 0 5 8 11 2 0 
6 0 0 0 0 14 11 0 1 0 2 0 0 5 10 0 
