19 24 0 0 1 3 0 0 23 0 10 2 17 13 12 4 6 11 16 0 0 21 20 15 0 
0 0 0 14 12 0 5 16 10 17 0 0 6 20 18 0 0 0 21 0 0 19 25 24 11 
0 0 0 0 0 0 7 19 20 11 4 0 25 1 24 0 17 0 10 5 14 0 13 0 0 
5 16 13 17 0 9 0 0 0 0 0 7 0 0 21 0 0 20 3 23 2 22 0 0 10 
0 20 11 21 10 2 12 6 0 0 16 22 0 5 0 24 19 18 0 25 9 3 0 17 0 
0 0 25 8 0 0 0 2 14 0 0 0 12 0 3 22 4 0 5 0 0 0 0 11 0 
0 0 14 0 22 0 0 0 0 0 2 10 24 16 0 0 0 15 13 0 0 8 0 7 0 
10 17 0 5 0 0 0 0 15 0 0 0 11 0 14 2 0 8 25 21 16 0 0 13 0 
0 11 15 18 13 0 16 3 12 19 22 0 0 0 0 10 7 14 17 1 21 24 0 25 0 
7 0 0 0 2 24 8 0 11 13 0 0 15 17 0 0 9 19 12 0 3 18 5 14 0 
11 0 0 12 0 8 13 0 0 0 3 15 22 0 17 0 21 9 0 24 0 0 0 23 5 
0 2 17 19 15 22 20 18 1 21 14 0 10 0 0 8 0 0 23 0 7 4 0 9 0 
14 0 0 4 16 10 19 24 0 23 1 0 0 18 0 0 2 17 7 0 8 0 3 0 0 
0 22 23 0 9 7 17 15 5 14 21 24 8 0 0 18 0 0 0 0 13 25 1 0 0 
21 5 24 10 0 12 2 11 6 3 23 9 0 19 0 0 0 25 1 0 15 0 18 0 0 
16 6 0 0 0 0 3 12 0 15 24 20 21 23 4 0 5 1 0 0 0 17 9 0 25 
0 0 0 0 25 11 0 0 19 8 17 0 3 7 13 0 0 0 9 18 0 5 0 10 21 
17 0 12 0 0 25 0 0 0 4 15 6 0 2 0 21 24 0 0 0 20 0 0 19 16 
1 8 0 0 5 6 0 7 0 0 0 11 0 10 25 3 0 23 2 17 24 14 15 0 0 
23 21 20 9 0 14 0 0 0 0 5 16 18 22 0 25 15 0 0 0 6 1 7 0 8 
15 10 8 23 0 16 0 0 0 12 0 0 0 0 11 0 25 4 0 0 18 0 0 0 0 
24 12 0 0 0 0 22 23 7 0 19 25 0 0 10 1 8 3 18 0 0 15 0 6 13 
0 1 7 0 4 0 25 0 17 0 0 21 16 3 9 0 23 0 24 15 22 0 0 8 14 
22 13 0 0 17 0 11 0 0 0 0 0 23 0 15 0 0 21 0 0 25 0 19 4 3 
25 9 0 0 0 18 15 0 8 0 6 0 13 4 0 11 12 0 19 0 0 0 0 20 0 
