0 6 11 9 0 0 1 0 0 0 16 14 0 15 5 7 
0 0 0 13 7 15 0 0 0 0 0 0 3 0 0 1 
0 0 1 0 0 2 6 5 0 9 3 15 0 13 0 12 
0 0 0 0 10 0 0 4 0 0 13 0 14 8 0 0 
0 0 0 0 9 0 15 11 0 0 1 0 0 0 0 14 
8 0 12 7 5 4 0 14 9 0 0 13 0 11 15 0 
0 0 2 0 0 0 0 7 15 14 0 5 6 0 0 4 
0 13 0 15 1 16 0 0 3 2 4 0 0 12 7 5 
0 4 8 2 6 5 14 16 0 0 0 0 12 9 0 0 
0 0 10 0 3 0 0 13 0 0 0 6 8 0 4 0 
3 9 7 6 4 1 0 0 0 0 0 16 15 14 10 0 
0 0 5 14 2 0 0 15 0 0 9 0 16 7 0 0 
5 7 0 0 0 0 9 2 0 0 14 0 10 4 11 0 
11 16 0 0 0 14 0 8 0 5 12 0 7 0 9 0 
0 0 0 8 15 10 0 1 0 0 11 9 0 3 12 16 
0 0 0 3 11 0 4 6 16 10 15 0 5 0 14 0 
