0 9 0 10 7 16 11 5 3 0 1 0 0 12 4 0 
0 0 15 0 0 1 0 10 0 0 6 0 5 7 2 3 
5 0 8 1 0 12 0 0 16 4 0 0 0 14 0 0 
4 0 0 0 13 9 3 8 0 10 5 0 11 0 0 0 
0 5 3 11 2 14 0 0 0 0 0 0 0 0 0 0 
0 6 13 16 12 4 8 0 0 0 7 0 0 2 0 5 
7 0 0 0 0 0 0 1 0 5 0 16 0 0 11 0 
0 12 0 0 11 0 0 0 9 0 0 0 10 8 0 0 
6 15 1 4 0 0 0 12 0 14 10 0 2 0 0 0 
8 2 0 3 0 0 13 0 7 16 0 5 1 15 0 0 
0 11 5 0 1 7 14 0 6 0 0 15 12 0 13 4 
0 0 10 0 0 2 15 6 4 0 0 11 16 0 0 0 
9 0 16 5 0 0 0 13 11 0 0 0 0 0 0 0 
3 7 2 14 0 8 0 11 1 0 0 12 4 0 5 0 
0 4 0 6 5 15 0 14 10 0 0 0 7 1 16 2 
15 10 12 8 0 3 0 7 5 2 0 0 6 9 0 0 
