0 0 0 16 0 0 11 8 0 4 0 13 0 10 7 0 
7 1 14 4 15 0 0 0 0 11 9 0 8 3 0 6 
0 0 13 8 0 12 0 16 10 0 0 7 11 4 14 15 
6 0 10 0 0 0 7 0 8 14 15 0 13 0 5 0 
0 0 9 5 0 0 6 3 0 0 0 0 0 16 8 10 
8 4 3 10 0 0 0 1 13 0 16 14 0 6 15 0 
2 15 0 0 16 0 4 0 11 0 5 0 0 0 12 0 
0 14 11 0 8 0 0 0 0 2 3 6 1 5 4 0 
0 13 16 0 0 0 1 4 5 15 0 2 0 0 10 9 
10 0 1 0 0 5 8 0 16 0 0 0 0 15 11 14 
12 5 0 0 0 0 0 0 0 9 0 11 0 0 0 1 
14 0 0 0 9 0 3 0 0 1 7 0 5 0 13 0 
1 0 0 0 0 4 0 0 0 0 12 8 0 13 0 0 
3 0 0 6 0 0 0 0 7 13 14 1 15 0 0 4 
0 16 5 14 0 11 2 0 15 0 0 0 0 0 0 8 
15 8 0 13 0 6 0 7 0 0 11 0 10 14 2 0 
