3 12 14 0 0 4 0 10 1 0 15 0 0 0 0 0 
1 2 16 0 9 0 12 6 0 5 14 0 4 0 7 0 
5 0 0 6 0 0 0 11 9 7 0 0 3 0 0 0 
0 13 0 0 0 0 0 16 6 0 0 2 8 12 14 0 
0 0 0 1 0 0 0 12 0 3 0 14 9 5 4 8 
0 14 7 12 0 6 0 5 10 0 0 16 0 0 15 0 
0 0 5 9 14 0 7 2 12 8 1 0 6 16 10 3 
0 0 0 0 10 1 4 9 11 6 0 15 0 0 0 0 
0 0 15 16 0 2 11 0 3 0 0 7 10 8 5 0 
7 0 0 2 0 0 0 0 0 10 0 0 0 0 0 6 
0 11 0 4 12 0 10 14 0 1 9 5 7 0 13 16 
10 5 13 0 16 7 9 3 15 11 0 8 12 1 0 0 
14 0 1 0 5 0 0 15 0 12 0 6 16 0 0 0 
16 0 0 0 0 0 0 0 14 2 11 0 15 7 0 12 
0 0 0 3 0 9 0 0 0 0 10 0 0 0 6 5 
2 6 0 10 0 12 0 0 0 0 0 0 13 0 1 0 
