0 17 0 19 12 15 18 2 22 0 5 0 0 6 24 13 8 16 9 0 25 11 0 21 0 
0 5 0 0 0 9 20 7 8 0 0 0 0 21 0 2 15 11 0 24 0 6 19 0 17 
0 0 0 0 0 21 19 14 16 0 0 11 17 23 20 0 5 22 10 12 18 1 2 24 3 
0 0 0 0 0 0 17 0 25 23 0 19 0 3 8 21 14 1 4 6 15 13 0 20 0 
0 0 0 0 0 3 0 24 6 0 0 2 0 7 0 0 0 18 19 0 5 10 0 22 0 
1 10 0 8 7 0 6 3 13 21 0 22 0 11 0 0 0 25 0 17 0 0 0 9 16 
19 0 22 0 13 16 0 18 0 0 0 0 25 8 0 10 0 20 1 0 0 0 0 2 0 
15 12 4 0 21 0 0 25 9 0 16 0 0 0 0 7 0 24 0 0 0 0 23 0 0 
0 16 5 3 20 22 0 0 0 24 4 12 0 0 9 11 0 21 8 0 0 14 0 0 0 
25 0 18 23 17 14 8 4 0 19 20 21 0 2 0 16 0 9 5 0 0 12 15 0 0 
8 0 0 21 25 0 3 0 0 16 18 20 24 13 0 0 0 0 2 10 0 0 22 0 4 
17 0 6 0 0 0 0 0 0 0 0 5 1 0 23 22 0 0 7 4 0 15 0 0 0 
0 19 0 20 0 8 13 0 0 0 21 4 0 14 22 0 0 23 0 0 6 25 0 7 2 
22 4 9 0 0 18 0 23 0 0 3 16 15 19 0 14 21 0 6 25 12 0 0 13 20 
0 0 23 0 15 24 0 5 0 22 17 0 2 25 0 20 0 0 12 13 0 19 21 0 18 
21 0 13 0 24 19 23 0 17 0 1 0 3 0 4 0 20 7 0 0 2 22 0 0 25 
23 7 0 16 22 25 0 6 3 18 0 8 0 0 17 0 12 15 21 19 4 5 9 0 24 
11 0 14 25 9 0 0 0 20 0 0 24 22 0 21 3 0 0 17 2 23 0 0 8 0 
3 1 8 4 18 0 21 0 2 9 25 10 14 15 12 5 0 13 0 16 17 0 11 0 0 
12 20 0 17 10 0 24 0 1 11 0 7 6 5 0 0 0 14 22 0 13 0 16 18 21 
13 21 0 12 0 0 0 9 4 0 7 15 0 22 14 24 0 0 0 5 0 2 10 11 19 
0 25 0 18 0 0 2 0 0 0 0 23 21 0 0 0 0 10 15 8 0 0 13 17 12 
6 0 0 11 0 12 0 0 0 0 10 13 8 9 0 23 17 2 14 0 3 18 25 15 1 
0 0 0 0 0 0 15 0 21 3 6 25 5 0 0 0 13 12 0 22 0 24 0 0 0 
7 0 0 22 8 10 0 13 0 14 2 0 12 24 16 19 0 0 20 0 0 9 6 0 0 
