13 1 0 0 7 14 2 5 0 3 0 0 0 0 0 8 
0 0 0 0 0 4 3 15 8 9 0 11 10 0 1 12 
0 11 7 0 9 0 8 13 0 0 0 0 5 3 0 0 
8 0 0 9 10 6 0 11 0 0 2 0 14 4 0 15 
2 9 0 15 5 0 0 0 7 0 0 14 12 0 0 3 
0 14 0 0 0 0 0 16 0 5 11 0 0 2 0 0 
5 12 8 0 3 0 13 0 2 4 15 0 0 0 0 9 
0 4 11 6 8 0 0 0 0 16 0 1 0 0 0 0 
0 0 5 0 11 16 6 9 0 0 0 8 0 15 0 0 
0 0 0 13 15 5 4 10 0 0 16 2 0 7 9 11 
9 2 0 0 0 0 0 0 0 6 0 0 0 10 0 14 
0 0 1 0 2 13 14 3 0 0 9 0 4 12 5 6 
0 0 12 4 6 0 5 2 0 0 0 16 0 1 15 13 
0 13 0 2 0 8 0 0 0 7 4 0 0 5 0 16 
0 15 10 5 13 0 16 0 12 2 0 3 0 8 14 4 
0 0 0 0 0 0 11 4 0 13 0 15 0 6 12 0 
