3 0 14 0 0 15 7 4 5 0 0 1 2 0 0 0 
7 0 0 0 0 8 0 11 16 6 13 14 0 0 0 12 
0 9 0 8 6 13 0 0 2 0 0 11 0 0 0 0 
13 0 0 16 10 2 3 0 4 0 0 0 6 0 0 7 
16 15 10 0 0 0 0 2 1 0 5 0 0 7 0 0 
1 0 0 0 0 0 10 0 11 0 0 16 0 0 0 3 
8 7 11 14 15 0 0 0 3 0 6 0 0 2 10 0 
2 0 3 0 7 0 16 6 15 14 0 8 9 13 1 11 
14 1 0 15 4 10 0 9 0 11 0 0 0 0 5 2 
11 0 4 10 1 0 8 7 0 0 16 0 3 12 6 15 
9 0 7 3 0 0 0 0 0 13 0 0 4 0 0 0 
0 0 0 0 11 16 5 3 0 15 0 0 14 0 13 9 
0 16 15 0 3 0 14 10 13 8 11 2 1 9 12 0 
0 0 0 0 0 0 0 0 14 5 4 0 16 0 0 10 
0 14 0 0 0 0 15 0 12 0 3 0 13 0 2 0 
5 0 13 0 0 12 0 16 0 0 0 6 0 0 14 8 
