16 0 0 0 0 10 11 0 4 3 0 13 0 0 7 6 
0 3 0 10 0 0 16 13 8 2 0 0 0 9 0 4 
0 0 0 0 12 0 7 0 0 0 9 0 14 10 0 0 
9 7 4 0 0 0 8 0 1 0 12 0 0 0 0 11 
0 0 0 0 14 6 0 16 12 4 2 0 11 7 8 15 
4 0 8 2 11 0 10 7 0 14 16 0 5 6 9 1 
0 6 9 11 0 0 0 0 0 0 0 0 16 13 0 10 
0 16 7 0 13 0 0 0 10 9 6 11 2 14 0 3 
0 4 5 0 0 0 0 0 2 12 0 1 7 0 0 0 
0 0 0 7 0 16 0 5 6 10 0 9 12 0 0 13 
0 15 0 9 0 0 12 0 16 5 0 0 4 0 0 8 
6 0 0 12 4 0 2 9 7 0 11 8 0 5 14 16 
0 0 16 0 0 0 0 0 11 8 0 0 0 0 2 0 
0 0 0 0 16 12 0 2 9 0 0 4 6 0 11 5 
0 10 6 4 8 0 0 0 0 0 0 12 3 16 13 14 
0 0 0 8 0 0 6 15 0 16 0 2 9 4 0 0 
