0 5 0 2 0 0 10 8 11 0 1 14 0 0 0 4 17 23 0 3 18 0 25 0 0 
0 1 0 0 7 0 0 0 0 0 9 16 21 18 0 0 5 10 22 0 0 4 17 23 13 
0 8 0 22 4 5 18 0 25 0 17 7 0 0 6 2 0 12 0 14 19 1 21 24 0 
16 0 0 18 0 0 1 0 24 0 4 3 25 11 0 0 8 0 7 19 12 0 15 0 5 
12 0 24 0 15 4 0 0 21 16 13 23 0 5 20 0 0 6 25 0 8 11 0 0 10 
13 0 0 0 0 8 0 17 18 0 0 0 0 22 11 0 0 5 9 0 0 20 3 0 15 
23 6 0 21 19 24 16 0 20 1 0 0 2 0 0 25 15 8 0 12 22 14 11 9 17 
0 22 0 10 0 0 11 0 9 5 3 0 0 20 0 0 0 16 17 6 0 0 2 12 4 
5 0 0 14 12 0 25 0 22 0 0 24 0 13 9 10 0 0 20 0 21 18 1 8 0 
1 11 9 0 8 10 0 21 0 2 12 0 15 0 0 22 24 0 0 0 13 5 6 16 0 
0 0 0 0 0 0 0 0 0 21 18 4 0 0 0 5 0 0 0 0 0 13 19 0 22 
10 0 8 5 11 0 6 0 0 12 24 0 0 9 0 0 22 0 23 20 1 0 0 3 0 
0 7 18 15 22 17 5 24 16 8 11 21 20 23 0 0 2 0 1 10 14 0 0 25 6 
0 0 16 1 17 22 4 3 0 7 5 19 0 0 10 21 0 0 0 0 15 0 20 0 24 
19 0 21 0 25 0 0 0 0 10 2 22 0 0 0 0 0 4 0 17 0 16 0 5 18 
9 24 0 7 0 0 20 0 10 11 0 0 0 4 0 0 3 13 0 0 25 17 0 0 0 
0 18 22 8 0 13 17 7 0 24 0 0 11 0 0 0 4 9 0 23 20 2 14 19 0 
17 0 5 25 21 23 8 14 0 4 15 18 9 0 7 0 19 0 2 0 0 0 13 0 0 
20 0 12 13 0 0 19 5 0 25 21 0 0 0 23 11 0 0 0 15 0 10 0 0 0 
0 16 11 4 0 21 0 9 0 15 19 20 0 0 17 0 14 24 10 25 0 0 12 0 7 
0 0 0 0 20 25 0 11 0 22 23 10 0 0 1 15 16 2 5 0 4 19 0 21 14 
6 25 0 0 0 0 0 1 0 3 7 0 0 2 22 19 0 14 0 0 0 15 18 17 8 
24 15 4 11 14 0 23 10 7 0 8 13 0 0 25 0 9 0 0 0 0 0 0 0 20 
8 19 1 9 0 0 0 0 17 18 14 0 0 0 24 23 10 20 0 7 11 3 16 22 25 
0 21 0 23 0 15 0 0 0 0 20 0 16 17 0 8 0 25 4 0 9 7 10 13 12 
