0 0 4 7 0 0 10 0 0 0 13 12 0 11 0 0 
0 2 14 3 0 5 11 0 16 6 10 15 0 1 8 7 
0 0 0 11 0 0 0 6 0 0 8 0 15 2 0 0 
0 1 16 9 15 0 3 0 0 0 11 7 12 0 14 0 
7 10 6 0 2 9 8 0 11 0 0 0 0 13 1 0 
9 16 11 8 0 15 0 0 0 12 0 0 4 3 2 0 
0 12 0 1 0 0 0 3 0 8 0 2 7 16 0 0 
2 3 5 0 1 7 0 0 9 0 4 0 0 12 15 0 
0 0 13 15 3 10 12 11 0 2 0 6 16 4 0 1 
11 7 0 0 8 0 0 4 10 0 0 16 0 0 3 0 
10 9 0 0 5 0 1 7 3 0 14 0 0 0 0 12 
0 4 1 0 0 16 2 0 0 0 0 0 13 9 0 0 
0 0 0 2 11 0 13 0 0 14 0 0 1 0 12 0 
4 0 3 0 16 0 0 9 0 0 0 8 0 0 0 2 
13 15 8 0 0 0 7 0 0 0 0 11 3 0 9 4 
0 0 7 0 0 3 15 10 13 0 2 0 6 0 0 11 
