4 7 16 22 0 24 0 0 10 1 0 0 17 23 9 19 14 18 0 8 3 11 0 13 12 
23 15 18 0 10 22 0 11 8 0 2 12 6 24 0 0 13 9 0 0 20 0 7 16 0 
8 13 20 25 0 18 3 17 0 9 11 0 0 21 19 0 24 23 0 0 0 0 0 0 1 
0 0 0 19 0 0 0 0 7 14 0 0 3 1 0 0 0 16 0 0 22 0 21 0 18 
0 0 0 0 0 21 2 6 0 0 15 0 14 20 0 25 0 0 0 11 0 19 0 0 23 
7 11 10 0 4 19 6 25 0 0 8 0 21 22 0 0 0 20 3 14 5 2 13 1 24 
19 0 0 0 0 0 0 0 17 0 0 13 15 12 20 0 4 0 9 0 0 0 16 0 11 
0 16 15 3 0 0 4 0 0 22 9 0 19 0 6 13 0 0 0 0 0 18 0 0 0 
0 0 0 8 0 20 0 0 15 0 0 16 11 17 5 0 21 0 18 22 0 23 0 3 7 
20 0 21 0 0 0 14 16 0 2 0 3 4 7 0 0 11 0 17 0 0 25 12 0 15 
24 0 22 0 0 8 0 0 23 6 3 0 0 0 11 12 20 0 19 13 16 0 0 17 25 
0 0 0 0 0 0 0 20 16 13 4 6 0 0 2 9 0 22 7 1 15 10 0 0 3 
0 0 25 0 20 0 0 0 19 4 21 17 12 15 0 0 2 11 24 5 0 6 0 7 9 
9 5 7 23 6 0 0 0 14 0 18 0 13 16 0 17 8 10 0 0 1 0 11 0 19 
0 0 14 0 17 7 10 0 0 0 23 24 25 19 1 4 18 0 6 0 12 0 8 0 0 
11 10 0 0 2 0 0 0 0 5 0 0 7 0 0 0 0 0 23 19 0 0 0 0 4 
0 0 0 0 16 0 0 0 0 0 0 1 22 0 23 14 0 5 0 21 0 0 15 0 0 
22 9 0 21 19 0 0 14 3 7 0 15 24 0 25 10 0 17 0 20 0 0 5 18 0 
25 4 12 1 18 0 0 19 0 0 0 0 8 0 21 15 6 0 0 24 17 0 0 11 14 
15 14 0 5 8 0 25 0 0 11 20 19 9 4 3 18 1 12 0 0 23 0 0 21 16 
0 23 2 0 12 16 11 0 5 8 19 0 0 0 24 0 3 0 21 9 0 22 20 6 17 
17 0 0 0 0 12 0 21 1 20 0 11 23 14 0 0 0 0 16 0 18 0 25 0 0 
16 0 8 10 25 0 0 18 6 19 0 0 1 3 0 0 17 2 20 4 11 5 24 0 13 
0 24 5 0 3 15 22 23 4 17 25 21 2 0 0 0 7 0 0 18 9 16 0 8 10 
0 6 13 11 7 2 9 0 25 24 0 0 20 5 17 22 0 15 8 12 4 14 1 23 21 
