0 0 8 13 0 20 0 0 0 11 0 0 0 0 2 0 17 0 23 14 0 0 1 22 0 
0 22 0 12 1 0 0 6 0 18 0 0 9 0 0 7 25 0 21 0 14 0 0 2 0 
0 0 21 4 19 2 3 25 16 0 0 17 1 0 0 0 24 0 0 5 12 15 0 23 6 
14 0 16 6 0 22 23 5 17 21 0 10 24 3 7 2 0 0 0 0 0 19 13 0 0 
0 0 0 0 0 0 0 14 0 12 21 5 0 0 0 15 9 0 6 0 0 25 24 0 16 
16 10 0 0 18 0 0 2 15 0 1 0 4 0 0 20 12 21 7 0 22 0 19 9 8 
0 20 1 8 22 21 19 23 0 4 5 16 3 7 9 17 0 0 0 24 0 0 14 0 0 
0 21 0 0 0 0 0 0 18 0 0 0 19 14 17 0 0 15 16 2 0 0 0 1 0 
9 0 17 0 0 16 22 24 3 20 18 25 2 0 12 0 1 0 0 4 0 6 21 10 0 
2 23 0 15 0 0 7 0 14 1 0 6 0 0 24 9 22 11 19 25 18 20 0 16 0 
0 0 0 0 3 12 0 17 21 0 0 0 11 0 6 0 0 0 1 13 8 0 25 7 15 
1 17 2 0 8 0 0 7 0 3 0 0 0 21 5 6 10 0 20 18 16 22 23 0 0 
10 15 12 0 20 0 0 1 19 0 0 7 25 0 3 22 23 2 0 8 0 0 0 11 17 
19 5 0 0 0 18 11 9 24 0 4 1 0 23 8 0 15 7 14 12 0 0 0 6 10 
6 0 4 21 0 0 0 0 2 5 0 22 13 0 0 0 0 16 11 17 0 0 18 0 1 
3 12 0 0 0 8 24 0 0 0 13 19 5 20 14 10 16 1 0 21 0 18 0 0 0 
0 0 0 5 14 0 0 0 0 2 17 9 7 0 21 11 8 0 13 23 3 0 0 0 24 
15 16 18 19 0 1 21 0 5 0 0 0 0 10 11 0 0 4 0 9 23 8 0 0 0 
4 13 0 0 9 15 0 0 0 0 12 0 0 25 16 5 7 22 0 6 0 0 11 21 0 
0 8 6 24 21 11 0 4 20 16 0 0 22 0 0 0 0 0 0 0 0 0 0 0 5 
5 0 0 23 16 7 1 0 22 15 0 0 14 17 0 0 0 24 2 10 25 0 12 4 0 
22 0 14 1 0 3 5 21 8 0 16 0 0 18 0 0 13 23 9 15 11 17 6 19 0 
21 3 0 9 24 13 12 10 0 0 7 0 8 5 19 4 14 18 0 20 0 0 16 15 22 
18 0 0 17 13 0 2 16 0 19 0 0 15 0 22 1 6 0 3 7 24 0 0 5 14 
8 11 0 0 0 4 14 0 0 0 0 2 20 24 1 0 21 0 0 0 13 23 7 3 9 
