12 0 0 13 0 0 5 0 0 14 0 15 0 2 4 0 
0 0 0 0 0 0 0 0 0 0 16 0 11 0 6 7 
0 0 15 11 0 14 8 9 0 6 0 0 1 3 0 12 
14 3 5 6 7 0 12 2 0 0 0 0 15 16 13 10 
11 14 0 0 10 0 0 12 2 8 0 9 0 4 0 1 
0 0 0 15 11 0 13 0 0 0 10 4 2 9 8 6 
0 0 4 0 6 8 1 5 12 3 0 0 0 0 10 0 
6 8 0 10 0 2 7 4 0 0 15 1 16 0 0 0 
15 16 8 3 0 0 0 0 0 1 0 0 0 0 11 0 
0 0 6 4 0 0 0 0 0 16 5 0 13 0 7 0 
13 0 7 14 4 11 0 8 0 15 0 10 0 1 16 0 
0 11 0 1 15 5 16 7 14 0 2 3 0 0 9 0 
2 0 11 0 3 0 4 15 1 0 8 0 9 0 0 0 
0 4 0 0 0 0 2 0 0 11 0 0 0 13 1 0 
0 0 0 0 0 1 14 13 0 4 9 0 6 0 2 0 
0 13 0 0 0 9 11 6 0 2 7 12 0 0 15 0 
