0 20 0 19 0 0 9 23 0 1 15 5 0 7 17 0 14 0 0 0 12 2 4 21 11 
0 9 0 0 14 0 0 8 0 13 0 22 0 16 12 0 11 17 4 19 10 0 6 0 7 
0 21 16 3 1 0 12 17 15 10 6 0 11 19 4 22 5 0 24 9 23 0 0 25 20 
7 17 0 12 0 0 5 0 4 0 0 0 3 0 14 0 0 16 0 0 15 0 0 19 0 
11 0 0 0 4 0 3 0 25 7 21 0 10 23 24 0 0 18 12 0 0 0 13 0 0 
21 15 0 0 0 17 0 0 13 0 0 0 14 24 2 0 0 22 20 11 0 18 23 6 5 
16 10 20 2 0 0 0 0 21 22 0 18 0 13 0 0 24 3 23 0 11 0 14 9 12 
0 0 14 0 0 0 0 25 0 0 9 0 15 3 20 13 0 0 21 6 8 0 0 4 2 
0 4 0 0 13 15 0 0 5 11 7 1 12 22 6 0 0 10 0 18 20 0 0 24 0 
24 0 0 0 0 0 0 20 2 0 0 23 0 10 21 4 0 0 15 14 0 13 3 22 0 
14 0 0 21 20 25 13 12 0 0 0 3 0 0 9 23 8 0 0 0 0 4 0 0 0 
19 16 0 7 23 0 0 0 17 0 13 6 1 15 0 5 18 0 0 20 3 11 12 8 14 
0 0 0 13 0 8 0 5 9 0 0 0 23 0 7 0 21 4 0 0 0 0 0 0 0 
22 25 12 24 0 18 0 7 3 15 4 0 0 21 0 10 19 6 11 0 1 5 0 0 0 
1 0 18 4 9 23 0 0 16 0 0 0 19 12 0 17 7 0 14 0 13 0 0 10 15 
0 24 0 14 0 0 16 11 0 21 23 2 4 9 10 7 3 20 0 0 0 0 0 13 0 
0 13 11 0 2 12 0 14 0 5 0 25 0 0 0 0 22 21 1 0 0 6 0 18 23 
0 22 21 25 0 0 15 24 6 0 5 0 0 14 0 11 9 8 0 0 19 0 7 0 16 
4 7 0 0 0 22 0 9 8 0 12 0 0 18 15 19 0 13 0 25 0 0 11 1 3 
23 1 9 20 18 2 0 13 19 3 22 0 0 0 0 0 6 15 5 0 0 0 0 12 21 
0 2 0 16 6 0 24 0 14 23 0 10 0 8 0 18 1 12 7 22 0 0 0 3 0 
5 0 4 18 17 0 0 2 20 9 0 15 22 0 0 24 10 11 3 0 21 0 0 0 8 
0 23 0 0 7 0 0 0 10 25 0 0 5 1 0 21 4 14 0 0 24 12 0 11 0 
0 0 1 11 22 3 0 21 12 0 16 0 9 4 0 0 13 0 6 0 0 0 17 20 0 
13 3 24 0 21 5 0 4 11 17 0 12 0 2 0 25 20 19 9 0 6 1 16 15 0 
