0 12 0 0 4 9 0 16 0 7 0 1 0 21 0 0 25 0 0 0 0 20 0 0 0 
10 11 22 19 7 1 25 0 24 0 9 17 0 0 16 0 0 20 8 0 3 6 0 4 5 
0 3 1 0 23 0 0 0 12 19 11 0 0 2 20 13 22 0 6 24 0 21 16 7 0 
18 0 0 24 21 3 11 0 2 0 15 0 0 6 10 0 4 0 0 5 13 0 0 9 8 
13 5 16 15 20 14 0 17 0 0 0 22 0 0 0 0 0 12 0 0 2 25 0 24 0 
24 0 4 16 0 20 9 2 0 25 23 0 0 3 17 14 0 21 10 12 11 13 0 8 1 
12 0 23 21 25 11 0 19 5 0 0 16 2 8 0 0 0 3 18 20 4 7 10 0 0 
0 14 9 7 1 0 0 15 0 8 13 0 11 4 0 23 0 2 24 22 0 0 0 0 21 
0 15 10 0 0 4 0 13 18 0 12 7 0 24 0 0 0 25 0 11 0 23 0 0 0 
0 18 0 3 11 6 12 0 0 14 25 20 0 10 1 0 13 0 0 0 24 0 0 19 16 
0 8 0 25 0 2 0 0 0 16 0 0 7 11 0 0 0 24 0 6 0 19 13 0 23 
11 21 0 0 0 12 13 0 0 1 0 0 19 9 8 0 7 0 0 14 5 10 0 2 24 
16 6 18 0 0 0 21 3 0 4 0 23 12 0 24 0 0 19 13 0 25 9 0 20 0 
4 1 7 0 10 8 0 0 6 0 0 14 13 22 0 0 11 23 0 0 15 16 0 0 12 
19 0 0 13 24 0 14 0 0 0 2 0 25 15 18 0 9 0 17 3 0 0 4 6 7 
0 23 0 0 14 0 2 0 25 17 7 4 0 13 0 8 19 9 20 15 0 24 21 0 0 
25 0 0 10 0 16 0 11 0 0 0 9 0 20 12 0 0 0 7 0 0 0 17 23 19 
21 7 0 0 0 10 0 14 4 9 0 0 0 0 0 0 0 0 0 23 0 5 20 15 25 
0 20 8 4 0 22 0 12 0 15 0 0 17 14 23 0 21 0 25 10 7 3 6 18 0 
22 0 24 0 0 18 7 20 19 0 21 0 0 0 0 16 14 0 0 4 1 2 0 11 0 
23 0 0 1 3 0 20 0 14 2 0 24 9 16 0 5 8 13 0 18 0 15 25 12 0 
0 16 21 0 0 0 23 9 1 12 3 0 4 19 0 17 0 0 14 2 18 0 24 0 0 
0 24 17 20 0 0 0 7 11 10 6 0 22 5 0 25 12 0 0 1 0 0 0 0 0 
7 0 19 12 0 0 0 8 17 0 14 13 0 0 21 0 20 0 0 0 9 0 22 10 0 
5 4 0 18 0 0 22 6 16 3 10 0 20 0 0 9 24 0 15 19 21 17 7 1 2 
