1 14 24 0 23 8 5 12 0 0 0 19 7 3 0 17 22 0 0 6 0 0 0 2 4 
8 20 0 25 0 0 21 0 0 2 0 0 0 6 0 11 0 1 0 3 0 9 0 22 15 
6 0 0 9 16 0 1 11 0 0 0 0 15 0 0 0 5 25 4 2 0 8 12 13 10 
0 13 0 10 11 16 0 22 0 0 8 14 23 4 12 19 24 0 15 18 0 17 3 5 0 
22 0 0 4 0 0 23 10 6 14 0 0 0 13 0 0 21 0 8 0 24 20 25 0 0 
20 2 0 0 18 6 0 0 16 13 0 9 25 0 0 0 0 15 0 21 11 12 0 0 3 
7 0 8 15 9 23 20 0 19 0 1 0 0 0 0 13 0 5 11 0 0 0 0 14 22 
10 0 12 16 13 0 0 0 0 18 23 3 24 0 7 20 14 6 22 0 0 15 8 0 5 
0 22 0 0 1 5 24 0 11 4 2 20 6 0 15 8 0 16 0 7 0 21 17 0 0 
3 0 11 5 6 0 0 7 1 0 22 16 0 14 0 2 17 0 19 12 25 18 0 23 20 
0 19 0 24 0 11 17 0 2 0 0 0 13 22 3 12 0 4 0 16 0 14 0 0 8 
23 0 18 0 14 24 13 0 0 22 4 21 0 16 0 25 0 3 7 0 9 10 0 0 0 
25 0 0 0 0 0 18 0 10 0 6 12 0 0 5 0 0 14 0 0 3 0 0 21 16 
4 3 5 0 0 0 0 16 25 20 17 24 19 15 0 10 9 0 0 8 22 0 0 0 2 
17 0 16 0 20 12 7 0 3 19 10 8 0 18 0 0 2 0 0 0 15 0 11 24 0 
12 10 4 0 0 0 0 18 0 5 20 0 22 0 0 9 0 0 0 19 0 24 2 0 0 
5 0 20 1 19 0 0 9 23 24 7 2 18 17 0 3 0 0 25 0 13 6 0 0 12 
0 6 2 0 0 0 0 1 0 0 0 0 11 9 19 22 15 12 0 4 18 7 10 8 0 
18 23 0 8 0 0 0 6 0 0 0 0 5 25 24 1 7 2 0 0 0 16 0 0 9 
11 9 17 0 22 15 0 0 0 0 16 10 0 23 8 24 6 0 0 0 0 3 0 0 0 
0 11 0 3 4 0 0 0 5 7 12 0 14 2 23 0 0 19 1 15 8 22 0 20 0 
13 0 0 22 0 2 10 23 0 11 19 1 0 20 0 0 3 24 16 0 12 5 6 17 0 
0 0 1 2 0 0 3 25 0 8 24 0 0 0 0 0 4 0 0 20 0 19 0 0 0 
0 0 0 0 10 18 4 19 22 0 13 11 16 5 0 0 8 0 12 0 2 1 0 3 0 
14 17 0 19 24 0 0 0 21 0 15 6 3 8 22 0 13 11 0 5 0 25 9 0 18 
