0 3 15 0 2 0 10 1 0 0 0 0 4 14 6 16 
0 0 0 5 4 16 0 0 0 0 0 2 0 8 13 11 
10 4 13 0 0 0 15 0 0 8 9 1 0 7 2 0 
0 16 0 0 5 0 12 0 14 4 7 3 0 0 10 0 
0 15 3 0 9 13 0 12 0 0 10 7 0 0 16 0 
0 0 9 10 6 4 11 7 12 1 3 13 8 0 14 0 
0 0 0 13 0 10 0 0 0 14 16 0 7 2 0 0 
1 0 8 7 0 2 0 16 15 0 0 0 0 11 0 0 
13 0 6 4 0 0 0 0 0 0 0 0 0 5 1 0 
0 0 12 0 0 0 2 0 9 5 6 0 13 3 0 0 
0 0 10 16 0 0 0 5 0 0 1 0 11 0 15 0 
0 8 5 11 10 0 0 0 0 0 12 0 0 0 7 14 
14 0 0 3 0 0 0 11 0 0 8 12 2 10 9 6 
0 11 2 6 15 0 8 10 0 0 13 9 14 16 0 7 
4 0 1 0 0 3 0 0 7 16 2 0 0 0 5 8 
0 0 0 15 16 0 9 2 10 0 0 14 3 0 0 0 
