6 0 10 0 0 0 8 12 16 2 0 0 5 0 11 0 
0 16 14 8 0 0 0 0 0 13 5 0 10 0 0 0 
3 0 9 0 0 10 0 16 0 1 14 12 6 8 2 0 
1 11 5 0 0 0 4 14 8 0 10 7 0 0 0 0 
0 0 13 0 2 8 14 3 1 5 9 10 11 6 15 0 
8 0 15 5 0 12 1 10 3 0 2 0 4 0 0 7 
10 0 0 9 0 0 16 11 0 0 4 14 3 0 0 0 
2 12 0 0 4 0 0 15 0 0 8 0 0 0 0 0 
0 3 0 13 0 2 0 0 5 9 16 0 0 0 6 0 
0 0 2 0 0 13 0 5 0 10 0 0 9 0 16 8 
11 0 0 0 0 14 0 8 0 4 1 6 0 5 13 0 
0 10 0 6 12 0 0 1 0 14 0 8 7 0 4 0 
0 0 0 15 8 4 0 7 0 0 11 0 0 10 0 0 
0 0 12 10 0 0 2 6 0 16 13 5 0 4 14 0 
0 0 0 0 0 16 0 9 0 8 6 4 0 12 0 0 
0 0 0 11 14 5 0 0 0 12 7 0 1 16 3 6 
