0 1 19 3 0 8 0 0 0 0 0 0 0 5 12 17 13 6 7 25 0 11 0 0 21 
17 12 20 0 21 22 6 0 0 0 0 16 24 7 0 4 23 18 0 3 0 5 8 19 15 
5 0 16 8 0 0 9 11 17 25 0 10 0 0 0 21 0 0 24 22 3 2 12 4 0 
23 15 0 0 4 13 7 21 5 0 14 17 18 0 2 19 10 0 12 0 0 1 24 20 0 
0 7 0 0 25 1 19 20 0 0 0 0 0 0 4 0 2 0 5 9 18 10 16 0 17 
0 0 0 15 0 0 0 0 0 0 0 11 14 25 19 0 0 0 6 0 0 0 0 21 2 
11 0 23 0 19 12 20 0 0 6 0 0 0 0 0 0 0 24 9 14 15 18 22 0 16 
16 0 0 2 14 21 0 1 22 24 12 0 0 6 23 0 0 0 19 0 11 8 0 0 0 
1 22 0 0 13 23 0 19 0 15 9 20 0 2 0 0 16 10 11 4 17 0 0 0 0 
18 9 12 0 6 10 2 14 11 13 16 0 0 0 3 20 8 25 21 0 7 0 19 23 0 
2 0 17 20 0 24 11 0 19 0 0 0 3 0 0 22 1 7 14 0 10 21 0 12 0 
0 0 0 0 12 0 14 0 15 16 20 0 0 0 10 0 5 0 2 21 0 0 0 11 0 
0 0 0 0 0 6 22 8 20 0 5 0 0 0 7 10 18 19 4 0 16 13 2 14 24 
0 0 9 0 8 2 1 4 13 0 0 0 0 21 14 25 17 0 16 0 0 6 0 3 19 
0 0 5 11 7 17 10 18 0 0 0 0 0 16 0 3 6 0 13 12 0 15 0 1 0 
7 0 25 0 23 5 0 6 0 8 10 14 1 12 20 0 21 4 0 0 24 22 0 0 0 
0 0 0 16 1 0 18 22 0 0 0 7 0 24 17 0 25 3 0 6 0 14 21 0 9 
20 0 8 21 9 0 24 13 0 1 0 0 4 18 0 5 14 22 10 0 12 0 0 16 11 
12 4 0 14 0 0 23 7 0 0 0 0 0 0 11 8 0 0 15 0 0 0 0 2 3 
0 18 10 5 0 0 12 0 0 11 6 23 16 8 0 13 0 0 20 0 25 17 1 0 4 
0 3 0 0 17 11 15 0 24 18 0 0 0 0 13 6 4 0 0 0 0 0 7 22 20 
0 19 18 13 0 3 0 0 8 20 1 4 12 0 0 14 0 0 22 24 0 9 11 5 23 
8 24 0 0 20 0 0 23 0 19 0 0 17 14 0 0 0 0 18 0 6 0 4 0 0 
25 0 22 7 11 0 5 10 0 0 24 0 0 0 16 0 0 21 3 0 1 0 0 17 14 
0 21 0 10 5 7 0 16 14 22 23 6 9 11 0 0 19 17 0 20 8 24 3 15 0 
