0 0 14 0 0 7 12 0 0 13 4 0 0 0 9 0 
0 10 16 4 0 13 0 14 0 0 0 0 0 7 6 5 
8 0 0 5 0 9 0 1 14 0 7 0 0 11 0 2 
0 0 0 1 0 11 0 6 8 5 0 0 0 0 0 16 
7 0 2 0 0 0 8 0 16 0 13 0 0 0 10 0 
1 0 8 0 0 0 4 11 6 12 10 0 5 3 0 0 
0 5 3 0 0 0 14 2 0 0 15 0 13 0 8 11 
0 0 0 9 0 0 13 7 5 3 0 0 0 16 12 0 
0 16 0 0 0 4 5 8 7 0 14 15 0 0 0 10 
0 8 0 7 0 0 0 3 0 9 16 0 1 13 14 15 
2 9 0 0 7 0 0 15 0 8 11 0 0 5 0 0 
0 14 0 15 13 16 9 10 1 0 0 0 7 0 3 8 
16 1 0 0 0 0 3 4 12 0 0 8 11 10 7 13 
14 0 0 0 10 0 0 9 0 0 6 3 0 12 16 4 
0 12 10 13 0 0 0 0 4 0 1 0 0 0 0 3 
3 4 7 8 0 0 0 0 11 16 0 10 2 0 1 9 
