18 0 16 14 0 4 0 0 0 19 13 15 2 0 25 0 12 17 0 21 24 1 23 20 9 
0 19 13 6 25 24 14 23 20 1 3 8 21 22 0 0 0 4 9 15 0 0 12 0 18 
0 0 24 7 12 21 5 0 0 0 14 0 23 18 0 0 19 0 25 20 3 10 6 2 11 
0 0 2 21 0 0 0 7 25 0 0 24 0 1 0 11 0 3 18 0 19 14 8 0 0 
10 20 3 0 0 0 17 9 0 0 0 0 5 0 0 6 13 14 0 0 22 25 0 0 0 
1 0 10 3 0 2 12 17 4 5 0 0 0 11 0 7 23 16 8 19 25 22 15 13 21 
16 7 8 0 14 0 0 6 0 9 4 23 0 0 12 10 0 21 5 0 0 20 0 0 1 
12 21 5 25 0 14 18 19 0 0 10 22 16 20 0 9 11 24 17 0 4 2 7 0 0 
22 23 4 15 0 11 21 1 16 0 24 7 3 0 17 13 0 0 6 18 14 9 0 10 0 
6 0 17 11 2 15 7 0 0 24 25 0 0 21 1 0 0 0 4 14 23 18 3 0 0 
2 25 0 9 10 1 19 0 0 14 6 0 7 12 0 0 21 11 0 0 5 0 0 0 23 
0 12 0 17 0 3 0 0 6 8 0 0 24 9 0 0 22 23 0 7 10 21 0 25 2 
0 0 0 19 0 23 0 0 5 0 0 0 0 0 2 0 25 0 0 17 6 0 0 0 0 
0 0 0 0 7 10 0 0 9 11 16 25 14 0 0 0 0 18 19 24 15 0 20 0 0 
0 3 0 0 21 0 0 0 17 0 0 20 1 0 0 4 0 9 0 0 11 0 13 12 0 
0 8 25 0 9 13 4 0 19 10 0 21 0 24 14 3 7 20 0 22 18 17 0 0 0 
24 0 7 22 18 5 9 0 14 0 0 19 11 0 3 17 8 15 1 0 20 0 0 0 4 
3 13 20 0 1 8 0 0 0 2 0 0 0 7 18 0 14 0 0 4 0 15 10 5 25 
23 2 19 0 0 17 0 0 0 0 0 0 0 0 5 0 0 0 0 0 8 24 14 9 7 
0 15 0 10 17 6 0 0 0 0 0 1 4 0 23 0 9 13 2 5 0 11 0 3 22 
15 10 0 2 0 0 13 0 12 22 23 0 8 0 7 0 0 5 20 0 21 6 0 16 24 
25 14 0 5 0 20 8 0 0 0 0 18 22 4 0 19 0 0 0 16 0 0 17 0 10 
0 16 0 0 24 0 0 5 1 3 0 0 25 0 0 0 17 0 0 0 0 7 4 15 20 
0 0 11 0 22 0 0 24 21 0 20 0 10 0 0 15 0 2 0 9 0 23 0 0 0 
8 0 0 0 0 7 0 0 18 4 9 16 0 0 6 0 0 10 21 0 0 19 22 0 5 
