0 0 3 0 21 23 0 12 25 19 24 0 0 0 0 0 7 4 10 11 1 0 15 14 0 
15 4 25 2 14 7 16 20 5 0 21 12 0 10 0 0 19 18 13 0 0 22 0 0 0 
11 0 0 19 0 17 0 14 0 3 2 7 4 13 0 9 0 22 0 16 0 21 25 18 5 
17 16 0 7 0 24 13 0 10 0 0 22 23 18 0 0 2 0 25 0 19 11 4 20 0 
13 0 0 1 9 4 22 18 0 0 0 0 0 25 15 0 0 0 0 21 0 0 0 8 0 
23 0 15 0 0 5 10 22 0 0 11 21 0 20 7 12 0 2 0 1 0 14 0 0 0 
0 1 7 24 0 6 2 0 13 0 0 25 0 0 0 0 3 19 21 18 23 20 5 16 11 
5 13 0 18 4 21 0 16 0 12 0 0 0 0 19 0 0 25 0 7 15 2 0 17 3 
12 2 0 20 17 25 0 24 0 0 18 13 0 0 0 6 0 0 22 0 10 0 19 1 7 
0 0 0 0 8 18 1 0 0 7 0 17 0 0 0 0 20 13 11 15 22 0 21 12 24 
25 6 1 4 24 0 7 9 18 8 0 14 0 0 0 0 0 0 0 0 12 0 20 0 0 
0 14 17 0 23 16 21 19 0 0 0 24 22 0 2 8 0 0 3 0 0 0 1 0 9 
16 0 0 9 0 0 4 25 0 10 8 0 12 0 6 20 0 0 1 0 21 0 24 19 22 
0 12 13 0 18 3 14 0 22 0 5 0 25 0 20 7 0 0 9 4 0 23 0 0 8 
21 0 8 0 22 0 0 15 0 5 7 9 0 17 23 0 16 11 18 12 0 6 14 13 0 
0 11 0 17 0 0 3 6 24 21 20 0 0 4 25 0 9 0 0 22 0 0 2 23 14 
4 0 0 23 0 0 0 7 0 16 0 0 0 0 9 11 0 3 15 24 20 8 0 0 0 
8 25 12 3 0 0 17 0 0 9 0 5 6 0 14 13 0 0 0 2 0 18 0 24 21 
0 5 0 16 6 0 23 0 4 14 17 11 0 7 0 25 1 21 8 0 0 0 0 15 19 
9 15 0 21 0 0 0 10 20 0 22 8 3 16 24 23 0 0 6 5 4 0 0 11 0 
0 10 9 12 11 15 6 0 0 0 0 3 18 24 21 0 25 0 17 13 14 0 0 0 1 
3 17 0 0 20 0 0 0 16 24 0 4 0 0 13 0 0 0 2 0 6 19 8 0 23 
0 18 24 5 0 0 19 0 17 25 14 0 0 8 22 0 23 0 4 0 11 0 12 21 0 
6 0 19 0 0 0 11 0 8 23 0 1 20 0 12 22 24 5 7 3 17 10 0 4 0 
0 0 0 0 0 9 12 5 0 22 19 0 0 11 0 18 0 16 0 0 13 0 0 0 0 
