0 0 7 14 0 11 17 3 22 4 0 19 0 20 8 1 0 0 0 0 0 12 15 5 0 
10 0 0 0 23 7 24 0 0 0 22 0 0 3 12 13 4 0 9 11 0 0 0 18 16 
0 0 22 0 6 19 0 0 0 2 9 17 0 0 0 12 0 0 8 23 11 10 25 0 0 
9 11 0 17 24 0 8 12 20 0 25 13 0 14 15 19 0 18 0 0 1 4 0 6 0 
0 0 0 19 0 0 13 21 14 9 0 0 7 11 0 17 0 15 20 16 3 0 23 0 0 
0 10 0 0 0 0 0 20 17 16 0 3 9 22 5 25 0 0 7 0 0 14 0 15 0 
20 15 0 18 0 13 0 0 0 5 2 0 8 0 21 24 1 11 17 4 0 0 0 16 3 
25 21 0 0 5 9 2 0 15 18 0 0 4 0 19 0 16 12 3 0 13 23 0 11 17 
23 12 16 0 0 0 6 14 11 3 0 1 0 0 0 2 21 22 15 18 19 7 4 20 5 
3 7 0 0 0 24 10 4 0 0 0 14 0 15 0 20 19 9 0 5 0 0 0 21 8 
12 0 8 0 0 0 14 0 0 0 0 11 0 0 0 15 0 21 0 6 0 5 20 0 0 
21 2 10 0 18 0 3 0 6 19 15 0 0 0 0 0 14 16 5 1 17 11 13 0 0 
17 6 0 3 0 0 0 0 0 0 0 0 12 24 0 7 0 0 10 0 14 0 0 0 23 
24 14 0 0 0 0 0 0 23 1 17 9 10 2 0 0 11 0 0 8 21 18 0 3 0 
5 0 23 11 20 18 25 9 0 7 1 0 0 0 6 3 0 4 0 17 0 15 24 10 0 
22 0 2 0 10 8 20 11 0 21 16 5 0 9 0 6 17 0 1 12 0 24 14 19 13 
8 9 17 0 25 0 16 0 18 24 3 10 21 0 13 0 0 0 11 19 12 20 5 0 7 
18 0 14 5 15 0 0 0 0 0 24 12 19 0 4 0 0 10 16 20 0 1 0 23 0 
19 0 0 24 1 10 0 25 0 0 14 0 0 23 0 0 0 7 0 0 6 3 0 0 15 
0 0 12 7 0 1 0 19 9 14 6 18 25 17 0 5 3 0 23 15 8 0 16 0 0 
0 0 5 25 16 0 0 0 24 0 0 20 0 0 10 9 15 13 14 7 4 0 0 1 19 
7 0 0 0 0 0 18 0 25 0 19 0 1 13 23 11 2 8 0 3 22 16 0 0 0 
1 0 19 13 11 14 0 0 0 0 0 15 2 5 0 4 0 17 0 10 0 0 3 0 0 
15 0 20 8 2 3 0 0 0 0 7 25 17 0 0 16 0 0 19 24 5 13 0 0 0 
14 0 0 0 3 2 19 13 1 20 0 0 0 16 0 18 23 5 0 0 15 17 0 7 0 
