0 0 22 25 0 8 0 20 0 19 2 18 0 1 24 0 14 0 16 0 0 0 12 17 0 
0 0 24 0 23 17 13 22 0 1 0 0 0 0 8 0 19 18 7 0 0 0 9 0 0 
7 0 21 0 0 12 0 0 0 0 3 22 5 0 19 4 13 0 15 0 0 0 6 16 0 
0 2 0 8 0 0 0 0 0 0 17 0 0 7 13 0 0 22 0 0 1 0 0 0 0 
0 14 0 0 0 0 0 9 0 0 0 15 0 0 16 0 0 0 17 2 22 8 25 0 0 
22 0 2 24 17 9 0 0 0 12 0 0 0 16 0 0 0 0 0 10 0 18 4 0 14 
0 4 23 0 0 13 20 0 19 25 21 10 0 15 0 22 16 8 14 11 0 0 1 12 24 
11 10 0 0 12 6 1 15 18 0 4 23 7 8 14 2 25 0 0 0 17 0 0 0 5 
0 0 25 14 3 4 0 17 16 24 0 19 20 0 22 5 21 0 0 23 8 9 7 0 10 
0 0 5 21 16 0 0 0 10 0 11 0 9 0 18 15 0 0 0 0 0 0 13 0 0 
16 13 0 23 1 25 0 19 17 0 9 21 0 0 4 0 0 0 5 0 20 0 3 10 8 
8 20 11 9 25 1 0 0 0 13 14 16 15 10 2 17 18 0 0 4 0 0 0 24 22 
19 0 0 0 4 10 3 23 24 0 0 0 22 13 0 0 0 12 20 7 25 0 0 5 9 
3 0 17 15 7 18 0 0 0 0 8 0 0 0 25 10 24 0 9 13 0 0 0 14 16 
0 0 6 10 0 14 8 0 9 0 7 0 0 0 23 19 0 11 25 21 0 1 18 2 0 
25 0 15 0 0 2 9 1 0 0 5 4 18 21 10 24 6 16 0 0 12 14 11 0 3 
0 12 16 0 0 19 0 11 0 0 0 0 0 0 0 3 0 5 2 0 0 0 17 0 20 
4 23 3 22 5 15 0 24 0 10 0 0 11 20 6 0 7 0 0 0 19 13 21 9 0 
0 0 0 11 2 20 17 25 6 5 19 3 0 22 12 13 4 21 0 0 16 15 8 1 23 
20 0 0 1 0 16 18 0 0 0 15 0 17 23 0 0 11 19 0 0 5 0 0 4 25 
17 0 10 5 15 3 0 0 0 8 24 0 0 0 9 23 12 0 13 16 11 21 20 0 7 
24 9 12 20 0 23 10 4 0 0 25 0 13 0 21 11 17 15 22 0 0 16 2 0 0 
13 18 1 16 21 0 0 0 22 11 10 8 0 17 0 25 2 9 24 0 0 0 0 19 0 
2 0 8 3 6 0 0 0 20 9 23 5 1 0 0 0 0 14 0 19 0 0 0 13 0 
0 11 7 4 14 21 25 0 2 17 22 12 16 0 3 18 0 20 0 6 9 0 10 15 0 
