2 8 0 16 5 15 3 0 14 0 4 10 11 12 9 7 
0 5 6 9 8 0 0 13 2 0 0 12 0 0 0 0 
1 0 12 0 0 6 0 9 7 0 11 0 3 0 4 0 
14 3 7 11 10 0 12 0 0 0 0 15 13 16 6 0 
5 0 10 0 13 16 0 6 0 4 12 9 7 2 0 0 
0 2 0 12 1 0 7 10 15 3 6 0 14 0 0 0 
0 7 15 0 0 0 2 8 10 0 0 0 0 0 12 0 
0 1 0 13 0 0 0 0 5 0 2 0 15 11 16 10 
0 12 0 8 0 10 14 0 0 0 0 16 0 0 0 0 
7 0 0 10 0 0 0 0 0 2 15 0 0 1 0 13 
0 0 16 0 3 12 0 0 0 10 1 0 9 8 7 0 
0 0 0 0 4 0 0 0 0 0 13 8 16 0 14 0 
0 0 0 1 7 0 0 0 0 12 0 2 0 0 0 0 
8 0 3 2 0 11 5 12 0 7 0 4 1 0 13 0 
12 13 5 0 0 0 8 0 0 11 14 0 2 0 10 0 
10 16 4 0 0 0 1 14 13 15 0 0 8 0 0 12 
