9 22 0 24 0 0 0 2 0 0 6 0 5 15 7 23 17 0 10 8 0 0 25 0 20 
0 23 0 25 12 10 16 24 22 0 0 17 0 0 1 3 0 15 0 2 4 0 6 8 13 
6 0 0 10 0 15 0 4 0 13 8 0 23 16 9 0 20 0 18 1 21 2 22 24 0 
7 0 0 0 16 19 5 9 0 0 0 20 21 22 2 25 4 12 0 24 0 0 0 17 3 
0 0 21 0 2 18 0 25 8 0 0 0 24 0 0 0 5 16 6 22 23 19 0 0 15 
0 3 17 23 20 4 0 21 5 18 11 8 0 6 0 10 14 1 9 0 24 0 13 0 19 
15 11 0 22 0 17 10 12 13 16 0 14 7 0 24 0 19 0 25 18 0 0 0 6 21 
8 24 16 6 13 2 0 22 0 25 21 19 4 23 0 15 0 3 17 0 0 0 5 10 0 
5 0 0 0 0 24 15 1 0 6 20 0 13 0 3 16 0 22 4 23 0 25 7 0 0 
0 1 0 0 18 3 0 0 11 0 22 0 0 2 0 13 6 21 24 5 0 0 0 0 4 
10 0 0 14 0 25 6 13 2 0 15 0 0 0 4 0 0 0 0 0 22 0 0 0 9 
24 0 19 1 0 0 0 0 10 0 7 0 0 8 0 0 12 0 16 0 0 0 0 0 0 
0 0 0 4 22 5 9 0 16 0 24 18 3 14 0 1 11 0 0 6 0 10 21 25 0 
0 0 18 9 0 22 11 7 12 3 13 0 10 0 23 4 0 24 0 14 20 15 0 5 16 
3 0 0 12 0 0 14 19 18 24 0 0 0 0 5 0 0 2 0 0 1 0 4 11 7 
21 0 0 0 23 7 0 0 0 12 25 3 0 0 8 0 15 13 2 0 0 5 11 1 22 
11 0 24 0 0 0 0 0 4 0 0 5 0 0 0 0 0 0 20 0 3 14 0 21 0 
12 4 0 17 3 0 1 5 23 0 0 0 16 24 0 22 0 8 11 10 19 6 15 7 0 
0 5 20 0 1 14 0 0 0 11 4 15 22 7 0 0 0 6 0 0 0 0 16 13 8 
0 9 0 0 8 0 21 18 3 0 12 0 0 11 10 14 16 5 0 0 25 0 17 20 0 
0 0 13 0 10 0 0 0 21 5 0 24 0 3 0 0 2 4 14 9 0 22 8 19 0 
19 17 0 0 0 0 25 0 15 2 0 11 14 21 0 8 22 10 0 16 0 20 0 0 0 
23 8 6 0 0 0 22 11 0 0 18 7 0 0 0 0 13 25 0 20 17 0 9 0 14 
0 0 0 5 0 0 13 14 19 0 2 23 8 0 0 24 3 17 0 21 6 1 18 0 25 
14 21 0 2 25 20 18 8 17 0 0 0 0 0 0 0 0 11 0 19 0 24 0 0 10 
