0 0 7 6 0 0 0 0 16 5 0 0 0 0 12 0 
3 8 11 0 7 0 5 0 0 14 0 0 1 15 16 0 
15 0 0 9 0 14 1 12 8 7 0 0 5 3 2 4 
5 2 12 0 11 3 0 16 15 0 0 10 14 0 0 6 
7 13 0 0 9 1 0 14 6 0 0 0 0 0 0 0 
1 6 0 0 0 0 2 0 12 0 9 3 0 0 15 11 
0 0 10 0 16 15 11 13 0 2 8 14 0 0 5 7 
2 0 0 0 12 6 3 0 7 0 0 13 8 9 0 10 
0 5 1 0 0 0 6 0 13 0 0 0 16 0 9 15 
16 0 8 0 0 9 12 0 0 0 0 0 0 0 10 14 
11 15 0 14 0 0 0 10 0 0 0 6 4 8 13 12 
6 0 0 13 0 11 4 0 2 0 0 0 0 5 7 1 
8 0 0 0 2 0 0 0 0 0 0 7 15 0 11 16 
10 0 16 0 4 0 0 9 14 0 12 0 7 0 0 3 
0 0 14 0 0 0 0 0 10 6 15 0 9 1 4 8 
4 7 0 0 0 0 15 0 0 0 0 0 10 0 14 5 
