9 5 7 6 0 0 0 0 0 0 12 16 0 15 0 3 
1 16 12 15 0 0 0 2 0 0 0 0 6 0 0 0 
11 14 4 0 16 0 0 0 6 0 2 0 0 0 5 7 
0 2 0 10 4 15 9 6 0 0 0 0 0 0 14 12 
12 8 16 0 0 13 2 0 0 4 14 9 0 0 15 0 
0 0 5 2 3 0 0 0 10 8 0 0 13 12 0 0 
15 4 0 0 0 16 0 9 0 12 5 0 3 14 0 0 
7 3 0 1 10 5 14 12 0 15 0 0 4 0 0 0 
5 0 3 0 11 0 4 0 0 0 10 0 2 0 0 1 
0 15 0 0 13 0 3 0 9 1 0 5 0 11 6 14 
0 0 1 0 9 0 10 5 14 11 0 8 0 3 4 0 
0 0 0 4 0 0 0 0 7 2 0 3 0 0 9 0 
0 0 14 8 2 4 6 0 0 5 0 0 0 0 12 0 
0 12 0 0 14 0 5 3 13 16 9 0 10 0 11 8 
2 1 0 0 15 0 13 11 0 7 8 0 14 0 0 0 
0 0 0 0 12 10 16 0 1 0 0 4 15 5 7 0 
