0 0 16 8 7 0 9 0 4 15 11 0 0 0 3 13 
0 0 0 0 0 5 0 4 12 6 10 14 0 0 7 0 
0 0 0 0 3 0 0 0 0 0 5 7 1 0 11 6 
7 2 0 11 0 10 6 13 1 16 0 0 14 12 0 0 
3 0 6 4 0 0 8 0 0 14 13 9 11 5 0 0 
0 14 0 5 6 0 0 12 16 0 4 0 0 15 9 3 
0 0 2 0 5 14 0 9 0 0 0 11 0 4 8 0 
0 8 0 13 4 0 16 10 0 0 0 1 0 0 0 0 
11 0 13 14 16 0 15 0 2 0 9 0 3 1 0 0 
2 12 1 0 9 0 0 3 0 0 6 13 0 16 0 5 
4 3 8 0 0 0 0 0 0 1 0 0 7 0 13 2 
16 0 0 6 0 0 2 1 7 0 0 0 0 11 14 0 
0 4 0 0 14 0 10 0 0 13 1 6 0 0 12 11 
10 0 0 0 0 0 0 6 8 11 0 4 0 13 5 0 
0 0 12 9 0 15 7 0 0 10 14 5 0 0 16 1 
0 0 14 0 12 13 4 5 9 7 0 0 0 0 0 0 
