4 1 10 0 0 9 0 0 0 0 0 0 0 0 0 0 
0 12 11 9 14 0 0 0 8 0 4 0 1 2 0 3 
0 0 0 7 10 0 0 8 0 0 0 0 0 11 0 0 
0 16 2 15 0 0 1 5 9 0 11 0 8 6 4 0 
0 4 0 0 8 0 12 0 11 3 0 14 2 9 0 0 
16 0 0 2 1 0 0 3 0 0 0 0 11 0 12 0 
3 14 0 0 0 0 0 15 0 9 5 1 0 0 0 8 
0 0 13 6 5 11 0 14 10 2 15 12 0 0 0 0 
6 7 0 3 15 0 0 0 13 8 0 0 12 5 2 0 
0 0 0 13 2 10 16 12 0 0 14 15 0 3 6 9 
10 0 5 0 4 0 6 0 0 0 3 0 14 0 0 16 
0 0 14 4 0 13 5 0 0 6 10 0 15 0 11 0 
12 2 7 0 0 0 8 4 16 11 0 5 6 0 14 0 
9 13 3 0 0 2 0 10 0 0 6 0 0 0 1 11 
0 0 0 0 12 1 14 16 3 15 0 0 0 0 0 13 
15 10 0 0 6 5 0 0 0 12 1 9 3 16 8 0 
