19 17 0 0 0 10 25 0 2 8 0 24 0 12 3 14 11 4 6 0 0 0 7 15 5 
0 6 0 18 0 7 0 21 0 0 0 8 0 25 13 22 0 0 0 0 23 3 0 0 0 
22 2 11 0 0 0 0 0 0 0 0 6 1 19 15 23 8 0 0 7 10 4 0 0 0 
8 5 0 9 24 0 22 1 23 0 0 10 0 17 0 0 13 18 0 0 0 16 25 19 0 
0 4 3 10 25 0 17 0 15 19 7 18 0 23 14 24 0 21 0 20 0 0 12 0 0 
1 22 0 0 0 2 0 0 0 5 8 13 7 0 0 10 0 16 14 23 9 0 21 0 4 
0 7 0 0 0 25 6 0 21 18 11 0 0 24 0 0 0 0 13 0 5 0 1 0 8 
0 23 0 19 16 0 0 11 0 20 5 9 0 0 6 21 0 8 0 0 0 25 0 10 0 
0 0 21 0 8 22 9 0 0 0 0 1 25 0 23 7 18 11 20 0 12 0 0 3 0 
9 0 18 3 11 0 14 0 16 0 0 0 21 15 17 5 24 1 0 6 0 7 13 22 20 
3 0 23 0 13 0 0 16 5 0 10 0 0 21 2 20 0 22 15 0 0 0 0 18 7 
2 0 0 7 0 20 15 24 0 0 0 23 0 0 0 0 17 10 16 0 13 12 0 0 0 
6 0 9 16 5 13 19 22 12 7 15 11 8 0 20 3 0 0 0 24 1 0 0 25 0 
25 0 24 0 22 0 2 0 18 10 17 0 0 0 19 0 4 0 8 0 0 9 15 0 3 
0 8 19 0 17 0 11 14 0 0 0 4 13 16 24 0 23 0 9 5 21 10 2 20 0 
7 12 17 0 19 0 20 6 22 24 3 16 18 0 0 4 0 0 0 0 0 0 5 0 0 
0 0 25 0 0 0 21 0 1 12 0 0 10 0 9 16 0 0 18 11 0 0 0 0 0 
0 9 1 22 0 19 0 0 13 25 20 7 15 0 8 12 10 2 0 3 0 0 6 0 0 
0 14 15 0 0 0 10 17 3 11 0 0 6 5 0 0 1 19 24 21 0 8 9 0 25 
5 0 0 13 10 9 0 0 0 14 19 21 0 11 0 0 0 15 7 22 18 0 3 17 12 
23 19 8 0 3 18 5 0 10 0 24 25 14 9 21 17 7 0 0 4 0 2 20 1 11 
0 13 22 25 9 12 0 0 14 0 0 19 0 8 0 6 0 24 0 10 3 0 0 4 17 
0 0 10 0 1 23 3 0 6 16 0 15 11 4 12 2 0 0 0 18 19 24 22 7 0 
16 0 2 0 0 17 0 19 0 13 0 0 0 0 0 8 0 3 22 0 0 21 10 0 15 
0 15 5 24 0 0 7 0 0 21 22 0 0 0 10 19 20 23 1 16 0 0 14 8 0 
