0 0 0 0 0 0 13 5 6 1 0 0 8 14 7 0 
16 0 15 3 0 6 0 1 7 10 8 9 0 13 4 0 
5 7 0 13 0 3 2 9 0 14 4 15 0 16 0 6 
8 0 0 0 0 0 12 7 0 11 5 0 2 1 9 3 
0 0 2 11 0 4 0 15 0 13 6 7 0 0 5 8 
0 0 3 16 2 0 10 14 0 4 11 5 0 0 0 0 
0 0 12 5 7 0 0 0 0 0 0 14 0 0 0 4 
4 13 0 7 6 0 5 3 1 0 10 0 16 0 2 0 
7 11 0 15 5 14 3 16 4 8 0 1 0 0 0 0 
0 0 0 0 0 7 0 0 0 15 0 3 11 12 0 0 
0 14 8 4 9 10 6 12 0 0 13 0 5 0 0 0 
0 12 16 10 0 2 1 0 0 0 14 6 0 0 0 7 
15 3 0 0 0 0 0 6 0 0 9 12 4 0 0 0 
0 0 14 2 0 0 9 0 8 0 0 0 6 0 0 13 
0 0 0 1 3 0 15 2 0 6 0 0 14 0 12 0 
0 9 0 0 0 0 7 0 14 16 0 0 15 0 0 0 
