12 15 0 0 14 0 0 0 0 2 0 3 0 4 11 0 
7 1 11 0 0 0 0 12 0 0 0 16 0 15 14 8 
2 0 0 14 13 0 0 0 15 0 8 5 0 0 12 6 
0 0 0 3 11 0 4 15 0 1 0 10 0 0 16 0 
0 3 0 16 15 0 2 0 0 0 10 9 11 0 0 0 
0 0 13 11 4 0 8 14 1 7 0 12 0 0 2 0 
0 0 7 12 0 0 0 0 16 8 0 0 14 1 15 0 
10 2 0 0 16 5 0 0 11 0 14 0 12 6 9 0 
0 0 3 0 12 4 0 11 0 10 0 15 1 0 0 0 
11 0 0 1 7 3 15 16 0 13 9 6 4 0 0 0 
0 0 0 0 0 1 0 0 0 14 3 11 7 0 0 15 
0 0 0 4 10 0 0 9 5 0 1 0 8 11 3 0 
4 0 16 2 0 14 0 6 12 0 0 0 0 10 5 3 
0 0 10 0 1 0 0 0 7 0 2 0 9 0 0 14 
1 13 0 5 2 0 0 0 0 6 0 14 15 0 7 11 
0 0 14 0 3 11 0 0 10 9 5 8 0 2 1 0 
