0 5 0 10 13 1 0 0 0 0 0 0 15 12 0 0 
0 2 0 7 0 0 0 16 0 0 0 1 0 8 11 0 
0 0 1 0 5 10 9 7 11 4 2 6 13 0 14 0 
0 9 16 0 0 0 0 11 0 15 0 3 0 7 0 0 
0 14 0 0 0 0 0 8 2 1 11 16 12 5 13 0 
0 0 0 0 0 12 0 1 0 0 13 0 0 0 0 11 
4 0 0 13 15 6 0 0 12 0 0 9 0 0 16 8 
12 0 0 0 16 14 0 13 8 0 6 5 0 0 0 2 
10 0 5 2 0 0 0 14 0 0 4 11 9 0 15 12 
0 0 6 8 0 0 0 10 14 13 0 15 11 0 7 0 
9 0 0 0 11 0 16 2 0 0 0 0 8 0 0 0 
11 0 7 0 0 9 13 6 16 2 8 0 1 0 0 3 
0 0 0 0 0 0 0 15 3 0 14 13 16 1 8 0 
14 8 0 5 0 16 1 0 4 0 7 12 0 0 9 13 
0 0 13 0 0 0 5 0 10 9 0 0 3 11 6 14 
0 7 3 0 0 13 14 9 6 0 0 2 5 4 12 10 
