15 3 0 0 0 0 0 0 0 13 7 9 16 0 12 0 
7 0 0 0 9 0 12 0 0 0 0 5 15 0 1 2 
0 0 5 0 0 8 0 0 3 0 0 1 0 0 0 13 
0 0 0 0 0 0 3 7 0 0 2 0 9 5 6 8 
0 10 15 0 8 12 13 11 0 9 0 4 14 6 7 1 
6 9 0 0 2 0 5 16 0 15 0 0 0 0 0 0 
0 0 8 4 7 0 0 15 14 12 5 0 10 0 16 0 
2 0 0 0 0 14 0 6 16 1 11 13 0 8 15 0 
14 0 0 5 0 6 0 12 11 8 10 0 0 0 13 0 
0 15 0 12 0 0 10 14 0 4 1 16 0 0 0 0 
16 4 10 7 3 0 8 1 12 0 0 0 5 0 14 11 
0 13 3 0 0 2 11 0 0 14 15 0 0 0 10 0 
1 0 0 0 6 0 0 3 0 2 0 14 8 0 4 0 
0 0 16 0 13 0 14 5 15 0 0 0 0 0 2 0 
0 0 13 0 12 0 16 8 0 7 0 11 3 0 5 14 
3 0 0 8 1 0 0 0 13 5 0 12 11 15 0 7 
