0 15 0 11 8 16 0 0 4 1 23 0 20 18 12 0 5 0 13 24 0 0 0 10 2 
16 0 0 17 0 0 0 0 2 7 0 0 0 0 0 0 0 9 8 0 0 14 21 0 23 
25 4 5 0 20 0 6 21 24 14 16 0 15 9 0 2 17 0 0 1 0 19 0 0 3 
0 0 10 0 9 0 0 5 11 0 4 0 0 0 14 6 0 0 0 3 17 16 25 0 24 
0 2 23 0 14 19 0 0 0 25 21 24 0 0 17 4 0 0 0 20 0 5 0 9 0 
11 0 0 7 4 0 20 0 3 5 18 6 9 15 13 0 0 24 10 12 16 0 0 0 0 
0 0 0 0 2 24 0 1 15 0 3 0 12 19 0 0 0 21 9 14 5 10 13 6 11 
0 25 6 0 13 21 11 4 19 0 24 22 0 0 10 0 7 15 0 0 18 0 0 2 0 
0 10 3 21 0 12 23 0 9 6 0 11 0 0 1 18 0 0 0 0 25 0 24 22 0 
0 0 0 24 0 10 0 0 0 0 0 4 0 0 8 0 0 11 0 6 0 7 0 3 0 
0 0 0 0 12 3 8 0 0 0 0 17 0 4 6 21 9 0 15 5 24 13 16 0 18 
0 16 0 14 0 9 0 0 6 15 12 0 18 10 20 0 2 0 0 22 19 0 11 21 0 
0 0 0 0 0 0 0 16 0 0 0 2 0 21 3 0 0 6 17 0 9 0 4 0 0 
0 17 18 4 0 0 7 25 22 0 0 5 0 0 0 10 0 0 0 19 2 12 0 14 6 
2 0 0 9 0 0 0 0 0 0 25 19 7 0 0 0 0 20 14 0 3 0 15 0 22 
0 14 12 22 23 17 0 24 0 20 1 21 3 0 18 0 0 10 4 7 8 0 5 11 0 
13 3 16 5 0 11 9 6 0 21 0 12 4 7 2 0 23 22 20 0 10 0 0 24 15 
0 0 2 20 24 0 0 8 0 4 10 13 0 0 16 0 25 3 5 15 22 9 0 0 0 
0 8 0 10 1 0 25 3 5 0 14 9 0 0 22 0 21 0 18 2 4 0 0 16 20 
4 19 9 0 0 0 2 0 0 22 0 15 0 20 5 13 24 16 0 0 0 3 0 17 12 
22 12 7 3 10 5 0 0 23 11 17 0 19 0 15 8 14 4 24 16 0 18 0 0 0 
20 6 0 2 21 0 0 19 0 0 0 0 22 1 4 15 10 0 12 9 23 0 8 0 16 
5 13 1 0 19 0 21 18 14 10 0 0 8 0 0 3 22 0 11 23 15 0 0 25 7 
24 9 0 0 18 0 0 12 25 16 11 0 0 3 0 7 20 0 0 21 1 22 10 19 0 
17 0 15 23 0 4 22 20 8 9 7 0 0 6 0 1 0 2 19 18 0 0 0 12 5 
