0 4 25 21 0 0 0 11 16 23 19 0 17 20 18 9 3 15 1 0 12 13 10 0 14 
0 9 24 0 2 3 19 0 15 14 1 22 12 7 25 4 0 0 0 0 11 0 0 0 20 
10 14 0 19 5 1 20 0 0 0 13 16 0 0 0 2 0 18 0 24 0 0 9 7 3 
0 0 13 1 8 4 0 21 0 0 3 5 11 2 9 0 0 14 20 0 0 0 0 18 0 
23 0 18 3 20 9 13 0 0 0 10 0 8 0 0 19 25 5 0 22 0 15 0 1 16 
0 16 0 13 0 0 0 7 4 0 14 0 0 25 17 0 0 24 0 0 22 8 0 19 18 
11 0 0 0 0 0 21 0 0 13 2 12 1 8 0 0 0 0 0 0 0 25 0 0 5 
0 17 4 0 12 14 0 22 0 2 6 0 10 0 24 0 0 9 0 19 0 21 7 0 0 
24 21 0 0 7 23 0 10 17 0 15 0 0 0 0 3 0 13 0 18 6 2 12 0 0 
0 2 0 14 0 8 0 24 0 0 4 13 20 22 21 10 11 0 0 7 0 0 16 15 0 
0 0 21 25 6 0 23 4 0 10 17 0 0 0 8 0 0 2 0 0 5 1 24 0 15 
0 0 7 24 0 0 0 0 6 0 0 23 16 12 0 0 4 1 0 11 0 10 19 21 0 
2 0 0 23 0 7 0 0 3 0 11 0 0 19 0 15 0 10 0 0 17 0 0 0 4 
15 0 11 16 3 22 0 0 24 19 21 10 0 0 1 0 0 0 0 0 0 20 2 6 0 
0 19 17 10 0 0 8 0 21 0 0 15 24 0 2 22 0 20 0 0 7 3 11 25 0 
17 0 0 0 24 0 1 20 0 6 22 2 18 3 0 0 9 16 15 0 8 4 0 0 21 
0 0 0 0 18 0 0 23 14 0 0 1 6 0 0 20 24 0 22 0 3 7 5 0 0 
22 0 14 12 16 0 0 8 25 21 24 0 9 10 0 23 1 0 0 0 2 18 15 20 19 
25 0 9 0 15 24 22 0 0 4 20 8 14 23 0 0 18 11 0 0 0 0 17 0 1 
0 1 3 20 10 0 16 5 13 18 7 0 0 11 0 0 0 0 0 2 9 0 0 0 0 
3 0 0 7 0 0 10 14 20 8 0 19 0 0 11 18 0 21 0 0 23 24 13 0 6 
0 8 0 9 11 21 0 15 23 0 12 6 25 24 0 0 7 19 0 0 18 16 4 17 2 
1 10 15 4 0 12 24 0 22 9 16 0 0 0 20 11 2 17 0 23 0 0 8 14 7 
20 24 0 6 0 0 2 13 18 0 8 0 4 0 0 5 14 0 12 25 15 11 1 0 0 
0 0 2 5 13 0 0 0 19 11 23 7 0 1 14 24 16 0 9 0 21 12 0 3 0 
