0 2 0 0 14 15 4 0 9 5 0 0 0 0 0 0 
9 0 0 0 0 1 0 13 0 0 6 2 0 14 11 0 
1 0 0 0 2 3 0 0 11 0 12 0 0 0 13 0 
13 10 8 11 16 12 6 0 7 15 1 14 0 2 5 0 
0 12 15 0 0 4 8 0 0 0 3 0 11 10 0 0 
14 0 2 8 13 7 0 10 16 6 15 0 3 0 0 5 
0 4 0 3 9 0 0 12 0 13 11 8 0 0 1 2 
0 13 11 5 3 0 0 0 0 0 7 0 0 15 0 6 
8 1 0 2 0 0 0 0 0 0 0 0 0 11 0 0 
0 5 6 0 10 0 0 8 13 9 0 11 16 12 3 4 
0 3 13 10 0 2 0 4 0 16 5 7 0 0 0 1 
11 0 0 14 15 0 0 3 8 0 0 6 0 7 2 0 
0 8 3 0 4 0 5 6 0 11 0 0 2 0 9 0 
0 15 10 0 7 0 13 0 6 0 0 0 1 3 16 0 
5 0 0 0 12 0 3 0 2 7 0 0 0 0 4 0 
0 11 0 0 0 9 0 0 3 0 0 12 0 5 0 7 
