15 16 0 5 1 9 0 0 0 0 0 13 10 0 0 8 
6 0 0 0 8 0 0 15 0 14 0 1 0 9 0 0 
1 14 9 8 7 2 13 11 0 0 0 10 0 0 0 0 
0 0 0 0 0 6 4 16 0 0 0 9 14 2 1 13 
3 5 14 1 0 7 0 0 0 0 9 16 15 4 0 0 
16 0 0 0 0 0 3 4 10 0 13 0 0 14 0 7 
0 7 10 0 0 0 6 12 0 0 14 0 13 3 2 1 
13 0 0 0 0 11 1 14 0 0 0 0 0 8 0 9 
0 0 5 0 6 0 0 1 0 10 3 7 0 12 0 14 
0 1 0 3 12 14 0 9 0 0 0 11 0 16 15 0 
0 0 16 0 0 15 2 7 9 5 0 14 8 13 0 0 
0 0 0 0 3 0 0 0 0 0 4 15 1 0 0 2 
11 6 3 0 13 1 0 0 14 0 0 2 5 0 12 4 
5 0 4 7 11 10 12 0 0 13 0 0 9 0 0 3 
0 10 1 0 14 4 0 6 3 9 0 0 0 0 0 16 
0 0 8 9 0 3 15 0 1 0 0 0 11 0 0 6 
