0 4 0 0 0 22 0 0 0 0 3 7 16 5 19 24 8 20 0 6 14 12 0 9 23 
2 3 7 0 25 0 0 0 9 0 15 0 12 4 8 18 10 0 1 23 0 21 20 0 0 
1 0 0 9 19 0 0 0 0 14 24 0 11 0 23 7 0 16 0 25 2 0 17 13 0 
20 23 0 22 12 19 4 8 0 24 18 21 1 2 17 0 0 0 0 0 5 11 7 0 0 
14 16 24 0 5 0 0 17 21 7 20 25 0 0 9 19 0 12 0 4 18 3 0 0 15 
0 0 23 0 16 0 25 0 0 0 0 0 2 19 18 13 0 0 0 0 1 5 3 0 11 
0 5 21 0 14 15 0 9 1 0 0 24 3 17 0 0 19 0 0 2 12 13 0 7 0 
3 6 0 0 20 14 0 4 23 8 0 0 0 15 0 22 16 10 0 0 17 25 0 24 2 
19 8 4 0 0 0 21 10 18 0 0 0 0 12 1 0 0 24 0 0 23 9 0 6 16 
7 25 13 15 1 3 5 0 0 0 0 8 0 14 0 23 9 0 0 12 21 0 0 4 20 
6 18 17 12 7 0 0 11 14 0 0 13 21 0 0 20 0 0 23 10 3 16 0 0 22 
0 0 0 25 0 0 17 3 19 4 0 23 24 0 6 21 14 7 0 0 10 8 9 11 0 
0 0 19 23 0 6 0 7 0 5 10 0 14 0 0 1 0 0 0 0 0 17 0 25 21 
13 0 0 24 3 10 0 0 22 0 0 0 0 0 0 0 0 9 25 0 6 23 14 20 19 
10 21 9 14 0 23 0 16 2 0 19 17 20 0 0 0 0 0 0 0 0 18 1 0 13 
9 0 18 20 0 0 10 0 3 0 6 15 0 7 0 16 0 1 0 0 0 4 0 0 14 
0 12 0 8 0 1 0 0 17 0 21 19 0 24 0 0 2 0 0 7 9 6 0 10 0 
21 0 15 16 6 0 20 0 4 2 0 0 0 0 3 0 0 0 5 13 0 0 23 17 0 
5 0 0 19 0 0 7 0 11 0 0 16 17 0 12 9 20 23 24 21 13 0 2 0 0 
0 1 0 0 22 16 18 21 15 0 0 4 0 0 14 17 0 11 0 0 20 24 0 0 0 
8 0 0 2 9 4 0 23 5 0 17 0 0 0 0 12 7 0 0 14 16 0 0 0 25 
15 14 20 0 21 7 2 0 0 18 0 0 23 9 22 4 0 3 0 17 24 19 0 12 10 
23 7 0 3 0 21 12 0 16 9 4 0 15 0 25 0 24 0 0 22 11 0 0 18 17 
12 11 0 4 0 24 0 0 0 3 14 0 7 21 0 10 0 5 6 18 8 0 0 15 0 
18 19 16 1 0 17 14 0 0 0 12 5 8 3 0 2 0 0 9 11 4 0 0 23 7 
