0 0 11 0 14 17 0 0 10 1 20 0 0 18 25 21 24 8 0 0 0 0 0 0 0 
0 0 7 23 0 16 22 0 8 25 0 0 4 24 0 2 12 1 0 17 21 14 0 20 18 
22 1 0 0 0 5 12 0 21 0 0 14 6 23 2 3 7 15 0 20 0 24 0 0 0 
0 4 0 3 0 2 0 0 23 0 0 15 10 22 7 0 18 16 0 19 0 0 1 5 8 
8 0 0 0 0 0 0 0 6 19 0 1 13 21 12 5 14 11 10 0 17 25 0 22 0 
0 0 0 0 0 0 6 5 7 4 0 0 23 12 16 0 0 13 22 0 25 0 0 0 0 
20 5 0 0 25 0 0 23 9 14 0 0 0 10 13 4 0 0 0 3 1 22 11 15 0 
0 10 0 0 23 0 13 12 0 8 0 11 0 0 0 1 16 20 14 21 0 0 0 0 17 
14 0 0 7 0 0 17 0 2 0 0 0 0 3 20 0 0 23 0 0 18 8 10 13 9 
0 22 0 0 0 1 21 15 3 20 0 8 5 0 0 9 0 25 0 0 6 2 16 23 0 
18 0 6 0 3 0 0 0 0 21 12 0 0 5 0 7 0 24 2 13 8 0 14 0 16 
1 0 14 2 10 7 0 6 4 12 13 19 3 9 15 0 8 5 20 23 0 0 17 25 22 
24 13 5 0 17 0 14 1 11 0 4 0 0 0 21 0 3 0 19 15 7 6 2 9 10 
0 0 0 0 0 22 0 0 0 0 7 0 0 0 0 11 0 21 25 10 3 0 13 4 1 
7 23 0 0 21 0 0 0 13 3 0 10 2 0 24 14 0 0 0 1 15 18 0 11 20 
0 19 0 5 22 0 3 11 12 10 23 0 16 13 0 17 0 2 0 0 14 1 7 18 0 
13 0 23 0 2 0 0 0 17 5 0 20 0 0 22 0 0 0 4 14 10 0 19 16 15 
17 8 0 14 0 23 0 0 0 0 5 0 21 15 10 13 1 19 16 11 0 3 0 12 6 
16 3 0 0 1 0 25 8 0 6 0 0 19 0 17 0 22 0 5 12 0 13 0 24 0 
4 21 20 0 18 13 7 0 22 16 0 25 0 14 3 0 23 0 15 24 0 0 0 8 0 
15 9 0 0 6 14 0 0 0 0 18 23 0 0 5 20 19 0 1 25 0 0 8 0 0 
0 0 1 0 13 0 23 22 5 0 0 0 0 19 9 0 21 14 0 0 20 0 25 6 0 
23 14 0 0 0 0 0 0 20 9 10 7 25 1 11 6 0 0 0 2 0 16 21 17 13 
25 0 0 16 8 0 0 21 0 0 15 0 0 2 6 0 17 0 0 0 22 0 0 0 19 
0 18 2 0 5 6 19 10 25 7 21 3 20 0 14 0 13 4 0 0 9 15 23 0 24 
