5 8 14 10 0 0 0 1 0 2 3 4 0 16 6 11 
0 9 0 15 14 0 0 0 0 0 0 0 8 4 0 13 
0 13 0 12 5 0 0 0 15 7 8 0 0 2 0 9 
2 0 7 0 9 0 0 0 0 1 0 10 0 5 3 15 
0 0 9 5 16 0 0 6 10 0 1 0 15 13 0 0 
0 10 0 16 8 0 4 0 0 0 0 13 5 0 2 1 
12 7 8 0 0 1 14 15 0 0 0 2 0 0 0 6 
0 1 0 0 2 0 13 0 0 0 0 7 16 0 8 0 
0 0 0 7 13 0 0 2 4 0 0 1 0 0 5 0 
10 5 0 9 0 11 0 7 0 3 13 8 0 0 0 0 
0 4 0 0 0 15 12 0 11 0 0 0 1 7 0 2 
0 0 0 14 6 10 0 4 7 0 2 0 0 11 12 8 
0 0 4 0 7 14 3 13 2 0 0 15 0 6 9 0 
0 14 0 6 0 0 2 0 8 12 0 3 0 1 15 4 
13 15 0 2 0 0 0 5 0 0 4 0 7 8 0 3 
7 0 11 3 0 6 15 8 0 0 0 0 0 0 10 0 
