0 5 8 15 0 0 16 0 0 3 0 0 0 1 4 0 
4 0 14 0 5 0 0 13 8 0 0 0 3 0 16 12 
0 0 13 9 0 0 0 12 0 7 16 1 2 0 0 0 
0 0 0 0 0 0 0 6 4 0 13 5 10 15 0 0 
5 13 15 11 0 8 0 4 0 0 12 3 6 0 1 0 
0 0 0 4 7 1 0 0 0 6 0 0 0 0 14 15 
0 14 0 0 10 12 0 0 9 1 0 0 0 0 0 5 
0 12 0 3 0 0 0 0 0 16 0 0 8 7 10 11 
0 15 11 0 0 10 2 9 0 0 8 0 0 0 3 1 
2 0 12 1 3 0 6 14 15 0 0 0 0 10 0 0 
9 3 0 14 11 0 5 0 0 12 0 0 15 4 2 13 
8 0 0 0 0 0 1 15 0 14 0 9 11 0 0 0 
15 11 0 16 0 0 0 3 14 0 0 4 5 0 0 0 
14 0 0 13 4 9 11 1 10 0 0 15 16 12 8 2 
0 0 4 8 0 5 13 7 0 11 0 16 9 14 6 0 
7 0 0 12 0 14 0 16 3 0 0 13 1 11 0 0 
