1 0 14 0 5 16 2 8 10 11 0 3 0 0 4 7 
0 0 10 0 7 0 14 0 0 0 0 13 5 0 3 0 
6 7 0 11 9 0 0 0 14 8 0 2 0 0 0 0 
5 4 0 0 6 3 0 0 0 0 16 0 14 0 11 8 
0 0 15 5 0 0 16 9 0 0 2 4 0 3 8 0 
9 8 4 12 2 13 0 0 0 0 3 0 16 14 0 0 
0 1 6 0 0 4 0 12 8 7 14 0 2 0 13 0 
14 10 0 0 0 7 5 0 13 6 0 0 0 0 0 0 
0 0 7 4 0 0 9 0 1 0 8 0 3 0 0 16 
0 0 5 3 0 0 8 0 12 0 4 15 1 7 0 0 
0 15 0 14 12 0 0 0 16 0 0 0 0 6 5 4 
12 0 0 1 4 0 0 16 0 3 6 14 15 0 0 10 
11 0 16 0 3 12 0 0 0 0 0 8 0 1 0 0 
4 0 9 0 1 0 15 0 0 16 0 6 0 0 10 0 
0 0 12 10 11 14 13 6 9 2 0 0 4 0 16 3 
13 3 0 0 0 9 0 0 4 0 11 0 7 15 0 0 
