0 0 25 16 0 4 0 0 21 0 14 20 22 18 11 0 0 2 1 0 13 3 10 17 0 
1 0 21 6 0 2 9 11 10 0 3 24 0 0 7 12 25 0 0 0 0 22 0 16 4 
11 0 8 0 15 0 0 0 0 20 0 0 0 0 9 21 0 0 7 0 0 0 18 19 6 
13 24 12 0 0 0 0 25 0 19 0 0 6 23 21 20 22 11 5 3 0 1 7 8 9 
0 0 14 17 0 15 6 22 7 13 5 0 0 0 16 0 0 18 4 9 0 25 0 23 24 
19 0 0 0 0 7 15 0 0 0 1 25 0 0 5 9 0 20 2 12 0 17 0 22 0 
0 18 6 0 0 1 3 20 23 22 0 0 10 9 0 0 0 15 0 17 11 0 14 0 2 
15 21 0 7 17 0 0 0 0 16 0 19 0 0 18 11 5 0 0 1 0 4 0 3 20 
0 20 0 0 0 0 0 9 0 8 11 4 17 0 12 0 0 22 14 13 0 21 19 18 0 
14 16 9 0 0 0 2 0 0 11 0 22 0 3 15 0 4 25 18 21 0 0 1 6 10 
0 0 15 0 0 0 0 0 0 0 0 7 18 5 0 0 0 23 17 8 0 2 22 14 1 
0 10 0 0 20 6 0 0 14 0 0 0 0 1 13 15 12 0 9 22 7 23 0 0 17 
8 1 0 25 0 0 0 7 0 17 0 0 0 0 0 0 0 19 24 0 6 16 21 0 0 
9 14 0 11 0 18 13 23 0 0 0 6 0 0 0 1 21 0 25 0 0 0 4 0 19 
0 17 7 0 23 0 24 10 16 1 0 0 25 15 0 2 14 5 0 0 0 0 0 9 0 
0 8 0 0 14 20 0 0 0 0 0 0 4 7 19 22 24 16 11 5 17 6 0 15 3 
24 0 20 15 21 3 0 16 22 6 0 11 5 10 1 0 13 9 19 2 0 0 0 0 18 
0 0 1 2 6 8 11 0 5 0 0 0 0 0 0 3 0 21 0 23 0 0 0 13 22 
22 7 17 3 0 0 23 24 9 18 13 2 0 12 14 4 0 0 0 25 19 8 20 11 0 
5 13 0 0 11 0 0 4 0 2 0 9 3 0 24 14 20 8 12 18 0 0 0 0 7 
18 22 10 0 4 0 0 0 17 0 24 16 0 21 23 0 2 13 3 11 8 20 0 1 0 
0 25 24 13 0 0 20 0 11 9 0 15 2 4 0 0 8 0 22 0 23 18 12 0 0 
0 23 0 19 0 0 18 0 24 0 0 0 0 20 25 0 0 14 0 0 22 0 0 2 11 
0 0 0 0 0 21 0 6 1 0 18 0 8 19 0 5 17 12 0 0 16 24 3 4 13 
17 15 16 0 1 23 22 8 2 0 12 13 9 11 3 0 0 4 0 0 10 19 0 5 21 
