0 12 0 2 3 0 0 0 0 0 9 0 16 15 0 0 
0 0 0 7 11 0 0 10 3 0 0 1 4 2 12 0 
0 6 0 1 0 0 0 0 0 14 0 0 3 7 5 0 
5 0 3 0 0 14 0 2 7 13 0 10 0 0 0 9 
12 13 0 0 0 0 0 0 14 9 0 8 7 10 11 2 
0 2 0 0 0 0 0 0 15 0 0 0 13 14 1 5 
11 9 16 0 15 2 14 0 0 7 0 0 6 0 0 4 
0 1 0 10 0 5 11 0 0 4 0 0 0 8 0 0 
7 0 0 0 0 0 0 0 5 16 0 0 0 4 2 15 
0 5 0 0 0 0 4 6 0 0 0 2 0 16 0 0 
10 0 0 0 16 7 0 5 0 1 3 0 12 0 14 13 
0 16 2 0 14 3 0 15 0 12 7 4 0 0 0 6 
3 0 6 0 0 0 8 0 0 0 11 0 0 9 15 0 
16 7 5 15 0 13 0 12 1 10 14 0 0 3 8 11 
2 0 8 9 0 10 0 14 0 6 15 7 0 13 0 12 
1 14 0 12 2 11 15 9 13 0 0 5 10 0 0 7 
