2 9 0 0 0 14 0 0 0 0 0 0 7 0 12 15 
7 10 12 14 0 0 0 0 6 0 0 0 1 11 0 0 
0 1 0 5 0 8 0 7 0 0 10 13 0 4 3 2 
3 0 13 0 0 0 0 5 0 0 0 7 6 9 14 0 
8 0 0 0 5 4 1 12 7 0 0 0 0 16 0 9 
5 4 7 0 13 6 11 15 0 9 8 2 14 0 0 0 
13 11 16 0 3 0 8 2 14 1 12 0 4 0 0 7 
0 0 0 0 0 0 0 10 0 0 0 0 0 12 0 11 
16 6 15 8 0 0 0 14 2 11 13 0 0 7 4 12 
0 0 11 0 8 0 0 0 0 10 7 0 0 14 9 0 
14 7 0 0 12 0 15 0 0 4 0 16 0 0 8 1 
0 0 9 0 2 7 13 4 8 0 14 0 0 6 11 0 
6 14 0 0 0 10 0 0 0 15 0 0 12 2 16 5 
0 0 0 9 15 0 0 8 0 7 0 14 11 0 1 0 
0 0 2 7 0 0 0 9 0 5 6 1 3 15 13 0 
0 0 3 1 14 5 0 0 0 16 0 12 0 0 0 0 
