3 15 0 10 0 0 19 16 0 23 18 22 1 0 5 13 21 0 8 7 11 0 25 0 24 
0 0 0 25 0 0 8 15 0 0 0 0 11 10 0 5 23 0 0 0 20 0 3 0 0 
0 24 0 4 0 0 0 0 14 0 0 7 20 6 8 3 0 10 11 0 0 16 23 0 19 
0 0 0 8 16 21 0 10 0 0 2 19 0 17 0 0 18 0 0 0 0 7 0 5 0 
23 0 0 7 0 0 13 0 6 0 0 12 16 0 0 20 22 17 24 0 0 0 0 2 0 
0 12 0 3 22 0 9 21 0 0 23 0 0 0 2 14 1 11 6 15 0 0 0 0 0 
0 0 0 0 0 23 0 2 19 14 0 3 0 22 1 8 0 0 4 20 17 15 0 12 9 
2 1 0 19 21 12 4 0 0 8 0 0 5 0 11 17 24 0 18 10 6 0 7 0 0 
0 0 0 11 17 22 0 0 0 0 0 18 15 0 0 0 5 0 0 9 0 0 2 16 21 
0 5 15 0 23 11 10 0 0 6 20 14 17 12 0 16 19 22 0 2 24 3 0 25 4 
0 0 5 0 0 0 7 0 21 0 12 23 0 0 0 0 17 2 13 0 16 0 0 0 15 
0 10 9 0 0 24 0 0 13 15 14 1 19 0 3 0 0 4 0 0 0 22 0 0 11 
22 0 21 0 3 0 20 23 1 11 0 16 0 2 4 7 0 15 19 0 0 0 13 0 0 
0 23 0 13 11 19 2 0 10 0 17 15 0 21 0 0 0 0 0 0 0 0 9 18 20 
15 0 0 1 0 25 16 4 3 12 13 11 8 0 0 6 20 0 9 0 23 0 19 21 0 
0 13 0 23 0 0 17 19 25 20 6 24 7 11 12 2 0 0 0 0 1 4 0 0 8 
21 20 0 0 14 2 0 0 9 13 22 8 3 1 10 0 0 0 25 18 0 0 16 24 6 
10 2 3 24 12 6 11 0 0 21 0 0 0 15 20 0 0 1 14 13 0 9 22 23 17 
9 0 0 0 4 0 0 0 22 0 5 0 18 0 0 23 0 24 0 0 19 25 20 0 3 
1 0 8 0 0 0 0 0 0 0 19 17 23 9 0 11 3 20 10 6 5 2 21 13 12 
13 0 10 0 8 9 22 0 23 16 15 5 0 0 0 4 0 19 0 24 0 20 17 11 1 
0 3 1 0 9 13 25 6 0 0 0 20 0 0 0 22 15 0 0 21 0 10 24 19 7 
12 0 23 0 6 0 0 3 5 4 10 21 2 0 19 0 11 16 20 17 0 13 0 8 14 
16 4 25 0 24 0 0 11 20 19 1 0 13 18 17 10 14 7 12 0 0 23 15 0 0 
0 19 14 15 20 10 0 24 0 7 11 4 22 0 9 25 0 0 0 0 0 0 12 0 0 
