0 15 3 0 0 0 18 21 5 9 19 23 24 0 16 11 22 1 0 0 12 17 14 0 8 
1 0 0 0 22 3 17 0 19 20 0 18 2 8 4 5 15 0 6 0 13 21 0 0 25 
24 0 9 0 0 22 8 13 0 0 14 25 11 0 15 0 10 16 0 21 0 20 3 0 2 
12 0 0 20 0 0 24 0 14 6 22 13 21 3 0 0 0 0 0 8 0 0 0 9 0 
0 0 0 16 6 0 11 25 1 0 0 12 9 0 0 0 0 0 24 0 0 22 0 19 0 
20 0 0 0 13 4 0 0 9 22 15 0 25 0 2 3 0 0 0 0 21 0 0 7 16 
25 10 12 11 17 16 20 1 0 21 0 6 0 0 0 2 23 0 0 0 24 15 0 22 19 
0 0 0 14 3 23 15 5 24 25 0 21 13 16 20 0 7 0 17 18 0 0 10 11 0 
7 16 18 0 0 8 3 19 0 2 11 9 0 23 0 0 0 20 22 0 0 0 12 0 0 
0 2 6 0 23 11 0 17 0 13 8 22 0 12 19 0 25 21 16 24 20 0 0 3 0 
0 9 0 0 7 1 0 2 0 0 0 0 0 0 5 0 18 3 21 0 0 24 20 25 0 
0 5 1 13 0 14 0 0 0 11 0 7 0 25 12 20 0 23 15 22 0 2 0 0 0 
19 4 0 0 0 0 21 6 0 3 0 0 22 18 17 13 5 0 12 7 0 11 1 0 10 
21 3 0 10 11 5 7 20 12 15 0 4 23 0 0 0 0 0 0 19 0 6 0 0 18 
0 0 0 12 0 0 0 0 8 0 0 24 1 0 9 6 11 0 0 0 5 0 0 0 0 
3 12 0 0 0 0 14 0 0 4 0 0 0 0 0 0 20 0 5 0 9 10 2 0 0 
16 17 0 19 0 0 0 10 0 0 0 2 0 0 0 9 0 11 1 0 0 14 24 5 0 
0 13 0 0 0 0 25 0 0 16 5 14 10 1 11 0 24 2 0 0 0 18 6 8 17 
14 1 0 6 24 0 5 0 0 18 12 8 20 7 23 15 4 0 13 10 0 19 25 16 0 
10 11 7 18 5 13 1 3 2 24 17 15 0 0 0 16 0 0 0 0 0 0 21 0 20 
18 0 0 7 0 15 2 12 22 0 24 0 14 13 0 19 0 10 0 0 11 0 8 0 0 
0 21 13 24 0 20 9 23 0 5 6 11 0 15 0 22 0 8 4 16 10 3 19 0 14 
0 19 5 3 9 24 0 7 16 0 4 0 8 2 21 25 0 15 18 11 0 1 0 20 23 
4 23 0 15 0 18 0 11 0 8 9 1 0 19 0 0 17 0 0 0 25 0 5 2 24 
0 25 0 8 0 0 0 0 0 10 23 0 0 0 18 24 6 5 2 13 0 0 15 0 22 
