0 3 21 15 9 14 0 0 0 0 10 0 20 2 0 0 13 0 12 0 0 0 4 5 1 
12 0 0 0 14 6 0 0 0 16 1 0 0 0 0 5 21 24 0 0 9 0 0 10 3 
11 1 7 5 2 9 19 0 21 10 0 0 12 0 3 0 0 0 16 23 0 25 24 0 17 
19 10 0 18 4 5 2 11 7 20 17 24 8 16 0 15 22 0 0 0 0 21 0 13 12 
20 6 13 0 0 0 0 12 1 0 21 5 19 0 0 4 10 0 0 0 8 2 15 16 11 
25 0 8 11 18 0 9 2 17 0 22 0 15 1 7 3 0 13 0 0 0 10 0 0 16 
23 0 0 10 0 7 6 16 0 18 0 0 21 0 25 0 9 17 22 0 0 13 12 11 0 
0 2 0 6 0 11 12 0 0 25 5 0 0 18 0 0 7 0 0 0 0 17 0 24 20 
21 0 0 14 0 23 13 0 0 1 0 19 0 0 10 0 2 0 6 5 3 4 8 9 0 
17 4 20 0 0 24 10 19 5 8 11 13 9 0 14 0 0 1 18 0 23 0 25 0 0 
0 9 4 21 6 1 0 25 16 0 0 0 3 0 0 0 19 0 13 0 22 0 18 20 24 
18 15 0 0 19 0 7 0 0 5 4 17 0 20 11 0 0 0 21 9 12 0 13 1 2 
14 0 0 20 23 0 22 0 2 0 18 0 0 21 0 0 24 15 0 0 17 9 0 8 25 
22 0 0 0 25 0 0 0 20 9 0 23 14 19 12 0 4 0 5 16 0 3 0 7 0 
0 11 0 0 5 0 3 0 0 0 13 0 22 0 16 0 14 0 0 2 4 0 0 6 23 
0 0 23 25 0 10 17 9 0 13 20 0 0 24 18 22 0 21 15 6 0 1 0 12 0 
15 20 0 22 0 0 0 0 0 24 6 25 0 4 0 9 16 2 0 0 0 11 7 0 8 
24 0 0 0 12 0 0 7 0 23 0 14 1 22 0 0 18 5 3 0 10 16 17 0 9 
0 0 18 9 0 0 20 0 0 15 16 10 0 12 21 0 17 0 7 0 0 23 2 0 6 
0 0 19 2 11 18 0 0 0 0 9 3 0 0 8 0 12 4 0 10 0 24 22 21 0 
0 24 0 4 20 25 11 22 12 7 14 21 0 0 1 0 3 0 0 0 2 0 6 0 0 
0 0 0 0 0 20 0 23 9 14 0 0 4 0 24 0 6 10 0 22 0 8 11 17 0 
7 0 11 12 0 16 21 17 0 0 3 0 0 0 0 2 5 14 0 15 1 20 9 23 22 
9 23 14 0 17 19 0 5 6 2 0 22 10 0 0 0 1 0 4 0 24 12 0 0 0 
0 22 0 0 21 15 0 13 8 3 23 0 0 9 20 0 0 0 19 17 0 7 0 0 0 
