7 10 13 0 15 0 0 12 23 0 0 0 3 0 0 6 0 21 0 0 17 22 0 0 1 
4 8 0 21 14 0 0 0 19 0 18 5 0 23 1 20 9 10 24 0 12 2 11 0 0 
16 18 0 0 22 0 0 0 14 0 0 0 25 24 0 0 13 2 0 0 7 6 8 5 10 
17 5 0 0 24 0 0 0 6 0 0 13 0 10 0 14 25 1 18 0 0 4 15 23 19 
0 12 3 25 0 2 10 5 0 0 8 0 15 14 0 0 0 0 22 17 0 0 24 0 9 
0 0 11 0 12 7 21 10 0 14 0 0 0 0 0 13 0 0 6 4 0 25 0 0 0 
25 6 0 0 9 0 3 18 0 24 13 0 14 22 0 21 2 5 0 23 0 0 1 17 20 
0 0 0 14 0 5 0 0 0 17 0 24 8 7 25 9 0 22 20 0 6 10 0 2 13 
22 0 18 5 0 9 19 8 0 20 21 10 0 17 6 3 0 14 0 11 4 0 12 16 0 
20 0 0 0 2 0 4 13 22 23 16 0 9 5 15 10 19 0 0 7 0 0 0 24 14 
0 0 20 3 0 0 0 0 5 15 0 0 18 12 0 0 0 13 0 0 1 0 9 14 0 
0 24 7 0 10 1 0 20 4 0 0 15 16 0 0 8 14 0 0 0 0 0 5 12 6 
0 0 14 0 23 0 22 0 3 10 1 0 0 8 0 0 0 0 15 0 0 0 0 7 11 
18 0 0 0 5 0 13 6 7 25 0 0 24 3 0 22 16 0 17 2 0 19 23 0 0 
2 0 0 15 0 14 12 0 24 19 10 0 0 9 5 7 0 20 23 1 13 18 0 3 22 
8 0 15 16 0 0 14 3 0 9 0 18 0 0 0 0 0 19 0 0 0 23 17 6 0 
19 13 12 9 0 0 1 11 0 2 17 0 10 0 16 23 3 24 4 6 5 0 7 21 15 
10 0 0 0 17 0 25 19 21 0 0 0 0 15 3 0 22 0 11 20 0 8 0 0 4 
0 1 2 0 0 17 24 0 0 7 0 23 19 6 21 12 0 15 0 9 25 0 0 22 3 
5 4 22 0 0 0 15 23 8 0 0 1 13 0 0 18 0 0 0 21 0 0 16 19 12 
0 22 0 24 7 0 2 0 0 13 15 25 20 19 0 0 0 6 0 0 0 0 10 11 18 
11 0 21 13 1 0 0 0 15 0 23 2 17 18 0 19 7 0 5 24 0 0 6 0 25 
0 20 0 0 0 19 6 21 9 0 12 0 0 4 0 11 0 0 0 25 24 0 13 0 7 
9 2 0 0 4 0 5 0 10 0 6 0 11 21 7 15 8 0 13 0 14 0 19 0 17 
15 0 0 18 6 0 7 25 11 0 24 3 0 0 9 0 20 12 10 0 0 5 2 4 21 
