8 1 3 0 0 11 0 0 0 0 0 0 12 6 0 0 
6 0 0 14 0 5 0 12 9 0 0 0 15 16 0 0 
0 5 0 0 4 9 0 0 0 7 0 0 0 0 14 0 
9 0 2 13 0 16 0 0 0 14 0 0 0 0 4 5 
10 0 4 0 9 0 2 0 8 0 1 0 0 0 13 11 
0 7 0 0 5 0 0 0 11 9 13 0 2 0 16 6 
0 6 13 0 12 1 0 14 2 16 5 15 0 8 7 0 
12 0 5 8 13 3 16 0 0 0 0 14 0 1 0 0 
13 0 7 0 0 2 15 5 0 4 0 0 16 0 0 8 
0 14 0 0 6 13 11 9 3 0 0 0 0 0 12 7 
0 10 0 0 16 0 12 0 0 8 0 0 0 9 2 14 
5 16 9 0 0 0 0 10 0 0 11 2 13 0 0 4 
1 12 16 10 11 0 9 0 4 0 14 7 6 13 0 15 
4 0 11 0 0 0 0 16 0 5 9 12 3 2 0 0 
7 0 0 0 3 10 6 0 0 0 0 0 14 4 8 0 
3 13 0 0 15 12 0 4 0 1 8 0 0 0 11 0 
