0 24 6 2 4 22 3 0 0 17 23 5 20 16 0 18 0 0 11 19 0 8 0 0 14 
20 10 0 0 0 7 0 0 16 11 18 2 0 4 6 0 17 23 25 12 0 5 0 0 0 
0 17 0 7 12 0 10 23 14 18 0 0 11 15 0 0 21 0 0 0 4 2 9 0 6 
19 11 18 15 22 0 0 0 1 6 17 14 12 10 0 8 0 0 16 0 21 23 0 0 0 
21 14 13 23 25 8 0 0 19 2 0 0 22 0 9 5 0 0 4 10 0 0 0 18 17 
0 20 10 3 9 0 24 0 0 0 22 0 0 0 0 13 6 8 23 0 12 0 0 0 11 
25 0 0 8 0 0 0 0 2 0 16 0 0 0 24 17 0 12 0 5 9 13 15 14 0 
0 12 21 17 23 0 8 13 15 0 5 9 10 0 20 3 0 14 0 1 0 18 2 0 7 
14 2 1 0 5 12 0 3 0 22 0 4 0 13 0 0 0 7 15 11 8 0 10 0 0 
22 0 11 13 16 9 0 0 0 0 0 12 15 8 0 2 0 20 10 24 0 3 0 1 5 
11 0 12 4 20 0 0 0 0 0 9 10 19 0 0 0 0 0 0 8 0 15 0 23 0 
2 25 9 1 0 11 13 0 17 7 20 15 24 0 16 10 23 0 0 6 0 4 0 5 18 
23 7 15 21 0 0 9 0 12 0 1 0 3 0 18 19 0 0 0 0 0 11 14 8 0 
10 16 17 6 8 19 0 18 4 0 25 0 0 0 2 7 15 9 3 0 24 0 0 0 21 
24 0 22 0 0 10 0 0 3 20 4 0 0 6 23 0 11 0 14 0 7 0 0 2 9 
6 0 25 5 1 3 0 14 0 0 8 23 0 0 10 4 19 0 17 0 11 0 22 0 12 
17 0 0 0 0 15 0 0 22 0 11 0 25 0 0 16 3 0 18 0 23 0 5 0 8 
3 23 16 0 0 0 0 20 6 9 7 13 0 14 17 0 0 1 0 15 18 0 0 0 4 
18 0 0 0 2 0 0 11 24 0 12 19 0 21 3 6 0 22 0 7 15 0 0 25 13 
12 9 4 11 0 17 5 0 10 0 0 24 0 18 22 0 0 25 20 0 0 21 0 0 0 
0 0 20 25 0 23 0 0 0 0 10 17 0 0 12 21 14 4 0 18 5 0 0 15 0 
0 19 3 12 10 20 0 0 0 5 2 18 0 0 11 15 0 0 8 0 0 24 21 0 0 
5 21 24 18 15 0 0 17 8 10 0 16 7 22 0 0 9 0 13 0 2 0 0 11 1 
0 22 0 16 0 4 14 21 18 0 0 0 1 19 15 24 0 11 0 23 25 6 0 0 3 
0 4 0 14 0 0 0 0 11 0 0 21 9 0 0 0 0 0 7 0 0 0 0 13 10 
