0 23 0 17 0 24 19 0 8 7 0 0 5 0 0 10 15 0 13 0 0 9 0 1 0 
0 10 7 0 0 23 12 0 0 11 17 19 0 15 0 0 0 20 22 0 0 3 0 0 0 
0 18 15 0 19 21 22 5 1 9 13 25 0 24 0 3 0 16 11 0 10 0 6 8 0 
11 6 0 0 0 2 17 16 14 3 4 10 22 12 9 0 18 5 7 0 25 0 15 23 21 
0 5 24 16 0 6 10 0 0 18 7 0 23 0 0 0 0 0 14 0 13 0 0 19 0 
24 7 18 2 17 0 0 21 0 13 20 0 8 0 3 0 22 9 23 0 15 0 0 0 0 
0 20 6 13 10 14 11 8 15 23 0 0 24 16 22 12 0 0 0 19 9 0 0 7 0 
0 8 0 9 0 1 0 22 0 0 0 2 0 13 0 14 0 0 4 15 0 10 19 0 23 
15 0 0 11 0 0 9 6 0 20 0 21 10 0 25 0 13 0 16 0 0 12 14 0 0 
12 0 0 0 5 0 4 18 2 25 23 0 17 0 0 0 10 0 3 24 20 13 0 0 16 
21 3 13 0 20 15 0 24 16 22 0 7 19 25 1 11 0 10 0 0 5 17 12 0 6 
0 11 0 15 0 18 5 0 17 0 16 0 9 0 0 23 7 0 25 0 24 0 10 0 8 
10 0 0 0 24 0 21 0 0 0 3 0 18 0 13 0 6 17 0 14 1 11 0 2 15 
0 0 0 0 0 0 13 3 9 2 15 11 0 0 0 20 0 0 24 21 14 16 0 0 18 
25 0 0 0 16 8 7 0 6 0 2 24 0 0 0 0 0 0 15 0 19 21 20 3 0 
0 16 12 0 0 22 0 4 0 0 24 0 25 0 18 9 17 15 19 5 0 0 11 10 3 
0 0 0 0 0 0 18 19 0 0 0 0 0 0 0 24 14 3 21 0 0 1 0 17 0 
13 0 22 0 7 0 23 9 24 12 10 8 15 1 0 6 11 0 20 16 0 18 0 14 5 
18 0 19 0 11 20 0 2 13 5 0 0 0 0 7 0 1 23 10 4 8 15 16 12 24 
17 0 0 0 1 3 15 0 0 21 5 0 0 14 0 22 12 0 0 0 23 7 0 0 19 
20 24 2 4 0 5 0 0 22 0 0 9 0 10 0 0 0 11 6 25 0 23 1 0 0 
0 25 9 5 3 11 0 0 21 0 6 0 0 0 24 18 2 0 8 23 17 0 0 0 0 
7 13 0 0 0 0 8 0 19 0 25 17 11 0 0 0 16 12 5 20 6 2 21 18 0 
0 0 0 6 12 0 0 0 23 15 0 18 0 7 0 17 0 24 1 10 11 0 0 4 25 
8 17 11 10 0 0 0 7 18 6 19 23 1 2 0 4 0 0 0 22 0 20 0 0 12 
