7 16 0 0 6 0 0 0 1 14 0 0 0 0 12 5 
0 0 0 0 0 0 12 9 0 6 0 13 0 2 1 0 
0 10 1 0 14 15 0 0 0 3 0 5 4 7 0 0 
0 15 0 2 4 16 5 0 0 7 12 0 0 0 0 6 
6 11 0 16 0 1 3 12 0 8 0 0 0 0 0 7 
0 1 0 0 2 0 9 0 14 4 3 0 16 0 0 12 
0 3 8 7 5 10 0 16 11 15 0 12 2 0 0 0 
0 0 12 14 0 0 0 4 0 5 1 16 3 15 10 0 
16 0 7 0 0 4 15 13 0 2 0 8 6 11 14 0 
0 13 6 10 0 5 7 0 16 0 0 14 0 4 0 0 
0 0 0 0 16 8 1 11 12 0 0 0 0 0 0 9 
0 0 0 8 0 0 6 0 15 13 11 0 12 1 0 16 
14 0 10 0 0 0 8 5 13 0 0 0 1 0 6 0 
0 0 3 0 11 0 0 6 5 0 8 1 10 12 15 14 
1 0 5 0 3 14 0 2 0 0 15 10 0 0 7 0 
15 6 16 0 0 0 0 0 0 9 0 0 11 0 0 0 
