0 0 16 7 0 2 4 11 15 10 0 0 1 0 0 0 
13 10 0 0 0 0 0 0 0 0 2 5 0 11 0 0 
0 0 2 0 0 3 7 8 16 13 0 0 0 10 0 0 
0 15 11 1 5 0 10 0 0 7 0 6 4 8 0 13 
10 0 14 0 11 4 0 0 0 2 5 0 3 0 0 0 
0 0 0 2 15 0 8 3 0 1 0 0 0 4 7 14 
5 0 3 0 10 0 13 7 0 15 14 8 2 9 0 1 
11 0 6 8 1 0 12 0 0 0 0 3 15 5 10 0 
0 3 9 0 12 7 11 14 5 0 0 0 6 0 0 10 
14 0 0 0 0 8 16 0 1 6 11 10 9 0 0 5 
0 0 0 11 0 1 0 4 0 14 0 2 0 3 0 0 
0 0 0 5 0 10 0 0 9 0 16 12 0 0 14 11 
0 0 4 16 8 0 3 0 7 5 15 0 14 0 0 9 
15 0 0 9 0 0 0 1 0 0 0 4 5 12 8 0 
1 0 0 10 0 0 2 0 6 16 8 14 13 15 0 0 
0 0 0 6 0 0 14 5 0 0 0 0 10 16 0 0 
