12 0 16 0 0 0 15 1 4 0 13 0 0 0 8 5 
0 6 13 3 7 11 0 0 14 0 0 0 1 0 10 15 
0 0 0 0 4 0 5 0 0 8 15 7 0 0 12 14 
0 0 15 5 0 10 0 0 3 16 1 11 2 0 0 0 
0 0 0 6 0 0 16 7 9 0 0 4 8 13 14 0 
0 5 1 0 3 0 0 0 0 0 7 0 16 6 0 0 
7 12 0 0 0 0 0 10 16 1 3 0 5 0 0 0 
9 0 0 0 8 13 0 0 5 6 12 0 0 0 0 0 
6 0 0 0 0 0 0 0 0 12 14 0 7 5 16 0 
15 8 0 0 0 0 0 6 0 0 10 16 12 0 2 0 
5 0 3 0 16 12 7 14 0 0 8 9 0 0 0 13 
16 0 0 14 0 15 2 0 13 0 0 5 9 4 11 8 
0 2 0 0 0 7 0 0 10 13 0 0 0 8 5 16 
0 9 7 0 0 16 3 13 0 0 11 0 0 0 1 0 
0 0 0 0 15 9 0 0 0 14 16 1 10 3 0 2 
11 3 14 0 10 8 1 5 7 15 0 0 6 12 13 9 
