0 0 4 10 12 0 0 0 9 0 0 0 6 15 16 0 
0 0 0 0 0 0 4 10 0 7 0 14 0 0 8 0 
12 0 7 5 6 0 2 13 16 0 0 8 4 0 0 1 
0 15 11 0 0 9 8 5 13 0 0 6 0 2 14 7 
7 12 5 0 0 8 0 0 0 0 0 9 0 6 0 0 
6 0 15 8 0 10 0 14 11 3 16 7 12 0 0 0 
10 0 0 4 0 6 0 0 2 5 12 1 0 8 11 0 
0 0 0 0 13 5 0 0 15 0 6 0 0 7 0 0 
13 0 0 9 14 0 5 2 8 15 0 0 7 0 0 6 
0 10 0 6 8 0 0 11 4 0 5 0 0 0 15 16 
0 5 0 0 0 12 0 16 0 0 0 11 13 0 0 0 
0 4 2 12 0 15 0 0 3 13 0 16 0 10 5 8 
0 0 0 0 0 14 0 8 0 16 0 13 0 5 12 2 
5 2 3 0 11 0 10 6 0 0 0 15 1 16 0 0 
0 0 12 15 16 0 0 0 0 6 0 0 0 14 7 0 
8 0 13 16 0 2 0 9 0 1 10 3 15 0 0 11 
