0 0 2 15 0 0 0 0 1 6 0 0 0 13 0 0 
4 0 0 0 11 6 0 0 13 0 5 0 7 0 16 0 
13 0 0 7 12 9 10 0 14 0 3 11 0 2 0 0 
16 0 0 6 0 13 0 0 0 8 7 9 0 0 15 14 
0 2 0 1 16 0 13 3 0 0 15 0 10 0 0 11 
0 10 6 13 0 11 0 12 0 14 4 0 1 0 7 2 
9 7 16 0 1 0 0 0 5 0 0 0 0 3 14 12 
0 4 3 12 5 14 0 0 7 0 0 10 9 0 0 0 
0 0 9 0 10 1 0 6 0 0 13 0 16 0 8 7 
0 0 10 5 0 0 11 8 0 0 9 0 2 14 3 4 
3 0 1 0 4 12 0 7 11 10 0 0 0 6 9 13 
11 13 4 0 0 3 16 14 0 7 8 0 0 0 10 1 
0 0 13 0 0 0 12 0 2 0 0 0 0 0 11 0 
10 12 0 0 6 0 0 13 0 0 11 14 15 7 4 0 
0 0 15 9 0 0 7 0 8 0 16 13 6 0 12 5 
0 0 0 0 14 0 0 0 15 3 0 0 0 0 2 0 
