4 7 0 0 20 16 19 0 1 0 0 2 0 22 3 17 15 6 0 5 0 14 25 0 23 
0 11 22 0 1 0 25 17 18 14 8 20 0 24 0 19 0 0 7 0 0 3 4 0 0 
0 0 0 0 0 0 0 4 15 8 0 0 5 0 0 2 0 18 20 0 0 7 0 19 24 
18 0 0 5 25 13 0 0 0 0 4 0 0 0 23 3 0 24 0 0 6 21 12 20 11 
19 0 23 24 0 20 10 5 3 21 13 0 1 0 0 12 25 4 0 0 16 0 0 0 17 
14 0 0 4 0 0 2 0 0 3 0 12 0 0 5 15 22 11 13 0 0 20 8 18 19 
5 9 11 0 21 24 15 0 0 0 0 25 8 0 0 0 18 0 0 2 14 12 3 0 0 
0 25 0 0 0 0 22 0 7 18 0 24 16 0 0 5 23 0 12 19 0 13 0 21 9 
17 0 0 0 7 0 0 23 0 12 0 0 3 1 19 0 0 10 4 20 0 2 0 0 0 
15 10 12 19 16 0 0 13 0 25 0 18 0 0 14 0 0 1 9 0 0 4 0 7 6 
8 14 2 21 15 0 0 0 0 13 1 23 4 0 22 20 5 19 0 16 0 0 6 0 18 
0 18 19 0 11 0 0 8 21 0 20 5 13 25 2 0 4 0 0 9 12 0 16 14 0 
7 0 3 0 0 14 24 0 0 5 0 11 0 0 16 0 6 0 0 0 4 1 21 23 0 
12 23 10 0 0 22 0 18 25 0 6 0 9 15 24 13 1 14 0 0 19 5 7 0 8 
25 0 5 20 0 19 0 0 0 4 21 14 12 7 8 0 17 0 0 11 3 0 10 2 0 
0 0 13 1 0 0 0 20 10 0 3 15 14 0 0 11 0 25 18 7 21 22 0 0 0 
0 0 4 0 3 7 0 19 8 0 5 13 0 16 0 1 0 0 14 0 0 23 0 0 15 
10 15 18 8 0 0 1 3 14 0 0 9 0 2 0 0 21 0 0 0 7 24 20 0 0 
11 19 14 0 9 15 18 21 12 0 0 22 0 0 7 4 2 13 23 0 10 6 0 0 3 
20 0 7 6 17 25 13 24 5 9 0 0 21 23 18 0 0 22 15 3 11 8 0 0 2 
22 0 15 0 0 18 12 0 19 0 0 0 20 0 0 0 10 21 5 4 0 11 1 0 0 
1 0 0 0 10 0 0 2 0 7 14 0 0 0 9 0 0 20 11 15 0 0 0 22 5 
21 0 24 11 0 0 0 1 0 10 0 17 0 5 0 9 0 2 6 18 0 16 0 12 0 
0 20 0 7 18 0 14 9 24 15 11 4 0 12 0 0 0 0 17 23 8 10 0 6 21 
9 2 25 14 0 0 0 22 0 11 18 6 0 0 0 0 0 0 1 0 20 0 15 0 4 
