0 0 0 8 0 16 13 25 5 9 0 0 0 0 18 12 6 7 14 1 19 15 21 0 17 
1 21 14 10 18 24 0 0 6 0 0 7 0 17 19 9 20 0 0 0 13 0 0 0 0 
17 0 7 11 0 0 1 0 20 10 0 0 0 0 0 15 0 23 21 0 0 0 0 0 0 
0 25 0 13 0 0 0 14 3 17 4 21 6 0 0 0 0 24 18 19 11 23 1 7 2 
3 0 0 16 20 19 0 0 0 4 0 9 0 8 0 17 13 2 11 22 0 0 18 24 12 
0 16 0 15 3 25 14 0 0 6 0 11 18 20 0 8 0 0 0 2 7 0 5 1 10 
5 7 0 0 0 0 19 8 18 16 24 25 13 22 0 1 0 0 6 0 23 11 3 0 0 
13 0 0 18 0 11 9 23 12 2 16 3 0 1 0 0 0 4 24 14 21 17 8 0 0 
23 0 1 0 0 0 0 22 0 5 0 6 0 19 7 10 0 0 0 0 0 0 0 25 13 
24 0 6 25 9 0 4 7 0 1 17 8 0 0 2 19 5 18 0 0 22 0 0 0 0 
0 0 0 0 0 0 5 0 1 3 14 0 0 2 11 4 24 6 15 7 17 0 16 10 22 
0 0 20 4 0 0 0 16 14 7 22 0 5 0 0 0 8 10 19 21 24 25 0 18 11 
21 23 0 0 0 6 0 24 8 12 0 0 3 7 0 11 0 0 0 16 0 0 4 15 14 
6 15 0 0 14 13 23 10 4 0 20 0 17 0 16 18 2 0 0 0 5 19 7 0 8 
0 0 0 0 11 15 0 19 0 25 8 4 9 24 0 0 1 0 23 5 2 21 6 0 20 
14 0 0 0 0 0 0 0 25 15 3 16 24 0 17 22 0 0 9 10 12 0 0 0 7 
0 22 0 1 6 7 0 12 10 19 11 14 0 0 0 21 25 0 0 0 9 0 15 0 24 
10 9 0 21 0 0 16 0 0 18 0 2 22 25 1 0 23 12 0 0 6 0 20 5 19 
0 0 0 24 0 0 0 0 23 0 0 0 0 10 15 6 4 0 0 20 0 0 0 0 0 
0 0 0 19 0 0 3 0 17 24 0 13 0 0 12 0 0 0 0 15 0 0 0 21 0 
0 0 9 3 24 0 7 4 15 14 0 23 0 16 22 5 19 13 10 0 20 2 17 11 21 
20 1 13 23 16 0 12 0 9 22 0 0 10 0 21 2 14 11 0 25 15 0 24 6 0 
0 2 10 6 0 18 0 11 0 21 0 20 0 14 9 0 0 15 4 17 3 0 0 12 0 
0 17 4 7 21 5 0 6 2 13 18 15 8 0 0 0 0 0 1 3 0 10 19 14 0 
0 0 0 5 19 0 0 0 16 0 13 0 0 0 3 0 0 8 0 18 4 7 25 0 0 
