0 0 4 11 0 3 0 0 0 0 7 0 16 10 24 12 19 0 0 13 0 0 0 20 0 
6 0 10 22 16 1 0 17 0 0 19 3 0 25 0 4 0 0 20 0 8 0 12 13 24 
0 0 8 2 0 19 0 0 5 0 12 20 13 21 14 0 0 17 0 0 0 6 0 0 1 
1 14 18 0 3 12 20 0 7 0 22 5 0 23 2 25 15 11 6 10 0 16 17 0 9 
0 25 13 0 20 21 24 22 9 0 4 18 15 0 6 7 0 16 8 1 0 10 11 3 5 
0 11 17 5 0 0 0 0 0 0 16 0 23 7 0 20 0 15 21 9 1 0 2 24 3 
0 7 0 0 12 23 22 0 16 14 0 4 0 0 13 8 0 0 11 19 18 0 21 0 0 
0 0 20 18 8 0 0 0 4 0 25 12 0 1 0 13 17 0 0 0 16 22 0 10 23 
21 22 1 23 14 0 9 0 10 0 11 24 0 0 0 16 12 0 0 5 13 4 7 6 8 
0 0 6 0 0 5 2 0 0 7 18 21 0 0 0 0 4 22 14 23 12 17 0 19 0 
0 10 0 0 6 0 0 0 15 16 8 0 0 20 7 22 21 0 0 14 0 19 0 18 12 
8 0 19 12 18 0 4 3 17 9 0 14 21 0 22 0 0 0 0 0 23 11 20 0 0 
0 0 5 20 0 10 0 0 0 0 0 0 18 0 0 0 0 0 12 11 0 9 0 7 4 
9 1 2 21 22 0 0 5 0 19 0 0 11 4 0 18 0 13 0 20 24 15 0 8 0 
16 13 0 0 0 0 0 0 0 0 0 0 1 0 25 9 8 0 0 0 0 0 5 0 21 
11 0 0 15 7 0 0 9 13 0 20 0 0 0 10 0 6 19 0 0 0 23 4 0 2 
0 0 0 1 0 0 21 10 2 25 9 7 0 16 0 5 0 14 0 0 0 0 0 0 0 
0 9 21 13 0 15 7 0 22 0 6 0 0 18 23 3 0 4 24 17 0 0 19 0 16 
0 20 0 16 17 0 0 19 11 24 21 0 22 0 1 0 18 0 0 25 0 0 0 15 13 
0 0 14 0 0 17 8 23 0 0 13 0 3 0 0 21 20 12 2 16 22 5 25 9 7 
19 12 0 0 0 9 15 6 21 4 10 0 0 3 18 11 7 23 16 0 0 0 0 0 20 
18 21 16 8 0 22 17 0 3 5 1 0 0 0 0 0 0 25 15 2 0 0 0 23 0 
20 4 0 7 5 0 16 0 0 0 0 15 0 11 9 6 0 21 1 22 0 25 0 0 19 
3 2 0 0 10 11 0 1 25 12 14 23 0 0 0 0 0 20 4 18 0 0 24 16 22 
25 17 0 9 1 18 23 7 20 2 5 16 0 22 19 0 0 8 0 0 0 21 0 4 15 
