16 0 9 15 0 0 0 8 14 0 0 0 2 0 7 24 23 4 22 0 0 10 19 0 0 
0 0 0 6 0 18 0 4 0 0 0 0 0 0 0 11 10 13 16 7 8 9 0 1 0 
4 19 0 0 18 0 0 0 10 0 21 11 0 16 12 0 0 0 0 25 6 0 7 22 0 
0 11 0 13 0 0 0 0 0 17 9 18 0 0 10 0 21 5 0 0 2 25 0 0 0 
0 7 21 0 10 0 0 0 0 25 0 24 8 0 0 18 1 9 3 19 14 16 15 0 0 
9 2 0 18 0 0 21 15 0 16 0 0 20 5 0 22 0 0 4 24 0 0 0 0 8 
11 23 0 5 19 22 8 14 0 20 13 0 16 15 0 21 12 3 9 1 0 17 2 7 0 
0 13 0 4 0 6 7 0 0 1 8 0 0 11 0 19 16 14 0 0 0 3 0 0 0 
0 12 24 7 0 2 0 0 13 3 1 21 0 0 23 0 0 20 0 11 0 19 25 0 14 
21 0 0 20 8 23 0 11 4 19 0 25 0 24 14 0 0 15 7 0 0 18 9 0 0 
0 5 0 25 21 4 11 0 3 18 15 13 12 14 0 9 24 6 0 10 0 22 0 0 7 
0 22 12 14 7 21 25 0 0 0 16 20 0 8 0 0 18 17 0 0 11 0 4 3 10 
10 0 0 17 0 7 14 0 0 22 2 23 0 21 24 0 4 16 20 0 25 1 6 0 9 
20 16 19 0 0 0 17 0 0 0 10 22 3 0 0 1 7 0 0 0 0 0 12 0 23 
3 0 0 0 23 0 0 20 15 10 4 17 0 0 1 25 14 0 19 0 5 0 21 0 0 
0 0 6 0 0 25 0 22 0 0 19 8 10 20 0 7 9 21 11 5 0 0 13 14 0 
7 0 0 0 0 0 6 0 23 0 17 0 21 25 5 16 0 19 24 12 0 8 0 2 0 
14 20 0 1 0 12 0 0 21 0 3 0 0 0 15 0 2 10 13 18 0 0 11 25 5 
0 21 0 8 25 10 4 7 5 0 11 9 0 1 0 0 3 23 0 14 16 12 22 24 15 
13 0 5 16 22 14 0 0 0 0 18 0 24 23 2 6 0 8 0 0 7 0 10 0 0 
0 9 0 0 3 0 1 0 0 0 20 0 23 0 0 14 0 0 8 21 13 0 16 10 2 
0 0 16 19 0 0 0 0 17 0 0 7 0 0 13 12 0 22 25 9 0 5 1 6 21 
0 0 0 21 6 0 5 0 0 0 0 1 0 10 8 0 0 0 2 0 20 11 17 9 0 
25 4 0 11 2 8 23 0 0 14 0 5 15 9 0 3 0 1 10 17 24 7 18 12 19 
0 1 20 0 5 13 0 10 9 11 0 0 17 2 21 23 19 0 0 16 3 15 0 0 25 
