0 0 24 19 0 0 23 0 3 0 7 0 0 0 0 12 15 0 0 16 0 0 0 0 0 
14 0 11 0 2 0 0 0 0 4 18 24 12 6 3 5 25 9 17 7 0 13 23 19 0 
13 0 16 12 10 0 18 14 1 0 5 0 11 9 0 0 20 2 0 6 4 0 22 0 3 
0 0 0 8 7 0 20 0 0 0 21 23 0 0 2 10 13 1 0 0 17 0 0 18 0 
25 23 0 17 0 8 2 0 7 11 1 10 0 13 0 14 19 3 18 0 24 12 20 0 5 
0 0 0 0 15 0 0 0 0 16 12 0 0 18 9 19 0 0 6 0 0 24 0 0 0 
16 0 23 13 0 0 8 19 0 0 3 1 0 14 22 0 0 0 0 0 6 0 7 0 12 
12 0 22 0 0 14 21 0 4 13 24 20 23 0 5 0 0 0 25 18 0 19 15 17 9 
0 0 0 0 8 0 0 23 17 20 6 0 15 0 13 16 1 14 12 3 5 0 0 22 18 
0 0 14 0 0 3 0 24 6 0 0 17 19 21 25 23 22 15 0 9 0 8 0 0 0 
6 0 0 0 12 11 0 8 0 15 0 0 14 22 20 2 18 0 0 21 0 1 10 0 0 
1 0 20 0 16 0 0 21 0 0 0 0 0 17 0 25 0 19 10 8 0 0 0 0 2 
9 8 0 21 4 0 0 2 0 0 19 16 0 7 10 24 3 23 0 12 0 0 18 5 25 
0 22 0 14 13 23 0 0 0 0 4 0 5 0 0 1 7 0 20 15 0 9 0 0 21 
24 18 10 23 5 0 1 0 0 7 8 0 2 0 21 0 0 0 0 11 19 17 0 0 15 
8 0 0 0 24 0 15 16 0 0 11 0 13 0 0 0 12 25 0 23 9 18 17 0 0 
11 10 0 3 14 21 17 0 0 0 20 15 4 2 6 9 0 13 19 24 12 5 8 25 7 
2 0 0 9 25 0 10 11 0 3 16 19 18 0 7 0 0 0 0 0 0 0 1 4 24 
23 16 19 0 0 0 4 0 25 8 0 0 21 0 0 0 11 22 0 1 14 10 0 0 13 
15 21 7 22 0 12 6 0 0 24 0 5 3 1 0 0 0 10 0 14 20 0 19 0 23 
7 17 3 0 0 6 16 12 0 0 14 0 9 4 0 22 0 0 13 10 2 23 5 24 19 
0 0 0 0 0 22 3 0 8 25 0 11 0 0 1 6 24 16 9 17 18 15 0 0 0 
20 0 8 16 0 18 14 17 0 9 22 0 0 3 24 0 0 12 5 0 25 7 0 0 11 
10 0 6 0 1 0 7 15 0 19 23 12 20 0 17 0 0 18 0 0 0 16 13 0 0 
22 25 9 0 19 5 24 13 11 23 0 0 0 8 18 4 2 0 0 0 0 6 0 0 17 
