9 0 0 0 0 0 0 0 0 0 0 0 16 0 13 12 
0 0 3 0 0 8 0 0 10 0 0 15 0 11 5 2 
1 15 10 2 0 5 11 0 14 0 8 13 0 0 0 6 
5 4 16 0 15 0 6 0 7 12 9 0 14 8 10 3 
2 16 11 4 13 0 0 8 1 0 7 0 15 0 12 10 
8 6 1 0 0 9 0 15 0 0 0 0 0 0 11 14 
0 3 0 7 12 0 0 10 0 0 11 0 0 0 0 0 
0 5 14 0 0 1 4 6 3 0 2 0 0 0 8 0 
11 0 0 0 3 7 10 0 0 14 0 0 0 12 0 13 
6 2 0 0 1 12 0 14 11 0 0 10 0 0 3 0 
14 0 0 0 0 0 8 0 0 0 3 0 0 2 16 7 
7 0 0 3 0 0 0 0 16 13 0 0 0 0 14 0 
0 13 0 10 7 0 2 9 8 11 0 3 12 14 0 0 
12 11 6 0 14 0 1 0 15 0 0 4 3 0 7 8 
16 1 0 0 0 0 12 3 5 0 14 0 0 13 0 9 
0 0 2 8 0 0 0 4 0 0 12 7 11 0 6 5 
