18 0 0 0 2 0 4 0 19 21 0 0 0 15 0 1 23 0 0 5 0 10 25 0 11 
0 7 19 0 11 23 5 8 0 0 14 0 0 10 0 6 12 13 0 17 0 0 0 0 20 
14 21 0 0 0 17 7 0 0 0 1 0 0 5 23 0 15 0 11 20 0 0 0 0 0 
0 0 0 22 0 9 0 6 0 0 0 0 0 0 13 10 0 21 0 25 0 23 7 0 19 
24 0 6 0 23 25 0 0 3 22 0 20 19 4 0 0 8 16 18 7 12 0 0 13 0 
12 0 0 11 0 20 0 0 0 14 19 16 0 13 6 25 0 22 0 0 0 8 5 0 0 
19 24 0 0 14 22 17 11 0 23 0 0 5 12 10 2 0 9 0 13 4 0 0 0 0 
10 22 4 3 9 0 6 13 8 0 0 0 23 7 0 11 16 0 0 12 19 15 20 25 0 
13 0 7 8 0 16 0 0 0 5 17 0 0 0 0 20 0 4 21 6 22 0 0 0 18 
0 17 0 16 0 4 3 2 0 19 15 24 1 0 0 14 18 8 7 0 11 0 0 9 12 
6 4 11 0 0 19 0 5 14 0 0 0 8 0 24 0 0 20 0 2 3 25 17 18 21 
20 14 0 1 0 6 9 16 11 0 0 5 13 2 0 18 0 17 23 0 15 0 12 4 0 
0 25 2 0 0 0 12 0 20 3 22 23 14 17 1 0 9 11 8 4 0 5 0 0 7 
0 3 0 0 18 13 0 0 24 25 0 19 0 6 0 0 21 0 0 10 14 1 0 11 8 
21 0 17 0 22 8 1 4 0 2 0 15 7 25 18 13 0 14 3 19 0 0 0 0 0 
23 0 24 14 5 10 11 0 22 0 0 0 0 1 0 21 0 0 16 0 25 20 9 0 4 
7 6 3 0 12 1 8 0 9 4 0 13 0 0 0 0 0 0 25 11 0 0 18 0 0 
0 0 0 0 4 14 25 0 5 0 9 0 0 22 0 0 7 0 0 18 23 0 15 1 16 
11 0 22 9 0 0 13 0 6 18 8 25 0 0 2 23 14 0 0 0 0 21 0 0 0 
1 20 15 21 0 0 16 0 2 0 0 14 0 0 0 17 0 0 0 9 10 12 0 22 0 
0 11 1 19 20 5 14 22 16 10 0 0 17 23 0 4 0 0 0 0 7 0 21 0 25 
22 12 0 0 21 3 15 25 17 0 5 10 9 0 7 0 0 1 13 14 0 4 11 0 24 
0 10 0 0 0 2 19 24 0 20 0 4 0 0 15 12 11 23 0 21 0 3 1 17 0 
3 15 0 6 0 0 18 1 4 0 0 2 11 0 0 7 0 19 9 0 0 0 13 23 10 
8 13 5 0 17 11 21 7 0 9 0 0 0 18 12 3 2 25 0 22 20 6 19 0 0 
