0 1 5 0 23 2 19 4 16 14 0 15 13 0 6 8 0 0 11 0 22 24 18 0 20 
0 10 25 0 0 5 0 1 8 0 0 18 0 0 7 13 3 16 0 0 23 15 0 0 6 
0 0 20 0 0 25 0 0 7 0 23 1 0 0 19 15 0 6 18 5 10 13 11 8 16 
0 0 0 0 0 9 15 3 23 10 0 17 0 5 16 20 21 0 1 19 0 7 0 0 0 
14 17 7 16 15 11 20 13 18 0 0 8 10 22 21 0 24 12 2 0 0 19 1 0 9 
7 0 0 0 0 3 4 15 0 18 12 0 0 13 0 25 14 0 19 0 0 0 21 0 0 
0 15 4 14 12 24 0 0 0 0 0 0 17 0 0 1 2 21 0 18 0 6 0 0 3 
5 11 0 2 0 10 9 0 17 0 7 0 21 0 0 4 22 13 6 24 15 0 14 0 12 
0 18 24 0 0 21 13 0 0 0 6 0 1 23 0 10 0 15 0 3 7 0 2 0 5 
20 3 0 10 21 1 14 6 0 0 16 2 15 24 4 0 23 0 5 0 13 0 0 0 0 
0 0 14 15 0 0 0 18 13 0 17 0 2 6 24 0 0 0 0 0 8 12 0 9 0 
6 23 10 0 0 7 0 0 0 3 8 0 19 0 0 9 18 0 22 12 21 16 24 1 14 
0 24 9 7 0 15 8 12 10 0 22 0 0 16 0 0 0 23 14 0 25 20 0 0 2 
0 4 19 17 8 0 22 24 0 20 0 10 0 0 0 2 5 0 21 16 0 0 13 0 0 
0 0 0 13 0 4 23 11 0 2 0 14 3 0 1 19 25 0 8 0 6 0 0 10 0 
0 25 0 23 0 0 2 10 24 0 0 0 22 0 0 14 20 19 0 21 0 4 0 0 11 
2 5 1 9 0 0 25 22 0 19 10 0 4 0 15 0 0 0 24 13 14 21 0 12 8 
0 13 0 22 0 12 3 0 0 4 0 7 0 0 0 0 1 8 0 0 0 0 20 0 19 
8 14 0 0 6 13 18 0 21 0 19 23 24 0 0 0 10 0 12 22 0 25 15 5 0 
19 0 0 0 4 17 5 16 0 0 0 0 8 1 20 18 15 2 0 0 24 10 0 22 13 
0 8 0 3 0 0 24 0 0 15 2 25 0 10 0 12 19 18 7 0 1 0 16 20 21 
24 19 15 18 0 20 10 0 0 17 0 11 14 12 0 0 0 3 13 0 4 9 8 6 0 
0 0 17 5 0 0 6 0 0 9 0 3 7 20 0 24 11 14 0 0 0 2 25 13 18 
23 0 0 1 14 0 0 0 0 0 21 0 16 0 0 0 0 25 0 4 11 0 10 0 0 
12 9 2 0 0 0 0 0 3 0 1 24 18 0 0 0 6 5 10 0 19 14 0 0 0 
