0 3 20 0 0 23 0 22 11 0 6 18 0 0 2 0 0 0 25 4 0 7 0 10 17 
0 15 13 0 0 0 24 0 10 0 0 25 20 7 0 6 0 9 5 1 12 8 22 0 23 
5 0 10 22 7 12 2 6 0 8 4 1 9 13 0 0 15 0 3 17 0 20 24 0 0 
0 4 12 25 0 20 19 0 0 0 23 21 0 0 14 16 8 0 0 0 2 0 0 3 5 
1 0 14 6 24 0 25 0 21 0 8 0 0 0 10 12 19 0 2 0 13 0 4 0 18 
0 22 18 11 0 0 21 7 0 0 25 0 23 1 16 14 0 17 0 0 9 15 0 0 0 
0 5 0 0 19 0 0 1 16 0 18 0 0 21 0 10 0 12 20 0 22 14 25 23 13 
0 1 9 0 3 17 0 0 15 4 0 0 7 0 20 0 0 5 16 0 0 12 18 21 0 
6 14 0 0 13 22 0 20 23 19 12 0 17 3 5 0 0 15 24 0 0 0 7 1 11 
7 21 0 0 0 0 0 24 5 0 9 0 0 19 0 23 13 0 18 0 4 17 3 16 0 
0 20 0 5 0 0 0 0 0 0 22 0 10 9 0 7 0 0 12 13 0 0 0 11 0 
3 0 6 1 9 13 0 0 0 10 0 23 0 25 4 19 5 14 11 20 0 0 17 18 8 
11 16 19 13 25 0 23 18 24 0 21 0 14 0 0 0 0 0 6 10 3 0 9 0 0 
12 0 0 14 22 19 20 0 17 0 0 0 0 0 7 18 0 21 0 15 0 24 0 0 0 
0 24 0 4 0 0 15 8 6 0 19 12 1 17 3 0 0 2 23 25 0 22 0 20 0 
0 10 24 0 0 15 7 0 22 25 0 17 0 23 0 21 0 4 19 6 0 3 2 0 14 
0 0 23 20 0 1 0 0 18 11 2 0 5 10 25 0 0 0 0 24 17 13 0 6 0 
13 6 0 0 0 24 0 0 8 21 1 0 3 0 0 17 2 10 9 14 0 25 0 0 15 
15 0 0 8 17 0 6 10 0 0 14 19 4 11 21 0 23 25 13 0 1 18 12 0 0 
14 0 0 3 21 0 17 0 19 0 24 15 16 8 6 22 20 0 0 18 23 9 10 5 0 
22 0 7 10 6 14 0 0 0 0 15 9 19 0 0 1 18 0 0 0 24 0 11 0 3 
0 11 8 16 2 0 12 0 7 0 5 14 25 0 17 3 0 0 15 9 0 1 20 13 10 
0 0 0 9 23 0 0 3 0 0 0 0 8 2 24 0 0 0 0 0 0 5 0 22 21 
24 18 0 17 0 10 9 0 0 23 0 0 21 0 0 2 0 0 22 5 0 19 8 0 0 
0 12 5 0 0 0 0 16 2 22 3 0 0 0 13 24 0 0 0 7 25 0 0 17 9 
