18 4 0 1 16 0 19 0 0 13 23 0 9 10 7 0 3 0 0 11 0 12 0 0 22 
15 22 0 25 0 7 0 2 12 3 16 11 4 0 13 6 9 19 17 0 24 1 18 0 0 
0 0 11 3 0 22 23 14 0 16 21 19 24 0 18 0 0 0 0 0 9 0 6 0 15 
12 6 19 0 7 9 21 17 15 0 0 20 0 0 1 23 0 0 25 0 0 0 0 13 10 
14 9 21 0 2 1 8 10 25 18 12 0 0 3 6 4 13 16 0 0 11 0 17 5 0 
0 0 0 4 8 10 24 11 19 0 0 0 0 0 0 5 0 0 18 25 17 22 7 3 20 
0 0 0 10 24 14 5 12 0 0 17 8 20 0 0 0 0 1 0 3 0 0 19 9 0 
16 17 20 0 14 18 0 0 0 1 0 0 0 7 4 15 0 0 0 21 0 0 0 2 0 
5 19 6 0 0 8 9 7 0 0 13 3 25 18 0 0 17 2 20 22 10 23 0 0 0 
0 0 12 2 0 0 0 0 17 0 0 24 1 5 11 19 6 0 0 0 18 0 15 16 14 
11 18 7 5 0 21 0 0 0 0 3 17 12 15 2 0 0 0 22 0 0 19 9 10 0 
0 0 0 0 3 12 0 19 0 0 11 7 5 0 0 8 1 15 21 0 14 0 0 18 13 
0 0 0 21 0 0 3 0 0 0 0 0 23 9 0 0 10 0 5 0 2 24 25 0 0 
25 23 0 6 22 0 14 24 9 0 18 0 0 0 0 17 7 0 0 19 21 15 0 0 3 
17 10 14 0 1 13 18 15 0 6 0 21 0 19 24 0 12 0 9 2 0 4 0 8 7 
0 12 3 0 25 19 17 13 0 24 0 0 0 23 20 0 0 0 14 4 7 0 0 0 0 
24 2 16 8 0 0 1 0 11 9 6 14 21 0 17 0 25 0 0 18 0 13 4 19 12 
0 0 0 18 17 3 0 0 0 7 10 0 0 12 19 1 15 0 0 5 0 2 23 0 11 
0 0 0 19 0 0 0 6 0 14 25 13 7 0 3 2 11 8 23 0 22 9 0 1 16 
21 0 0 0 0 16 10 4 0 20 15 18 11 1 5 12 19 0 0 9 0 0 0 0 0 
0 1 0 0 6 0 0 22 3 10 0 12 18 25 16 0 4 17 19 13 15 0 20 0 5 
0 0 25 12 18 0 0 0 0 0 4 0 14 0 0 0 0 10 0 0 23 0 13 0 0 
22 11 13 7 0 0 0 0 5 8 0 0 0 0 0 0 0 0 2 0 0 10 0 0 0 
20 16 15 9 21 0 6 18 13 0 24 0 17 11 22 25 5 3 1 0 19 14 8 12 0 
10 5 0 0 4 20 0 0 0 0 0 15 19 0 0 0 8 23 6 16 25 0 3 11 0 
