2 18 0 25 0 0 0 3 0 9 12 0 14 11 0 1 7 0 24 22 4 13 16 0 8 
0 0 21 22 7 8 23 0 0 17 20 13 1 0 0 0 0 12 16 15 0 0 11 14 0 
4 3 1 23 12 11 16 5 19 22 0 7 10 6 0 0 0 0 0 13 0 0 0 15 0 
16 0 8 5 14 0 0 18 13 0 17 15 22 0 9 19 6 23 0 4 25 0 0 12 0 
0 15 0 0 17 1 24 14 0 0 8 0 0 0 4 18 11 0 0 0 22 23 0 19 0 
20 0 0 7 15 0 6 0 0 1 0 5 2 25 18 0 19 0 23 14 9 0 22 0 11 
0 0 9 3 13 19 15 10 17 0 0 16 4 24 0 20 12 0 2 5 0 0 0 7 0 
21 0 0 10 5 0 25 22 11 0 0 0 9 0 23 0 0 7 6 0 0 0 19 17 0 
23 0 22 24 16 0 0 2 0 0 19 17 8 0 6 21 9 4 0 25 15 14 10 0 0 
0 0 11 19 18 9 0 0 7 0 0 0 0 0 0 0 0 0 0 0 6 0 23 4 2 
5 0 0 4 0 0 0 7 21 2 0 22 0 14 0 0 0 19 9 16 0 3 1 0 17 
17 0 0 15 0 5 0 6 3 0 25 9 0 20 0 11 14 2 21 0 0 19 8 16 23 
0 0 23 8 0 16 0 0 22 0 15 0 24 0 3 17 5 0 0 12 0 6 0 20 0 
1 0 14 0 9 20 10 25 24 13 6 0 19 17 21 0 4 8 0 23 7 22 0 11 0 
3 7 0 0 21 0 0 0 23 0 0 0 5 0 16 22 20 0 0 0 0 9 0 10 25 
8 0 5 0 10 0 0 12 6 0 16 0 0 0 7 0 0 0 0 0 3 25 0 1 22 
18 21 0 1 0 25 0 20 14 0 0 0 12 22 0 0 17 0 0 6 11 0 9 2 15 
12 0 0 0 22 3 0 0 9 8 0 21 0 2 0 4 0 10 20 7 0 17 24 0 0 
0 20 0 17 0 21 19 1 2 0 0 0 6 4 25 0 22 0 0 8 0 0 12 23 14 
0 19 25 0 11 0 22 16 18 0 9 24 0 15 0 23 1 14 0 0 0 4 5 0 0 
11 23 12 14 8 0 0 0 4 19 0 10 0 0 22 0 0 15 17 9 0 0 0 25 0 
24 9 0 16 2 0 3 13 1 21 11 0 0 12 0 5 10 25 8 0 17 0 0 0 19 
10 5 0 18 0 0 0 17 0 0 0 6 15 0 24 0 0 22 0 0 0 0 14 0 0 
0 25 3 20 0 7 12 15 5 16 13 8 0 0 17 0 23 24 14 11 1 0 0 0 21 
15 0 17 0 6 22 0 0 0 11 7 3 25 0 20 12 0 18 19 0 23 0 0 8 0 
