0 0 0 23 11 21 2 0 17 9 12 18 0 15 16 0 0 0 0 0 0 1 0 14 0 
19 9 7 15 14 0 0 8 13 0 10 0 11 6 0 24 1 12 23 22 3 4 2 18 0 
3 0 17 0 16 4 0 14 0 23 25 24 1 20 19 0 0 10 13 15 12 0 8 0 9 
8 24 10 18 0 0 0 0 0 0 21 0 0 4 0 14 11 5 0 2 16 17 0 19 0 
21 1 12 20 0 19 5 10 11 0 0 14 8 0 0 0 4 0 16 18 0 23 0 25 0 
0 20 18 24 1 9 0 5 16 2 0 13 0 0 0 0 3 7 0 25 0 0 4 6 15 
22 19 3 21 0 14 6 4 7 0 0 0 0 25 9 0 24 20 10 0 1 5 0 0 0 
17 0 6 14 2 10 23 13 0 19 5 3 7 11 15 8 9 0 0 0 0 24 0 20 25 
0 25 0 10 8 0 12 0 24 11 6 0 0 17 0 5 0 0 18 21 0 3 0 7 0 
7 0 0 0 0 1 15 3 0 18 24 20 0 0 8 0 0 0 0 12 10 21 14 17 16 
0 5 0 0 0 0 0 0 0 0 0 8 21 14 6 18 0 2 0 20 13 7 0 0 0 
0 21 0 0 7 0 9 0 3 13 15 16 0 18 0 0 25 0 12 0 2 0 5 0 20 
0 3 0 0 4 0 19 0 0 0 7 0 24 0 0 10 5 0 14 0 0 18 17 0 23 
0 6 0 25 10 18 0 15 1 24 0 5 3 0 0 0 0 0 7 16 8 9 22 4 14 
0 0 19 0 0 7 0 0 14 0 20 0 2 10 23 11 8 0 3 24 0 12 0 15 0 
0 8 0 0 3 24 11 0 0 0 17 0 22 0 0 0 0 15 9 13 5 14 0 0 0 
0 0 4 0 5 0 0 0 9 0 1 0 6 0 0 12 0 23 0 0 0 0 0 8 2 
24 14 0 12 18 0 0 0 0 1 16 0 0 0 0 0 2 3 19 0 20 0 25 21 10 
0 0 0 19 20 0 0 0 0 4 0 0 15 0 0 21 0 18 8 11 9 0 0 0 17 
9 0 0 0 17 16 0 18 0 0 3 0 0 8 0 20 22 24 0 5 0 0 0 13 12 
2 17 1 7 0 0 0 11 0 22 8 19 18 0 14 0 23 0 0 0 0 20 0 0 0 
13 0 16 0 24 8 0 1 12 0 2 0 20 23 21 22 0 0 5 4 17 0 19 9 7 
10 18 0 6 0 3 7 9 0 16 0 15 12 0 22 13 0 0 0 8 21 2 11 0 1 
0 23 0 4 21 2 24 19 18 0 11 25 10 0 0 6 12 1 0 7 0 13 16 0 0 
20 0 8 0 22 6 0 21 23 0 0 0 0 1 24 16 14 19 0 10 15 0 18 0 3 
