11 0 0 13 0 0 0 15 6 1 12 5 0 9 3 7 
5 3 0 0 10 0 9 0 13 0 2 0 6 14 0 1 
0 0 15 0 0 14 0 0 3 10 7 11 8 0 0 0 
0 0 0 6 5 0 0 0 14 8 0 15 0 11 16 0 
0 5 16 0 7 0 0 0 0 9 6 0 0 13 14 0 
0 11 0 7 14 15 0 0 1 0 4 0 5 16 10 2 
2 12 0 15 11 0 0 0 5 0 0 0 0 0 7 9 
0 14 1 9 13 0 5 6 15 7 0 2 0 0 0 8 
8 0 0 14 0 5 7 16 0 0 0 0 0 0 1 11 
0 15 0 0 0 0 14 2 7 11 0 0 0 10 6 4 
0 6 0 0 15 0 0 8 0 14 0 9 0 0 0 13 
0 13 0 0 9 0 0 10 0 15 5 3 16 8 12 14 
0 0 0 11 4 0 13 0 0 5 0 6 12 0 0 16 
0 0 0 0 0 0 16 0 0 12 15 0 0 3 11 0 
0 16 0 3 0 12 15 5 8 4 0 0 14 2 13 0 
0 0 0 0 0 0 0 11 16 0 3 0 4 1 0 15 
