0 10 17 0 0 0 4 0 1 0 0 21 0 0 0 25 0 0 0 7 19 18 22 24 0 
12 0 0 18 0 0 0 0 0 24 3 7 2 25 19 4 0 0 8 1 0 0 0 10 11 
0 1 22 0 0 9 0 0 18 0 0 10 23 4 8 0 0 11 13 17 7 15 14 16 5 
9 0 0 3 24 5 0 0 0 0 15 20 0 12 17 6 23 22 10 0 0 1 4 2 8 
21 0 0 4 25 0 0 8 0 10 0 1 0 16 11 9 24 0 0 0 3 0 0 17 0 
0 0 21 24 1 2 20 10 0 0 0 12 15 0 3 5 7 19 6 9 11 0 16 0 13 
17 0 0 8 0 16 0 9 0 13 19 0 0 22 0 2 0 10 24 0 5 12 0 1 7 
16 0 3 0 9 0 14 1 19 0 6 0 7 0 0 0 0 0 25 12 17 0 0 15 0 
0 0 11 22 10 12 0 18 3 0 16 0 25 1 24 0 0 4 21 23 0 0 20 9 2 
13 0 18 6 0 23 24 0 15 11 2 14 17 0 0 0 3 1 0 0 4 25 21 0 10 
0 6 20 21 7 18 19 11 0 0 0 2 0 13 10 17 0 15 0 24 0 0 0 0 0 
18 0 0 0 13 25 15 3 0 9 17 0 0 0 23 0 21 5 0 0 10 0 0 12 14 
10 0 25 0 0 1 16 2 13 0 0 3 24 0 0 7 0 0 0 11 20 0 19 6 4 
2 12 9 5 0 0 0 24 10 0 21 0 0 19 0 0 0 3 14 0 15 0 1 11 18 
3 0 24 0 4 6 8 0 5 14 0 18 1 0 0 0 19 12 16 25 22 0 0 13 9 
0 0 16 0 3 0 10 15 0 0 12 0 13 17 6 24 25 0 0 5 0 14 0 0 0 
24 0 13 0 5 11 0 0 25 17 0 4 3 0 0 0 8 0 1 20 9 16 0 0 0 
19 18 1 7 0 24 9 6 0 0 5 0 20 14 25 23 0 13 0 15 12 4 0 0 17 
11 0 6 25 14 0 0 20 21 0 0 24 0 9 0 0 0 2 7 16 0 0 8 0 0 
0 23 0 9 0 13 22 4 0 0 0 0 0 21 7 19 14 17 0 18 24 0 0 20 0 
1 3 0 17 11 14 2 0 0 0 10 0 16 20 0 0 9 24 0 0 6 19 13 4 22 
22 0 10 12 0 0 0 0 24 0 13 0 6 23 4 11 5 20 0 0 0 9 0 14 0 
6 9 0 14 0 21 0 13 11 0 0 22 19 0 0 1 2 25 23 0 16 0 0 0 0 
0 0 0 13 19 0 0 5 0 0 11 15 14 0 0 22 16 0 17 0 8 0 12 0 21 
5 24 2 16 0 10 0 0 0 0 25 0 0 0 18 0 0 0 12 6 1 0 0 0 20 
