10 24 25 5 7 8 2 19 6 0 20 3 18 9 23 13 4 15 12 0 0 21 14 0 0 
1 0 9 2 23 18 0 17 7 0 8 4 5 13 0 0 21 0 6 10 25 19 16 0 0 
0 0 0 21 0 0 0 1 14 20 0 0 0 11 2 0 24 22 9 5 0 8 0 0 0 
3 0 0 14 0 0 22 0 4 0 15 1 0 16 25 18 0 0 20 0 0 7 5 0 0 
20 0 0 0 19 0 15 5 21 13 0 0 17 0 22 2 23 0 0 1 0 4 0 24 3 
0 21 0 0 12 20 0 13 2 6 11 0 22 23 14 10 0 9 0 24 0 0 18 0 0 
6 0 19 11 3 0 0 4 5 21 16 13 0 24 9 8 0 0 15 12 0 1 25 0 20 
0 1 16 17 0 23 19 7 0 0 0 5 0 3 0 21 22 0 11 0 0 13 0 0 0 
0 0 14 8 22 12 0 0 9 25 0 0 0 18 17 7 20 0 0 3 0 0 0 5 0 
18 9 20 4 10 1 14 24 0 22 21 25 0 0 12 0 0 13 0 0 7 0 2 0 8 
21 0 8 9 0 0 18 0 0 0 0 0 0 22 0 5 0 6 23 0 24 0 0 7 0 
15 0 3 19 13 0 0 16 0 0 0 0 0 0 7 17 0 0 2 21 18 20 11 0 10 
0 25 2 0 18 0 0 10 0 4 17 0 8 5 21 0 3 0 24 7 15 0 13 0 0 
22 0 0 0 24 19 7 21 25 0 18 0 2 15 0 16 0 10 13 11 3 9 0 0 0 
0 5 0 0 0 0 0 6 17 0 24 16 3 10 13 0 15 0 0 0 2 25 21 19 0 
0 0 18 0 0 21 0 0 0 0 9 0 0 8 0 11 5 3 0 0 12 23 0 15 14 
14 15 23 13 20 17 0 18 0 5 0 0 1 2 0 24 6 4 21 22 0 0 0 0 7 
0 3 0 0 0 22 4 0 0 10 6 0 0 7 0 25 14 20 0 0 16 0 0 0 2 
0 17 22 7 4 0 0 12 0 0 0 20 14 0 11 0 2 0 0 18 1 5 0 0 0 
8 11 24 10 2 0 0 0 3 14 0 17 4 21 18 0 0 16 0 0 0 0 20 6 0 
17 13 0 0 9 7 21 0 1 12 22 0 16 14 0 6 0 25 0 23 5 0 0 10 19 
0 4 1 0 21 3 0 14 19 0 0 0 13 12 0 0 0 24 0 0 8 11 0 25 0 
2 0 0 20 25 4 6 22 10 15 0 19 11 1 0 0 13 0 0 0 14 12 7 0 0 
0 0 0 24 14 5 0 0 23 0 0 0 25 17 6 4 11 12 0 0 20 16 0 9 1 
0 0 6 22 8 0 11 25 24 17 0 15 0 0 0 1 10 5 19 0 0 0 0 21 13 
