8 16 14 2 0 0 17 0 13 0 0 22 0 18 6 0 25 24 1 20 11 0 10 15 9 
22 21 0 0 0 5 23 0 16 2 24 0 20 0 0 0 0 10 0 0 4 0 7 13 25 
0 25 0 0 10 0 12 0 0 20 8 0 11 0 13 4 0 0 0 15 0 0 0 22 3 
24 20 11 0 7 0 3 25 22 0 16 0 21 23 2 5 12 0 19 6 1 0 18 0 17 
0 13 1 23 5 0 0 11 10 0 9 0 15 0 12 3 18 0 0 0 0 20 0 19 0 
0 22 4 0 6 15 1 0 25 5 0 0 24 0 10 0 2 23 7 19 17 0 0 20 12 
10 0 2 0 0 0 21 12 24 0 0 13 0 0 0 11 5 25 0 0 22 8 0 0 6 
25 0 0 5 0 8 7 6 20 13 12 0 0 11 22 1 0 0 18 0 3 0 14 0 0 
11 7 12 18 0 0 9 2 19 0 0 0 0 0 20 10 3 14 8 22 16 25 0 24 5 
0 0 0 24 8 22 18 10 11 17 0 15 0 0 5 13 0 20 0 12 7 0 0 0 4 
0 0 0 11 0 0 24 0 0 6 15 9 22 14 19 0 0 16 0 0 0 1 0 4 0 
0 0 5 7 14 0 0 0 0 8 0 17 0 0 11 20 0 6 23 4 0 10 21 25 0 
0 0 19 1 0 21 20 0 0 0 10 6 0 0 18 24 0 12 0 0 13 3 9 14 22 
0 9 21 13 0 25 0 0 18 16 4 0 5 20 0 0 1 19 10 17 8 15 12 6 0 
23 24 6 0 0 0 22 5 3 0 1 7 0 0 8 9 15 18 14 13 0 16 11 17 20 
0 0 7 0 0 0 0 19 21 0 13 24 0 0 0 0 0 5 2 0 25 0 0 0 15 
5 6 0 0 0 24 0 22 0 0 0 0 19 0 21 16 7 15 11 9 0 13 0 0 8 
0 4 0 22 0 10 6 0 14 15 0 0 18 0 23 12 20 8 0 1 9 2 17 7 0 
15 11 13 0 23 0 25 8 9 0 7 2 0 22 0 17 0 0 21 0 10 0 0 0 0 
0 18 3 17 12 0 0 13 0 1 0 8 14 4 15 19 0 22 0 10 20 0 0 0 21 
7 2 0 0 24 0 14 0 8 0 0 12 0 0 16 0 10 0 17 25 6 0 0 0 19 
13 1 8 0 25 0 5 18 4 22 3 0 0 0 14 6 19 7 0 0 0 0 20 0 0 
6 5 0 0 11 0 0 17 7 0 20 23 0 0 0 0 0 0 0 0 0 18 8 0 0 
0 12 0 3 16 0 0 9 2 25 0 19 0 6 0 0 0 1 0 21 0 0 0 0 13 
14 15 0 0 0 0 13 21 0 19 22 0 0 0 17 18 16 0 24 5 23 7 25 3 0 
