0 0 2 0 12 3 16 7 0 11 15 14 0 1 4 0 
0 15 12 0 10 0 14 0 1 0 9 4 0 2 0 11 
3 4 5 8 0 0 15 9 0 7 0 2 12 0 16 13 
0 1 0 16 0 0 8 4 0 12 5 13 7 0 0 0 
13 16 8 0 15 4 0 0 2 5 0 9 0 0 12 7 
9 0 7 0 8 6 0 13 0 10 16 3 0 0 0 15 
0 5 0 3 0 0 0 0 12 0 6 8 0 16 13 0 
0 6 0 10 9 0 2 0 7 13 14 15 0 4 11 3 
0 0 10 11 0 8 0 0 13 0 12 0 9 6 3 0 
0 0 0 5 0 0 0 11 16 0 0 10 0 12 0 0 
0 0 0 0 3 0 0 0 5 14 0 11 4 0 0 0 
0 8 3 4 0 0 0 0 9 15 7 6 11 13 10 0 
8 0 0 0 0 16 0 14 0 0 13 0 0 7 0 0 
2 0 0 13 0 0 0 0 0 0 0 0 10 0 9 4 
0 12 4 0 0 0 10 8 0 9 2 0 0 3 0 0 
6 0 0 0 13 0 0 2 0 3 4 12 0 0 0 0 
