0 11 24 0 17 21 5 0 12 0 19 9 22 0 23 0 0 16 0 25 0 0 14 0 7 
0 0 22 0 3 0 0 23 0 6 13 16 18 5 0 0 17 0 1 0 24 0 9 0 25 
5 0 0 0 19 22 13 10 0 24 0 0 3 0 0 9 0 20 0 21 4 11 0 0 6 
25 0 6 1 0 0 2 0 7 3 0 0 0 8 11 19 5 4 0 22 0 12 0 23 0 
9 13 0 0 0 0 15 4 1 14 12 21 10 0 0 23 11 0 0 0 16 17 22 0 5 
10 0 0 0 6 0 0 0 13 11 0 0 8 20 2 0 0 19 5 0 3 0 0 12 0 
0 0 4 2 14 23 6 16 18 0 0 10 0 3 17 0 13 0 0 8 0 19 25 20 21 
0 19 9 0 0 3 12 0 0 0 5 4 13 18 0 0 23 17 0 2 0 0 8 0 11 
0 7 0 13 1 19 0 5 4 8 11 0 15 0 21 0 25 0 0 20 17 18 0 0 2 
17 0 20 0 22 0 21 24 0 15 16 0 19 0 6 18 3 0 0 0 0 13 0 0 0 
13 24 15 9 0 0 22 8 0 0 20 11 1 21 18 2 6 0 0 0 12 16 10 4 0 
0 18 0 0 0 0 0 15 6 0 0 0 17 0 22 0 1 14 0 10 9 21 0 7 13 
21 0 14 16 0 12 0 1 0 0 10 0 7 0 0 17 4 0 20 18 0 6 0 15 0 
0 0 10 20 0 0 0 11 0 0 9 0 16 0 0 15 21 3 0 0 25 1 0 0 0 
1 17 7 0 0 0 18 21 10 0 0 0 6 0 15 0 9 0 19 0 0 0 20 0 23 
16 6 0 14 4 24 7 13 17 0 0 18 12 0 5 25 8 0 0 0 21 0 1 0 0 
0 0 25 10 0 15 0 9 0 18 0 14 0 11 0 0 16 0 3 6 0 5 0 2 17 
18 8 0 17 9 16 0 0 23 0 0 0 4 15 20 0 0 0 11 5 0 0 0 25 10 
22 0 1 0 15 0 0 14 0 0 8 17 25 0 0 0 0 18 2 0 13 24 0 0 4 
0 3 0 0 0 4 8 0 0 0 0 6 2 24 9 0 7 23 0 17 0 14 15 0 0 
14 1 16 24 0 8 11 3 19 0 23 15 0 22 10 0 18 21 0 9 2 25 6 5 12 
0 20 5 11 0 10 23 22 15 16 6 3 0 25 0 12 24 2 17 1 0 4 0 21 18 
8 0 3 6 10 0 4 2 20 0 0 12 21 16 13 0 19 0 14 15 0 0 17 24 0 
23 9 0 22 12 0 24 0 21 5 2 0 0 0 0 0 0 8 25 0 15 10 0 0 19 
4 0 0 15 0 14 25 12 9 0 17 19 0 0 24 0 0 0 0 7 0 0 0 11 3 
