3 12 0 0 0 6 4 0 15 8 5 9 1 10 0 2 
5 1 0 0 0 3 0 15 10 7 6 11 0 0 0 0 
11 0 0 15 10 8 0 0 0 0 0 0 0 3 6 0 
0 0 0 6 13 5 7 1 14 0 12 4 9 8 0 0 
0 0 0 0 7 0 15 2 11 0 9 16 10 0 0 0 
15 3 5 0 16 13 0 10 0 0 0 0 0 2 0 4 
0 4 1 0 0 0 0 8 0 0 0 3 15 0 0 11 
0 11 16 10 0 14 1 6 5 0 0 0 0 0 13 7 
4 0 0 16 0 0 5 3 7 1 14 12 0 13 9 8 
0 10 0 0 0 11 0 14 0 9 0 0 0 0 16 12 
0 0 12 0 9 0 0 13 0 0 0 0 14 0 2 0 
0 0 0 0 0 12 2 0 0 11 8 6 0 0 0 0 
0 0 0 13 0 0 0 9 6 0 1 15 0 12 4 0 
1 0 0 3 12 0 6 7 9 16 0 10 8 0 15 0 
10 16 0 2 0 15 13 5 0 12 11 14 3 7 1 0 
0 0 15 0 0 1 10 0 0 0 0 7 0 0 5 0 
