0 0 10 0 0 6 3 16 0 7 8 15 0 0 13 12 
0 13 0 0 0 0 8 12 0 5 11 10 0 0 3 0 
1 8 0 15 2 11 7 9 0 0 3 4 10 5 0 0 
0 3 0 0 10 13 0 1 0 14 9 16 0 8 0 0 
7 0 14 0 0 0 1 0 11 0 4 0 12 0 0 0 
13 0 0 3 6 7 9 5 0 8 0 2 15 11 10 16 
9 15 5 0 3 12 11 0 7 0 0 0 0 0 14 0 
12 0 0 8 0 0 0 0 10 9 13 3 0 6 0 5 
5 0 0 0 0 9 16 8 0 0 0 13 0 10 6 0 
8 10 0 0 1 14 0 0 9 0 16 7 2 0 5 0 
3 0 0 14 5 10 0 0 8 0 0 12 0 0 1 7 
0 16 13 1 0 3 0 0 5 6 0 14 9 12 0 0 
0 9 0 0 16 4 0 0 15 0 5 0 0 0 8 0 
15 11 1 5 0 0 0 3 16 10 0 8 0 0 0 0 
0 0 0 0 0 0 0 0 4 3 14 0 0 0 0 0 
0 14 0 4 12 0 6 0 0 0 0 11 3 0 9 0 
