0 0 17 16 25 14 0 1 0 19 13 0 0 0 18 12 23 0 6 11 5 3 20 0 0 
0 10 21 1 0 0 0 5 0 12 14 8 22 23 0 3 20 15 2 0 0 0 0 4 0 
3 0 0 11 0 4 8 15 0 13 0 0 12 0 0 0 1 0 19 0 0 22 9 23 25 
0 20 0 0 13 0 22 0 3 0 0 0 10 0 0 0 16 8 0 0 12 11 2 0 14 
19 0 12 7 0 10 17 0 23 2 3 0 0 0 9 25 4 0 5 0 0 0 0 0 0 
8 0 13 25 0 18 0 0 0 0 0 3 14 0 4 10 0 9 0 15 19 0 0 17 23 
14 0 0 0 4 0 9 10 19 22 15 0 0 11 0 1 0 0 0 17 20 2 0 0 0 
23 0 19 10 0 13 0 16 0 0 2 0 8 24 6 0 0 18 25 20 1 9 15 0 0 
7 5 0 0 24 0 15 4 11 8 0 0 0 0 0 0 0 0 22 16 13 18 12 0 0 
15 1 22 0 16 0 24 25 0 3 9 0 13 0 21 6 0 0 7 23 10 0 14 11 8 
13 25 0 24 3 0 0 0 15 0 16 22 21 6 2 5 0 20 4 19 0 0 17 18 11 
0 19 0 0 22 16 0 11 13 0 23 0 0 17 15 0 0 0 0 8 0 7 0 0 0 
20 18 15 2 0 0 3 0 22 21 25 0 4 0 19 11 17 6 10 1 0 0 0 0 12 
0 16 8 4 0 20 10 0 17 6 11 0 0 0 0 0 0 0 0 18 23 0 0 0 0 
11 17 0 0 9 2 0 19 14 0 0 24 0 13 8 0 0 0 0 25 22 20 0 3 21 
0 21 0 0 15 11 2 0 6 17 18 0 9 16 0 14 10 25 0 24 0 8 4 0 7 
6 0 24 8 17 0 16 18 25 7 5 0 11 10 1 13 19 23 15 4 0 0 0 9 0 
0 0 0 3 0 9 0 14 24 15 8 0 19 0 0 0 0 0 0 5 6 0 22 2 0 
18 0 16 19 11 0 20 12 5 4 0 0 24 0 0 8 9 7 0 0 25 17 0 10 13 
25 0 0 0 14 19 1 23 8 10 0 0 0 3 17 16 0 0 20 0 11 15 24 5 0 
17 0 0 21 0 0 6 0 7 9 0 23 15 2 13 20 18 1 3 10 0 0 11 12 0 
0 13 23 14 20 0 0 0 4 18 1 0 0 8 0 0 25 0 16 0 24 21 0 0 0 
0 7 3 0 12 5 0 13 0 0 24 0 20 9 10 23 15 4 0 6 2 0 0 25 17 
2 8 11 0 10 12 0 17 0 16 0 0 0 0 0 19 0 0 24 7 0 0 3 0 0 
0 0 0 0 1 22 25 0 10 0 21 0 0 12 11 0 8 0 0 2 7 23 13 15 0 
