25 0 0 0 21 4 12 0 14 22 15 0 7 9 10 0 0 3 17 18 6 8 0 23 24 
0 0 20 5 0 8 0 0 0 0 0 12 4 14 0 23 9 11 0 24 25 0 2 15 1 
16 0 23 19 12 0 0 11 6 10 25 20 13 24 0 22 0 1 14 0 0 0 5 0 0 
0 0 0 24 3 15 20 0 5 1 2 0 23 18 0 0 0 0 0 21 11 13 12 0 22 
0 14 15 22 13 0 24 18 0 0 1 0 11 6 21 0 12 0 0 0 4 10 0 20 0 
0 0 5 11 22 0 0 15 1 16 0 4 9 0 0 0 10 24 0 0 0 0 0 18 0 
0 3 16 7 0 24 0 0 0 0 0 11 12 5 25 6 0 15 0 22 0 0 17 13 0 
4 0 0 0 25 5 0 8 19 0 0 0 0 13 0 0 2 0 0 0 0 0 22 0 10 
0 24 1 0 0 0 0 25 4 14 0 0 16 21 0 8 0 0 0 11 0 2 0 0 15 
21 17 10 8 0 13 0 3 22 23 0 2 19 15 0 0 1 4 0 16 5 9 11 6 0 
0 0 24 18 1 0 13 0 2 0 0 9 17 0 3 0 21 0 22 0 0 0 20 0 0 
2 0 0 3 5 0 0 20 9 4 11 15 6 22 1 0 0 0 0 23 7 21 0 0 0 
0 0 0 21 16 14 0 17 0 25 18 24 0 0 0 0 15 0 6 12 8 1 3 9 2 
12 13 6 0 10 0 0 22 24 0 14 0 0 0 4 0 0 0 1 0 23 0 0 0 25 
0 0 4 23 7 3 21 0 0 6 0 8 0 25 12 18 11 17 10 0 13 24 0 22 0 
24 9 13 12 8 1 25 0 0 20 16 0 0 17 14 19 0 7 0 4 0 3 23 0 0 
20 0 0 4 17 0 0 0 0 0 0 0 0 0 11 0 0 22 15 6 0 0 0 0 18 
6 16 21 14 23 22 15 0 17 18 9 0 25 19 0 24 0 0 2 8 20 12 1 7 11 
0 18 25 10 0 16 3 12 0 7 24 23 15 8 20 0 0 14 0 0 0 6 0 2 0 
0 0 7 1 0 0 0 0 0 19 4 0 21 10 0 9 0 12 25 20 0 14 8 0 0 
0 0 8 15 4 0 1 0 0 11 0 0 0 0 9 20 0 0 12 14 0 5 0 10 0 
9 0 14 13 0 0 7 23 12 3 20 16 8 4 0 11 0 18 5 10 2 0 25 1 0 
1 0 18 0 0 20 0 16 0 24 0 0 0 11 19 17 22 0 0 7 9 15 14 0 3 
5 10 0 0 24 0 22 9 15 8 0 0 0 2 0 1 0 0 4 0 12 23 19 0 0 
11 0 0 17 20 10 2 0 0 0 13 25 1 12 23 15 0 9 0 3 0 0 6 24 0 
