6 0 11 12 0 0 16 0 0 13 8 4 1 7 0 10 
3 7 0 4 0 11 0 5 16 0 0 9 0 15 0 13 
13 0 0 0 7 2 10 4 0 14 0 3 0 11 0 12 
14 0 16 0 0 0 0 1 12 10 11 7 0 0 9 0 
0 0 9 5 3 12 14 0 0 7 0 1 2 6 10 15 
0 0 0 0 5 0 15 9 3 0 0 11 8 0 13 0 
12 13 0 0 0 0 0 6 0 0 0 0 0 9 0 16 
15 8 0 3 11 16 0 0 0 0 0 10 0 0 0 1 
0 15 3 16 0 0 4 11 0 0 0 0 6 0 0 14 
0 0 0 0 14 15 1 0 0 8 3 5 0 0 0 0 
0 0 0 0 0 0 12 0 6 0 0 16 0 13 0 0 
9 0 5 0 13 0 0 0 0 0 14 0 12 2 4 3 
10 6 0 9 16 0 7 15 11 3 0 0 0 1 5 0 
5 0 0 13 2 0 0 12 8 0 0 6 7 0 15 0 
4 0 2 0 10 6 0 3 1 15 0 0 0 0 14 0 
0 0 15 0 4 14 0 0 7 5 12 0 10 3 0 6 
